3.658090672412559474e-01 2.285767296275309501e-01 -2.670351303061017312e+00
2.208652782283508920e-01 9.884751665596099857e-01 -2.734692986171249451e+00
4.144159655397133823e-01 6.648341320803277110e-01 -5.120171583170547436e-01
8.324892059536999067e-01 2.052291952528423336e-01 3.756518800787818080e-01
9.870825158631656437e-01 4.456867227704012224e-01 -2.074482407071879475e+00
4.918742667153240822e-01 1.857130842732308551e-01 -2.896704090880478422e+00
5.534674960490124640e-01 4.271295415395648387e-02 -2.559059577799136065e+00
8.729257201417153222e-01 2.345175721249274092e-01 2.031387918618053234e+00
1.248778520308587714e-01 9.600370521623928788e-01 -1.980554587347563622e+00
5.520934058754888296e-01 7.330571339811511322e-01 -7.782556425775069009e-01
9.649520893732044247e-02 9.953531378552686881e-01 -2.300892869316457645e+00
7.474698009891905803e-01 4.730822212346775801e-01 -2.917211889560627824e+00
2.985955751519560053e-01 3.749797785229829206e-01 2.961297111887988720e+00
1.992525398871825004e-02 5.632923772765660031e-01 2.957618669937501998e+00
3.942205907163884859e-01 1.790684018832361390e-01 1.554977261287494805e+00
1.114468132688195556e-01 1.063097256170784100e-01 1.625421235920788021e+00
1.143323857814808608e-01 5.012802617728907562e-01 -7.311345357768925801e-01
6.403507980890760232e-01 3.110158053031222281e-01 -9.636023538262077359e-01
7.240271953524526349e-01 2.239313453558813283e-01 1.392207880963579392e+00
8.750825112445481668e-01 1.408631825051317454e-01 -6.075993175955924919e-01
5.549592369269785719e-01 9.127107891513419613e-02 -3.731345051707029015e-01
3.018748426927971851e-01 9.915018864761560025e-02 5.053816469621308372e-02
6.010425432152666225e-01 8.590957068026143784e-01 2.561364625597231104e-01
3.429950439544875440e-01 1.696115641518867179e-01 -4.615931052170192395e-01
2.235876811950179288e-01 5.463832079694105337e-01 -3.097362845950246246e+00
1.815683105277192677e-01 7.142430505210219938e-01 -2.056424771488554626e+00
4.686740895242985649e-01 8.612931448297607151e-01 5.362623093996559120e-01
5.225118983136500805e-02 5.226207699216101066e-02 1.916198762067145012e+00
2.893484318654421239e-01 9.223881700940043116e-01 -2.955096133228227728e-01
4.049793669655828987e-01 2.597764710539285371e-02 1.681300301746700754e+00
6.143849829109881977e-01 9.727564014942551296e-01 2.091122149530036722e+00
9.639628869300543856e-01 8.120147072784400510e-01 -4.009856753613978420e-01
7.998003855946158591e-01 2.309823887549258270e-01 1.104549354642919923e+00
1.094756295506297272e-01 2.875619596810745637e-01 3.044808354991155319e-01
6.157883547753311149e-01 7.253953995371338337e-01 -1.393766609398887635e+00
7.437219704814133081e-01 6.636271578256581760e-01 3.206277340068455217e-01
1.661034261176232985e-01 4.465309116882488771e-01 4.163786367720416770e-01
7.366568846376448931e-01 5.049853211736269332e-01 -1.964893794724185128e-01
6.227694100605806193e-01 5.554488951905228733e-01 2.156697098689797087e-01
3.417662280561246657e-01 6.696841704616843804e-01 -1.362020308341231223e+00
7.181666985952932514e-01 5.195138247769243156e-01 -2.203038139086605618e+00
3.203969749663126976e-01 6.967224252177033339e-01 -6.922039509396729073e-01
3.343960373568377609e-01 3.295178255648421040e-01 -4.620100783622942409e-01
1.895199229911526118e-01 5.238749173788868063e-01 -7.923010259860872040e-01
1.110305918172446171e-01 8.957131252996368698e-01 -2.361992910363878373e+00
4.188383153826968908e-02 6.576754908297940405e-01 -5.358802447566839433e-01
1.793347953850219501e-01 4.448166643726712000e-01 1.513695797270613319e-01
8.106370083687669537e-01 1.512973941391957400e-01 1.557344577315198819e+00
