3.659298113403992025e-01 2.135772156066527427e-01 4.720438673927382922e+00
2.259640719080740767e-01 2.581984167122186591e-03 1.223964943871733491e+00
4.267301663903389497e-01 6.562690601360616771e-01 5.675456023973846520e+00
8.376418901732203270e-01 2.193164180215041725e-01 1.220142116533152743e+00
9.726838937909630944e-01 4.414820013263716092e-01 3.425714656540777003e+00
4.956247217188710086e-01 1.764430202353522714e-01 -1.186350469679372077e+00
5.632950253507903460e-01 4.086371976570377790e-02 -1.859939569554939220e-01
8.734161332416716661e-01 2.495095531478406792e-01 1.538096292794027597e+00
1.338303985304021004e-01 9.720724961165441158e-01 9.312438397862383699e-01
5.604127815154924530e-01 7.275084414360092344e-01 -5.882058000883767512e-01
9.099317574440826673e-02 9.307622107439739167e-03 1.946365632351328312e+00
7.527332559926634969e-01 4.590360103069427988e-01 5.070917822142958720e+00
2.889690964542580565e-01 3.864832957191611240e-01 2.267594173307458938e+00
1.802858584205505391e-02 5.484127721090411578e-01 4.585605052539243331e+00
3.926034541544212719e-01 1.641558276809078065e-01 4.604369935683219950e+00
1.120891818919243776e-01 1.162890724169471507e-01 1.506515204692230991e+00
1.006316388181039551e-01 4.951737461833324860e-01 3.560870590835667482e+00
6.503219778618199998e-01 3.102571394085267831e-01 -7.593955666204110777e-02
7.179309037287684436e-01 2.376366446389687748e-01 1.989328153835173030e+00
8.889032142065523834e-01 1.466931198663773139e-01 6.682364818015490648e+00
5.648733229094079489e-01 9.257909234510991459e-02 1.311772240160027914e-01
3.108713704883510065e-01 1.035162495294435214e-01 4.518227362090732613e-01
6.109757445145084231e-01 8.602496183888035386e-01 1.156487797499564651e-01
3.388339418988143281e-01 1.552002758790683445e-01 4.431295057320396857e+00
2.384106041823287336e-01 5.486812406306782464e-01 1.538078960417997854e-01
1.668431809653946885e-01 7.113846314872280807e-01 3.333326514418467390e+00
4.743595131408863130e-01 8.695196847038478838e-01 9.660634316621057316e-01
4.357792540484930338e-02 6.450031559858379615e-02 2.187338728725775727e+00
3.042264755048171287e-01 9.204792915057087299e-01 -1.276045868313981368e-01
4.148587337351203330e-01 2.442906316095856678e-02 -1.554841170847221232e-01
6.232954265320043152e-01 9.772955638042736259e-01 4.711555460553993879e-01
9.499450617573532707e-01 8.173533004852302497e-01 2.777709056477791094e+00
8.020043558333924683e-01 2.458195891372953745e-01 1.423331095345486741e+00
1.061498416328172378e-01 2.729353013229350311e-01 4.488811785716984026e+00
6.257040119719886606e-01 7.266914482855894031e-01 1.299704832165689550e-01
7.539528261715855439e-01 6.745966424009183227e-01 8.202245025251962973e-01
3.091755613385001045e-01 3.091755613385001045e-01 1.929537117238422361e+00
2.567403751161165815e-01 2.567403751161165815e-01 2.777658378011412132e+00
6.088584851262600628e-01 5.610601488358055722e-01 2.758184245989288019e+00
2.743824263905895178e-01 2.743824263905895178e-01 -2.466773067103247286e+00
7.169885368655578572e-01 5.045601651934448206e-01 -1.649421425906240746e+00
3.290198061827686593e-01 6.844486001491881799e-01 -9.583688896065483132e-01
3.201382357533133494e-01 3.341777712120075350e-01 2.825702142339163281e+00
2.012274918161954529e-01 5.332521681597331975e-01 6.753237682019785915e-01
1.180567640664807877e-01 9.089657817700983466e-01 1.083304367843105576e+00
3.946117796521442928e-02 6.428724252802208161e-01 -1.733017118602786732e+00
1.928440238850617772e-01 4.382974048032329817e-01 -4.496133065793704864e-01
8.140895359790762953e-01 1.658946559748980532e-01 1.338545491008457100e+00
