3.697882503499305140e-01 1.990819595409694942e-01 4.972542871109986606e+00
2.204454423385908413e-01 1.652991332075733413e-02 1.947555233721824930e+00
4.411353822008544090e-01 6.520869844011574212e-01 6.000635713054929710e+00
8.398247577461547264e-01 2.341567377336610245e-01 1.424753226454712918e+00
9.676692992715781871e-01 4.328301898509547274e-01 -2.096081153767746841e+00
4.978225642130265638e-01 1.666875351950847239e-01 -1.349203020043945767e+00
5.725905993356831258e-01 3.717694552642847317e-02 -3.775858165979024683e-01
8.854871748245837226e-01 2.584140438746374002e-01 6.355655342846175948e-01
1.297399803644499472e-01 9.865040060592925597e-01 1.846988939820516595e+00
5.704096880531047686e-01 7.277571574954918576e-01 2.487417091156263194e-02
9.942193922968772801e-02 2.171552064463046217e-02 9.740941878142638233e-01
7.646180437938605579e-01 4.498844083203769051e-01 5.626989930218287306e+00
2.767212203184313823e-01 3.951429452594975023e-01 2.526162301073007210e+00
7.419456256828473040e-03 5.378086988612806874e-01 3.926752458950969249e+00
3.918708363994968247e-01 1.491737293223610594e-01 4.663528357723941475e+00
1.113837501051816864e-01 1.262641596844477632e-01 1.641398144685851879e+00
8.643381152120294120e-02 4.903341490877704545e-01 3.470109774653239665e+00
6.587445215160231404e-01 3.156479425391412463e-01 5.693447924434429375e-01
7.124009926588579233e-01 2.515801048823546049e-01 1.948364193049839876e+00
9.038891842698015822e-01 1.473417347470271921e-01 6.326439785788428694e+00
5.738226750352348748e-01 8.811713128208414902e-02 -4.625103445923462453e-01
3.164331002624501954e-01 9.520558397728112743e-02 -9.810226140193818445e-01
6.208895471774891206e-01 8.615597774476496662e-01 1.313936493652069215e-01
3.395227691534802861e-01 1.402161003257311189e-01 4.758326952787609976e+00
2.533414788366164516e-01 5.472428449765036618e-01 -9.604061878556841014e-02
1.811729673377734107e-01 7.158182781265070016e-01 3.000588656143045041e-01
4.831566114618525143e-01 8.742747936543613374e-01 4.955446946781774109e-01
3.679037165418868466e-02 7.787675436538166185e-02 2.040367127702694017e+00
3.191252229981116906e-01 9.222192119438464841e-01 1.162563971504606136e-01
4.225820799773446490e-01 1.807690425057859387e-02 -6.882880183546141728e-01
6.330048894621453925e-01 9.749025887504511045e-01 -2.416422710342069624e-01
9.351210566832045545e-01 8.196443425105132130e-01 2.988256350142049378e+00
7.999402624178378884e-01 2.606768943563404495e-01 1.708840570366355616e+00
9.959226526301968863e-02 2.594446307630898785e-01 4.259937383591615223e+00
6.332607697481499320e-01 7.332409071878519535e-01 7.141110137707415983e-01
7.609524051230529551e-01 6.878633637178893645e-01 1.085309941960865610e+00
8.234014715757659308e-01 8.234014715757659308e-01 4.345265045844302065e-01
2.467694136610037170e-01 2.455341300866406562e-01 3.985255603607523955e+00
5.983143781131284866e-01 5.717288791864907349e-01 2.350319655926829565e+00
2.622275238697864275e-01 2.655927537738321242e-01 3.767679320932732612e+00
7.249401597026903232e-01 4.918412149908537034e-01 -1.012068174474312521e+00
3.440113369988951897e-01 6.839446122632942826e-01 -3.360551732669952996e-02
3.051678269170794988e-01 3.351195032736954404e-01 3.078769199172061821e+00
2.146414605536064169e-01 5.399652481318295560e-01 4.640110805700308760e-01
1.279291899242857578e-01 9.202589304754924537e-01 8.524218497917475101e-01
2.918566163141435299e-02 6.319447647769929066e-01 -2.325447274762326266e+00
2.018781680174707716e-01 4.263230889649539668e-01 -9.244468272859724944e-01
8.204866067134763963e-01 1.794621718130713084e-01 1.130208330207798317e+00
