3.815320152032232737e-01 1.897500793943663888e-01 5.611730877775905846e+00
2.291046142740387204e-01 2.877812712491473190e-02 9.554049686555475818e-01
4.544395476540512568e-01 6.451588402345018736e-01 5.803075830788591460e+00
8.489658869480288805e-01 2.460495825117048341e-01 9.154818435878109284e-01
9.653264000149479607e-01 4.231085221404597418e-01 -1.807284426694036661e+00
5.031550529914018410e-01 1.582279510783268506e-01 -1.008359919491686130e+00
5.825900661675782466e-01 3.707368334638017071e-02 -1.032640152908054221e-02
8.865337194360902728e-01 2.733774908163058570e-01 1.500969957533524024e+00
1.355035419651363926e-01 3.525206971550787216e-04 1.176414612137726801e+00
5.779888278797404855e-01 7.342807025047873859e-01 7.106868537602512026e-01
9.469475439677461914e-02 3.595117038587782726e-02 1.891406453098306129e+00
7.769708569695246148e-01 4.413751188878131670e-01 5.679978858926795660e+00
2.759793423496170184e-01 4.101245879290911223e-01 1.620275044077833737e+00
8.826543616665386352e-03 5.228748411827774945e-01 4.806332926578690490e+00
3.897630633886889906e-01 1.393983882574718058e-01 -1.783166383658026932e+00
1.036580855997004391e-01 1.326134988586254448e-01 2.453669672999349238e+00
7.143388408034541392e-02 4.903808049449509543e-01 3.138482258095811162e+00
6.592650693206268953e-01 3.006569775941111411e-01 4.747099136708612832e+00
7.064932964282115702e-01 2.653677488161964582e-01 1.975608819865012133e+00
9.184673488376612349e-01 1.438094383505734153e-01 6.045466267688056838e+00
5.835158142556599037e-01 8.565886928354589369e-02 -2.483719558272527994e-01
3.237503213719999939e-01 8.838955322368566292e-02 -7.499512308377173087e-01
6.308819082932656253e-01 8.619505706562883285e-01 3.908927465228517750e-02
3.347129775108597105e-01 1.260081481736939624e-01 4.385970407052115050e+00
2.658168748803820258e-01 5.555713798747434762e-01 5.886462889266341758e-01
1.665110886854316297e-01 7.189851874059155490e-01 2.928864555274772741e+00
4.913470162228553151e-01 8.800121510470066966e-01 6.110597243905802056e-01
4.074494993063328824e-02 9.234607745443708382e-02 1.304004057977275588e+00
3.329881752259947758e-01 9.279479601079249074e-01 3.918691505650541140e-01
4.290227040046126206e-01 1.042717470376593181e-02 -8.709993376111737629e-01
6.421158479465863822e-01 9.790245343462580241e-01 4.248614568168359029e-01
9.298864213926032463e-01 8.281648233287763894e-01 2.121707171042926277e+00
8.017636405655402809e-01 2.755656583121052772e-01 1.448936407421371531e+00
8.627542983855399084e-02 2.525408713323379906e-01 3.619870138073667754e+00
6.432538322217470350e-01 7.336133348973276069e-01 3.725138576178921301e-02
7.674717335776405358e-01 7.013725589752392020e-01 1.121177921091311314e+00
8.301863952633924404e-01 8.307475460753258600e-01 8.250879374210919881e-01
2.331593552604648290e-01 2.392280766192237118e-01 3.575482706798132071e+00
5.893796516070711755e-01 5.837775580460984326e-01 2.208869001532876908e+00
2.507087583043079992e-01 2.559845260575699943e-01 3.836804994633464361e+00
7.383188152686774863e-01 4.850580317228974092e-01 -4.692440980667524353e-01
3.568939317359897112e-01 6.762609443345128923e-01 -5.377962026835512166e-01
3.000722756287486082e-01 3.492274923957492949e-01 1.917397873560816812e+00
2.291844466279735204e-01 5.362908017734288046e-01 -2.474816230301243314e-01
1.195078155958632232e-01 9.326718452991986652e-01 2.166903065735152456e+00
2.654946409257491133e-02 6.171782329385341326e-01 -1.747460348974865685e+00
2.165857515091489938e-01 4.233757193180799350e-01 -1.977781790747215607e-01
8.313345876361322162e-01 1.898217717040755759e-01 7.623736265021888725e-01
