3.873170570730878337e-01 1.759105241065721525e-01 5.108322284945124636e+00
2.323982990419351247e-01 4.341204801610883124e-02 1.349413424780206761e+00
4.694384311326958437e-01 6.453418549717282460e-01 6.295386592396083891e+00
8.585280699206566668e-01 2.576066001545912476e-01 8.795747220230687446e-01
9.691441532142034410e-01 4.138659705171484071e-01 -1.179079979059224792e+00
5.062555146122384997e-01 1.487207360424859792e-01 -1.255554739947817966e+00
5.925646600875015269e-01 3.778605693701201501e-02 7.129774917364234410e-02
8.999805289734551517e-01 2.800245437923120639e-01 4.590948519761216540e-01
1.398620486403047147e-01 1.470533991717290836e-02 1.275976859113093331e+00
5.879885451329960322e-01 7.342055037352346325e-01 -7.519947830103457243e-03
9.411448815559014802e-02 5.093994255338180066e-02 1.609490397812340712e+00
7.838056234165322600e-01 4.280227420351753187e-01 5.185492496540160978e+00
2.905553767247704422e-01 4.065835115539834788e-01 6.044863954559467345e+00
8.532043934856639589e-04 5.101694934255492919e-01 4.151952511020292391e+00
3.855775790558910177e-01 1.303164434822651763e-01 -2.002642757669672591e+00
9.582517850121803626e-02 1.388300546885480047e-01 2.470738093412339964e+00
7.343600306556882784e-02 4.755150214281292365e-01 4.846263109532888969e+00
6.692622657784390583e-01 3.008937538258309452e-01 2.367983612733037813e-02
6.978707930898722100e-01 2.776418042250793361e-01 2.183197050628750802e+00
9.321331143366702321e-01 1.376250343108866292e-01 5.858215140065036408e+00
5.923836209827152421e-01 8.103696449746554398e-02 -4.804637599707965445e-01
3.314060915312230238e-01 8.195611065619895497e-02 -6.988585736609147503e-01
6.408529370618482046e-01 8.611899227113767319e-01 -7.613833608063783065e-02
3.344251102864981839e-01 1.160122924093715119e-01 -1.599587026522440780e+00
2.807829056097295717e-01 5.545624575743532958e-01 -6.731230658951925516e-02
1.802844279289820550e-01 7.249261575356228393e-01 4.072270573605711874e-01
5.003099854996939655e-01 8.755776069055591915e-01 -4.594491109809919482e-01
3.444729196525108533e-02 1.059600226633417436e-01 2.004069607989167778e+00
3.429860107424936855e-01 9.281560105466007959e-01 2.080654507003637521e-02
4.366628448236514193e-01 3.975179022950825827e-03 -7.012844643785181020e-01
6.518960205488821824e-01 9.769392948230131157e-01 -2.100654917186489667e-01
9.320080470017064744e-01 8.379371672019112482e-01 1.357008956728650073e+00
8.008133660657007491e-01 2.905355273287317797e-01 1.634190413052575286e+00
7.670657977562593544e-02 2.496362012179873247e-01 -2.846877798094135326e+00
6.502626863307757743e-01 7.407460737877084034e-01 7.941582523353098999e-01
7.726485003894320025e-01 7.099283222595016429e-01 1.026663115490054068e+00
8.398837280355411217e-01 8.331892129457675322e-01 2.466602776328042923e-01
2.261400356391449762e-01 2.259717893541651479e-01 4.225414026397867673e+00
5.752123437885453550e-01 5.887057817803800219e-01 2.806826568792795573e+00
2.414019352246546402e-01 2.442208937884096098e-01 4.043066395466331286e+00
7.502148544515254702e-01 4.759210600276285175e-01 -6.549649496543733518e-01
3.718697339051665884e-01 6.771126187967791976e-01 5.680884856890733303e-02
2.908627787783945040e-01 3.610674741424969580e-01 2.231872235788493697e+00
2.377693846634079122e-01 5.485911610741871502e-01 9.614528699673090539e-01
1.179673572492015987e-01 9.475925352323820716e-01 1.673674931877623839e+00
2.782653820582530260e-02 6.022326957548372883e-01 -1.485554861133640214e+00
2.285160465939861385e-01 4.142835216085758998e-01 -6.512065928246449920e-01
8.433531150141452271e-01 1.987970154146359303e-01 6.414396767759747986e-01
