3.870465075830310520e-01 1.659141846278714694e-01 -1.597854577457916925e+00
2.311788517085555383e-01 5.836239745018940994e-02 1.652182632765754944e+00
4.842213291207329573e-01 6.427990362453366302e-01 6.112841440898806766e+00
8.692051921906088774e-01 2.681422092984656613e-01 7.787271211791079173e-01
9.541816894684422845e-01 4.128054618388331543e-01 3.212352265347344638e+00
5.071594795270844003e-01 1.387616774809186382e-01 -1.480276267511853261e+00
6.006838430809525731e-01 3.194834612549911357e-02 -6.233656335224958545e-01
9.081473171403807720e-01 2.926064184950963876e-01 9.950600220758671899e-01
1.477784481585172338e-01 2.744624328655941720e-02 1.014835142190572803e+00
5.978588361643467630e-01 7.358109179984195780e-01 1.612391699032393322e-01
9.917894375561976672e-02 6.505912416831008405e-02 1.226398024272761900e+00
7.858491988306762766e-01 4.131626007327950934e-01 4.849052351737843658e+00
2.905522300338042596e-01 4.215835112239280091e-01 1.571006106194180019e+00
9.996469825738376613e-01 4.952180711212397224e-01 4.631887271686855101e+00
3.842298680627834195e-01 1.204076758959779225e-01 -1.705978777397048507e+00
9.788668030179195623e-02 1.536877197246911408e-01 1.432926514828238629e+00
8.253632237539496042e-02 4.635909202687459874e-01 5.364276504298524983e+00
6.633463043034698581e-01 2.871096542967837006e-01 4.306976942778234729e+00
6.832021252926590016e-01 2.807771168179481469e-01 2.931019078673886114e+00
9.452128168869435854e-01 1.302819163630138388e-01 5.771621794745160017e+00
6.023194077540597879e-01 7.990553123192330187e-02 -1.133861269186121623e-01
3.289045895960762689e-01 7.227404021292820058e-02 -1.823631704239051299e+00
6.505711340725645053e-01 8.588326686179652558e-01 -2.379649449675559358e-01
3.364410739344032564e-01 1.062176055552487564e-01 -1.367808851271131942e+00
2.957786523562965231e-01 5.542052748300524412e-01 -2.381443385866488516e-02
1.778944465437333200e-01 7.397345331716662642e-01 1.730810392199755965e+00
5.100895083203814684e-01 8.776658917040608410e-01 2.103768744029180238e-01
3.368704439267750095e-02 1.209407443959017586e-01 1.621501222440202117e+00
3.525242690251133015e-01 9.251524078874532320e-01 -3.050703377498919511e-01
4.434482920294052222e-01 9.966295880856654854e-01 -8.250166700580624513e-01
6.599478497102629904e-01 9.710090294701020364e-01 -6.348124780229378317e-01
9.351549947871847790e-01 8.474290963859850701e-01 1.250661248815859938e+00
7.907724437670797801e-01 3.016791299505528490e-01 2.304190203965304384e+00
7.043866818879421232e-02 2.574280741853591792e-01 2.248224492713903899e+00
6.561104702594193760e-01 7.488580046998831730e-01 9.461894826079830789e-01
7.824578254471669103e-01 7.118718093090327104e-01 1.955934514333192153e-01
8.471446977257423017e-01 8.400651360952784419e-01 7.581678963725788645e-01
2.236714715501877393e-01 2.111763106076456342e-01 4.547065976615053629e+00
5.829514181534481976e-01 5.950387690671590235e-01 6.858082495960378111e-01
2.430618812184145716e-01 2.293130240781592333e-01 4.823279169627807228e+00
7.607065452053654031e-01 4.652007790086537531e-01 -7.961742203943156238e-01
3.866339097702282124e-01 6.744632583030880646e-01 -1.775554978677238438e-01
2.968166334845898646e-01 3.748352486226921854e-01 1.162633608249574069e+00
2.510698788245882551e-01 5.416559714539671555e-01 -4.806391169503484995e-01
1.212447622459492252e-01 9.622301107313263602e-01 1.350525753938460971e+00
1.445594534765000903e-02 5.954336335679683012e-01 -2.671161313414719629e+00
2.433566392396431244e-01 4.121025103922655863e-01 -1.459180127687988993e-01
8.438948103681098711e-01 2.137872310949886778e-01 1.534675449117608004e+00
