3.878613661181818384e-01 1.559474396442927235e-01 -1.489220025841912376e+00
2.399005542873209329e-01 7.056616343153947202e-02 9.502904128971962905e-01
4.992049015732771267e-01 6.435008599834363130e-01 6.329990644231752839e+00
8.797686106520790084e-01 2.787918191696239778e-01 7.894612765950568267e-01
9.392336445144888746e-01 4.115580837668004754e-01 3.224847336180845847e+00
5.092473423852907910e-01 1.289820645701065804e-01 -1.360462597477831048e+00
6.062443519716017581e-01 2.363686365382106774e-02 -9.811695124161525783e-01
9.212555473630108516e-01 2.998984895610232737e-01 5.076650132488343958e-01
1.532752504934417892e-01 4.140278885094489381e-02 1.195601844952299153e+00
6.055211879582426127e-01 7.422365203037744052e-01 6.978349153467617860e-01
1.023891205016607825e-01 7.971159035182941166e-02 1.355116265169420631e+00
7.941495692596882705e-01 4.006684480708022633e-01 5.298779364920311430e+00
2.962616085181158376e-01 4.354544519751128440e-01 1.180323999721736516e+00
9.849444613420269556e-01 4.922455520837643039e-01 3.341081087334311306e+00
3.873217239958225977e-01 1.108976587093830207e-01 -1.256459780924279457e+00
9.017123455838681190e-02 1.665513077537198738e-01 2.111061073943879762e+00
8.860171771995556389e-02 4.498719196012708754e-01 5.128667603798415797e+00
6.500376024678858888e-01 2.940290802449042618e-01 2.662138365392423989e+00
6.753547640368923188e-01 2.935606578501305242e-01 2.121347944554072384e+00
9.560485623185628334e-01 1.199095192947781940e-01 5.519631332287408654e+00
6.100994063261526712e-01 7.362288670766180265e-02 -6.793204154146903484e-01
3.376184919352810399e-01 6.736813499341956502e-02 -5.127673017117074794e-01
6.602530210358665830e-01 8.563304566305746102e-01 -2.529087149576328963e-01
3.373115404111198257e-01 9.625556318869998851e-02 -1.483639375472252331e+00
3.101989864681440889e-01 5.583349193792460641e-01 2.789117708720231237e-01
1.734793278970037100e-01 7.487070872860364101e-01 2.028079291107236504e+00
5.194031425479544994e-01 8.740249828237149909e-01 -3.726565078883911641e-01
2.969375461579575048e-02 1.353994316377592211e-01 1.840264996573826917e+00
3.618300058917493511e-01 9.214913614019615284e-01 -3.748195881763464188e-01
4.514536813601370824e-01 9.906367805913932623e-01 -6.426023483701506223e-01
6.689171165842788813e-01 9.665872366501384594e-01 -4.580269437479197459e-01
9.362171921720726653e-01 8.573725231954676396e-01 1.464375827608898284e+00
7.821611772455873135e-01 3.139610715273485897e-01 2.182281851293198294e+00
7.858793724425885974e-02 2.632237116707136781e-01 6.181932628222711612e-01
6.654844709549583293e-01 7.523405484483571826e-01 3.557082593025663875e-01
7.907017411190423450e-01 7.175320084570315782e-01 6.016699016658166865e-01
8.502727371886416030e-01 8.495633132424232903e-01 1.252652634856634251e+00
2.257410001376073394e-01 1.963197614987222117e-01 4.850799058138708375e+00
5.921064107910208874e-01 5.990619655334018523e-01 4.140491901158665500e-01
2.319835102771818092e-01 2.192001759487522961e-01 3.881459905360641116e+00
7.667832816456905398e-01 4.514867980317519569e-01 -1.153690881472746010e+00
4.010810274771631767e-01 6.784982043946692354e-01 2.723508787979251333e-01
2.895185413934902585e-01 3.879401275549764772e-01 2.078920730422129548e+00
2.612720135210031547e-01 5.526521729634069624e-01 8.228395792661592489e-01
1.221784031782661289e-01 9.772010263549447684e-01 1.508513338059295439e+00
9.996391813983490637e-01 5.977710479665495624e-01 -3.298057913336074343e+00
2.550647040008455768e-01 4.214791419594910993e-01 6.752708792960691042e-01
8.464817106461760554e-01 2.285624788746822844e-01 1.397469761982210956e+00
