3.890811039478648259e-01 1.460221064193153173e-01 -1.448518054589309934e+00
2.403420054785774529e-01 8.555966605253294277e-02 1.541361997344074197e+00
5.141337053900515430e-01 6.420411282956730581e-01 6.185715602010644076e+00
8.898663552300808410e-01 2.898839584780457113e-01 8.322915650072333360e-01
9.530495990543937923e-01 4.057169023664944918e-01 5.883192091687882375e+00
5.168486905273917964e-01 1.224844106533011512e-01 -7.072757555875697211e-01
6.159571922625737272e-01 2.125763405538537779e-02 -2.402268412640665152e-01
9.331486077985331473e-01 3.090393381801075368e-01 6.552908908495654883e-01
1.610828071009428319e-01 5.421067938064051683e-02 1.023355485865108605e+00
6.155204811653670616e-01 7.423554125152704852e-01 1.188950126475180058e-02
1.023470764547570327e-01 9.471153142831767457e-02 1.573599266925349571e+00
8.063752636193382006e-01 3.919775104099728624e-01 5.665198065511471981e+00
3.089466125692605925e-01 4.434601169832456113e-01 5.629827726004646982e-01
9.812002646574460307e-01 4.777203673624888514e-01 4.460108280536053904e+00
3.918602376271254073e-01 1.019868846678937679e-01 -1.099713579212387993e+00
9.252882502158975286e-02 1.813648747518407101e-01 1.412969215131455458e+00
7.430102548628007841e-02 4.453453092096319454e-01 3.448145537479601952e+00
6.467556289617139020e-01 2.793925284001292919e-01 4.491806288274714731e+00
6.695240143671203903e-01 2.797402975694267546e-01 4.313150694058205836e+00
9.585691414406961597e-01 1.051228130730036681e-01 4.881228626324405795e+00
6.149130923061256748e-01 6.485770403493837377e-02 -1.068580879922000904e+00
3.405396347008267099e-01 5.780430077573782410e-02 -1.274359533396202115e+00
6.698911054269651721e-01 8.589964141077416349e-01 2.698592130872001782e-01
3.445318846932675094e-01 8.933699191659061345e-02 -7.640579695221171308e-01
3.232991213133935560e-01 5.656415237230080217e-01 5.087740695602651630e-01
1.655718648462189413e-01 7.548285273209034418e-01 2.482823531867747846e+00
5.268098271340170280e-01 8.673062758467302569e-01 -7.367315918004607722e-01
2.694409903691782210e-02 1.501452579692180711e-01 1.755149160586281676e+00
3.632271179714017806e-01 9.115894384656380023e-01 -1.430626570566888356e+00
4.565108156306534326e-01 9.820097652923475140e-01 -1.040587593154171264e+00
6.751870283163700082e-01 9.587969730556388237e-01 -8.931114380265579022e-01
9.406063638042291286e-01 8.663577985047429264e-01 1.116403132276504895e+00
7.749037851392843734e-01 3.270885335751083089e-01 2.075817694199028729e+00
8.763723504180075119e-02 2.674793208364387720e-01 4.395816407473947529e-01
6.744345831590884410e-01 7.478801121991229817e-01 -4.623399692381098269e-01
8.000000431077206597e-01 7.212118970596037570e-01 3.768451817353151156e-01
8.530460015812904029e-01 8.591710707647833845e-01 1.289786050114019478e+00
2.333209475750404327e-01 1.897971548996890134e-01 -7.105630454801337148e-01
6.020389455270741541e-01 5.979023303678880907e-01 -1.162250059875366004e-01
2.363566232424182401e-01 2.048518003266381060e-01 5.008226265539773792e+00
7.796490377790715742e-01 4.437749682154004671e-01 -5.399836729788048961e-01
4.115344186819980266e-01 6.677405739716308908e-01 -7.997406294013742478e-01
2.872372640036667257e-01 4.027656384558082059e-01 1.723473959449183024e+00
2.762712626506552138e-01 5.525020878321276196e-01 -1.000584237674276289e-02
1.296197883273157159e-01 9.902250728483931175e-01 1.051703877668427101e+00
9.919269951846004796e-01 5.849055054671262743e-01 -2.110807701243586632e+00
2.633519868043750489e-01 4.339819793868243680e-01 9.854530782736471428e-01
8.485175927353417746e-01 2.434236761386652237e-01 1.434650652502345025e+00
