3.982980275933241665e-01 1.421428901951571067e-01 -3.983755617030820817e-01
2.490187775459490882e-01 9.779541803150340606e-02 9.539672825349158058e-01
5.255571305753194977e-01 6.323197417157356837e-01 5.578108350566024498e+00
8.921831174725511904e-01 3.047039656545575959e-01 1.415724751446983287e+00
9.663739391775570953e-01 3.988276382343639570e-01 5.805996010201932123e+00
5.209305424572332477e-01 1.133554192072075834e-01 -1.150331110268650425e+00
6.189635424033552713e-01 1.172024139119130608e-02 -1.265437927408457730e+00
9.378428514970431618e-01 3.232858842913233777e-01 1.252499303026576083e+00
1.581367572836415158e-01 6.891852730186878717e-02 1.768484768646096938e+00
6.246673243835718647e-01 7.383137223809849159e-01 -4.160701525913246268e-01
1.106678922042645952e-01 1.071920773003036814e-01 9.827686599593188355e-01
8.151188427918811819e-01 3.797894087016068787e-01 5.334688655071028407e+00
3.193380784556218988e-01 4.542775767928584618e-01 8.054810594766161902e-01
9.751697511644604743e-01 4.639859978097602422e-01 4.298651526417509139e+00
4.013320238029056131e-01 9.877981955469462838e-02 -3.264753045849004831e-01
9.447473588683703849e-02 1.962381202249885437e-01 1.440702284284024470e+00
8.835955462076032496e-02 4.505757736799222979e-01 6.639366465382913418e+00
6.415623222399351455e-01 2.708467946520227154e-01 -2.116863860551017495e+00
6.546606077225547438e-01 2.777206087522367528e-01 3.276648774566603972e+00
9.679360295227322775e-01 9.340695170225465915e-02 5.386827933847959216e+00
6.198497383255020532e-01 5.616118024210164233e-02 -1.054497719451784388e+00
3.464224610353230371e-01 4.971774685468118016e-02 -9.418628617482794896e-01
6.780518707479619156e-01 8.532169756077127021e-01 -6.162068807429625927e-01
3.485114552916723230e-01 8.016295148435401141e-02 -1.161507429847822070e+00
3.371444485286592130e-01 5.714127380061744255e-01 3.949343777600931027e-01
1.602477945175809215e-01 7.632934121479826306e-01 2.132237908314108310e+00
5.290302746196471340e-01 8.575559110861913359e-01 -1.346885255723414776e+00
3.093047694402582468e-02 1.646058523962020959e-01 1.301805668172763664e+00
3.623874675174710847e-01 9.016247514602567792e-01 -1.654860347246184249e+00
4.583569890895828336e-01 9.721816605127094890e-01 -1.385113825505081220e+00
6.755569642786364293e-01 9.488038180291308299e-01 -1.533794287583677196e+00
9.478098279701928641e-01 8.732939432559484461e-01 7.664947004956201848e-01
7.687084517353481861e-01 3.407493477534094262e-01 1.996566401091079079e+00
9.697551204665164071e-02 2.710565519696859771e-01 3.658285213180635376e-01
6.818885830802573489e-01 7.412139374958006677e-01 -7.296616543662608478e-01
8.077283607422369727e-01 7.148657875001945827e-01 -6.875050152152731853e-01
8.629735791035608727e-01 8.603724052474772677e-01 1.204243030871948728e-01
2.432515113381533423e-01 1.909735491136958230e-01 1.179124611967027753e-01
6.112006463244754606e-01 5.938944333508857643e-01 -4.123786434381274124e-01
2.450570870540234036e-01 2.097814990459260509e-01 5.154999288733553842e-01
7.782466016278850596e-01 4.288406730247379395e-01 -1.664428823624541032e+00
4.264198904465364981e-01 6.658905117166979970e-01 -1.236523482598291812e-01
2.897586635689225476e-01 4.175522047993623365e-01 1.401901195408283840e+00
2.911778929334266075e-01 5.508310481519396173e-01 -1.116343698209342761e-01
1.218305116087717715e-01 3.044088731133376413e-03 2.116810551061512058e+00
9.949000537103339648e-01 5.702030933180072259e-01 -1.371271199326164814e+00
2.775274953505400544e-01 4.388865647370454037e-01 3.330980516505708811e-01
8.534044902876644079e-01 2.576052921366078774e-01 1.238945777906953483e+00
