4.062241424750125396e-01 1.360456200779425473e-01 -6.557161290273954002e-01
2.585637923761166523e-01 1.093666190016655687e-01 8.810593274390032814e-01
5.354728413237562767e-01 6.210645793289313321e-01 5.434602754910904387e+00
9.000388269802064301e-01 3.174823782371648528e-01 1.019591531135670026e+00
9.605885177441988443e-01 3.849882416131799601e-01 4.316428249677851881e+00
5.232056310608754757e-01 1.036176591030780192e-01 -1.341277638242789338e+00
6.259544570175055167e-01 4.569918821008826966e-03 -7.966702467693778100e-01
9.518516266020715655e-01 3.286481804465853918e-01 3.655750575521347634e-01
1.697338661207169197e-01 7.843204750319425489e-02 6.870182331011049914e-01
6.314501143963296981e-01 7.309656777674273798e-01 -8.253783495018922611e-01
1.103949387111280156e-01 1.221895936410377220e-01 1.588994230734927626e+00
8.169628653899360105e-01 3.649031875337663822e-01 4.835635597145876652e+00
3.340233839451264841e-01 4.573340130640616841e-01 2.051994382661776473e-01
9.735923678311052543e-01 4.490691663157849178e-01 4.607035305921043822e+00
4.092709726573460216e-01 9.269926932576146028e-02 -6.536083679279856007e-01
1.011632834595406205e-01 2.096643382839834535e-01 1.108613280638125254e+00
1.032489388041189921e-01 4.523940802108319392e-01 6.404704599814336596e+00
6.315902113785608618e-01 2.715931223069180112e-01 -3.216294878022933901e+00
6.437704777516383148e-01 2.674053254688485426e-01 3.899888966618153763e+00
9.535090216495654136e-01 8.930068285723467836e-02 3.418883776079759240e+00
6.177845696942342313e-01 4.637674982820285535e-02 -1.778810063625447135e+00
3.564021137897374070e-01 4.908014909644379392e-02 -6.380305557797794069e-02
6.834097605127590347e-01 8.447734563610784786e-01 -1.005354439757537133e+00
3.584005397322870268e-01 8.164821540918078269e-02 1.490779699984864370e-01
3.489100856261729833e-01 5.807170264630961976e-01 6.691071406831577972e-01
1.534000200600065256e-01 7.705809347021975730e-01 2.325094590996858113e+00
5.353529325786622328e-01 8.498083955919633059e-01 -8.863220475985544855e-01
3.009216940981006283e-02 1.795824087586666284e-01 1.626712629479708294e+00
3.678680731406325788e-01 8.932603649314447836e-01 -9.907525399627548079e-01
4.663192153734688206e-01 9.661316231075197658e-01 -6.497705652465187720e-01
6.789255584898471474e-01 9.393882684944410144e-01 -1.227216951785872201e+00
9.530393819752953632e-01 8.818175437221666968e-01 1.020481734731243151e+00
7.742450083691546636e-01 3.268085249426621042e-01 5.090433499652892380e+00
1.047469744809844394e-01 2.773497523980653634e-01 6.806779602128745221e-01
6.911467883374888821e-01 7.374343031993414455e-01 -3.875955596942721737e-01
8.176818532194639610e-01 7.139024664188375890e-01 -9.648172542968064258e-02
8.727951984781929795e-01 8.622527756524379638e-01 1.891631518310968596e-01
2.532066972185251785e-01 1.900278884519123745e-01 -9.470758305578408365e-02
6.261619120129031657e-01 5.949717118665330817e-01 6.355065757542056382e+00
2.525683262705322729e-01 2.163831113817406282e-01 7.210333970594923203e-01
7.902518014823453063e-01 4.198476103398419146e-01 -6.429231244438156079e-01
4.184748558022196030e-01 6.531674450855510239e-01 -2.129006580498289392e+00
2.957192340870469782e-01 4.313170730914480111e-01 1.162145764648692792e+00
3.061417094848010723e-01 5.497898016792868159e-01 -6.947230155320111011e-02
1.310580046633805784e-01 1.487005050712209703e-02 9.081995656308655684e-01
9.932738035174778490e-01 5.552915102259865510e-01 -1.679426529123740686e+00
2.913903088656754625e-01 4.446156485594885410e-01 3.918933633040515563e-01
8.558729418979384995e-01 2.724007896492883773e-01 1.405480925253872471e+00
