4.149184113057942658e-01 1.311050037704260540e-01 -5.167552039062536240e-01
2.697024152674440955e-01 1.194130651436998980e-01 7.338896843147162397e-01
5.504592546176083623e-01 6.217028712573249294e-01 6.325750954891989686e+00
9.145194356454562357e-01 3.213954298192288062e-01 2.639234077611306573e-01
9.748609696243526468e-01 3.896031216038940981e-01 3.127313651885962331e-01
5.308175644411103900e-01 9.713240889858583416e-02 -7.056451133692450695e-01
6.322833945369890074e-01 9.968275322461551680e-01 -8.855112535604252599e-01
9.645769842346122447e-01 3.365895451356006318e-01 5.579218307159262702e-01
1.776871145576516542e-01 9.114998127013906881e-02 1.011940360092491886e+00
6.398769120607969985e-01 7.255815268480967362e-01 -5.685551816435452377e-01
1.140272763388072014e-01 1.367431541455516042e-01 1.326209116076543904e+00
8.269668585017245777e-01 3.537264204779811405e-01 5.442473848459886909e+00
3.489314765998794421e-01 4.589919555833612552e-01 1.107557998557916201e-01
9.708366798175881440e-01 4.343244661298822362e-01 4.527627036599863430e+00
4.178767454557166250e-01 8.760607047407460712e-02 -5.343943045785586321e-01
9.282111675849066823e-02 2.221306230044562402e-01 2.160535709774144220e+00
1.178726892712310681e-01 4.490555292863080972e-01 6.058735440544959161e+00
6.236576927472020637e-01 2.655041857689711127e-01 -2.486927507737424214e+00
6.365888165188141601e-01 2.604466084939349169e-01 -2.371959682893995058e+00
9.385419409986160977e-01 8.830745741053229458e-02 3.207856164947201716e+00
6.175212226936421800e-01 3.638021801175375658e-02 -1.597134071728966376e+00
3.663103323914253528e-01 4.772840794475654430e-02 -1.355891883861776726e-01
6.933998918588547555e-01 8.443292990829042166e-01 -4.443034436894599537e-02
3.673185307016163526e-01 7.712389920991261083e-02 -4.694901045671332485e-01
3.633274431787029135e-01 5.848570507628446657e-01 2.796316447251248061e-01
1.503134524982110976e-01 7.800926695958156909e-01 1.884576838596181192e+00
5.383557258471098894e-01 8.402698824695230551e-01 -1.265810845196214451e+00
2.685946926046022323e-02 1.942299221907954343e-01 1.788013822860104129e+00
3.717714576572454521e-01 8.840536505709648551e-01 -1.169797148780681528e+00
4.760652784624351819e-01 9.638923700477054490e-01 -2.258402007045907656e-01
6.846062464666616831e-01 9.311584577973426313e-01 -9.666389711320553246e-01
9.630392225450306043e-01 8.818740112338629977e-01 5.646781178591742112e-03
7.639908208442902637e-01 3.158608476454032865e-01 3.959688064217585346e+00
1.127993565064957238e-01 2.832792670253533873e-01 6.347192445681891781e-01
6.989137598614315605e-01 7.311355609958326562e-01 -6.813912592376512034e-01
8.270078727641793082e-01 7.102934001335517999e-01 -3.692398602968810506e-01
8.821074244456645896e-01 8.586082664219999439e-01 -3.730431048036128572e-01
2.596596626212038794e-01 1.976672102485008409e-01 8.693849310069851066e-01
6.327101242696416827e-01 5.874138737999494708e-01 -8.568502721847093273e-01
2.596059515129530149e-01 2.234874643394168248e-01 7.901165429000819307e-01
8.025552963137292384e-01 4.112671665905880958e-01 -6.089781249485712866e-01
4.162262784579389696e-01 6.383369393650171197e-01 -1.721268671213213697e+00
3.081090292609319770e-01 4.397724249794049411e-01 5.988465636031983230e-01
3.181544933527245544e-01 5.587727312539054747e-01 6.420793309103302038e-01
1.300272001628638430e-01 2.983458999491504435e-02 1.639570830467138585e+00
9.950221142234574323e-01 5.403937449682253424e-01 -1.453976758531750901e+00
3.062719573759269398e-01 4.427350801301753180e-01 -1.257020032764188944e-01
8.618319202440418714e-01 2.861663472867642666e-01 1.162261431004408152e+00
