4.249173277944356952e-01 1.312522078912054802e-01 1.472094375877643774e-02
2.842131044461078115e-01 1.232130519279153735e-01 2.561235344862793362e-01
5.632438408731696988e-01 6.138572129500754482e-01 5.732766898121667509e+00
9.249711287721265052e-01 3.321547100361351701e-01 7.998984660155101789e-01
9.663358607436940417e-01 3.772612206736112306e-01 4.107901331153986924e+00
5.403944973146486142e-01 9.425450050259011336e-02 -2.919192841664858262e-01
6.401820848510965112e-01 9.906947766402449673e-01 -6.602009146255863881e-01
9.746124885886789935e-01 3.477380272008643858e-01 8.378885364596624363e-01
1.915806550214213255e-01 9.680414198430301043e-02 3.864947488919212581e-01
6.443761875947491280e-01 7.166508762743938332e-01 -1.104112110712543116e+00
1.151974931388340256e-01 1.516974375667301256e-01 1.492702519957346263e+00
8.340349315126754925e-01 3.404960635700263194e-01 5.203045286697786764e+00
3.572210966686861222e-01 4.714932434816074824e-01 9.852661279012603357e-01
9.738401430001580872e-01 4.196282350174185272e-01 4.913982546571870280e+00
4.278393536520818108e-01 8.847003686561814850e-02 8.650448467868274149e-02
8.249795008007811126e-02 2.330132802962077698e-01 2.329816790992764730e+00
1.328722643122127456e-01 4.491684389402785249e-01 6.290712688529497498e+00
6.165113168508702390e-01 2.585092367664173496e-01 -2.366902193150721256e+00
6.374858456087814096e-01 2.504869228155737759e-01 -1.480972679345328613e+00
9.303311406819008145e-01 9.401558829191794531e-02 2.534096872237023401e+00
6.274362209664527956e-01 3.507913797956448837e-02 -1.304779080602446739e-01
3.758454950155240004e-01 4.471499231925914891e-02 -3.060993052887534538e-01
6.965212224694657950e-01 8.348289151317545009e-01 -1.253358883290371484e+00
3.772124303417433988e-01 7.567105719816680232e-02 -1.458002153461967487e-01
3.731379911658916360e-01 5.962039952057802683e-01 8.578880566786073469e-01
1.430250765855658468e-01 7.869395357808650626e-01 2.387419016013891060e+00
5.404820033237769383e-01 8.304985497000274552e-01 -1.356532908382066305e+00
4.015910747809120496e-02 1.872930912659328817e-01 5.802422784479440487e+00
3.809644728555989790e-01 8.801181110192843882e-01 -4.044943383349752786e-01
4.856968680997668097e-01 9.665816972977897548e-01 2.722847612750193824e-01
6.932085325913579510e-01 9.260593722490448876e-01 -5.350784835911405191e-01
9.730342769252774415e-01 8.815595467113679362e-01 -3.145163734844400039e-02
7.498007537967027458e-01 3.109985439542533037e-01 3.471709512236444084e+00
1.212109351437155175e-01 2.886871635507935463e-01 5.713755949593213312e-01
7.076674584580552319e-01 7.263010226642575562e-01 -5.045960031919682898e-01
8.313735126482474369e-01 7.012966680378054374e-01 -1.119020385637104376e+00
8.887923182088779406e-01 8.511710495114511721e-01 -8.386205662621986079e-01
2.696535747927102378e-01 1.973183270184416527e-01 -3.489540453462336433e-02
6.373950349679621263e-01 5.785791914769249367e-01 -1.083214285771129326e+00
2.693368504596505009e-01 2.257917225040246556e-01 2.325152523177357322e-01
8.096490613992387564e-01 3.980505672960794605e-01 -1.078197107559811796e+00
4.032468277667024537e-01 6.308180391958594369e-01 -2.616538330184772221e+00
3.144558337821308780e-01 4.533635276708604667e-01 1.133910002717328336e+00
3.280801430318052159e-01 5.700191297195550399e-01 8.476991531069353325e-01
1.435439428796792261e-01 3.633825560189533899e-02 4.484593084046346601e-01
9.865971386868471749e-01 5.279832740985315187e-01 -2.167193212148449621e+00
3.203879724262073125e-01 4.478083551178196342e-01 3.450230112806693672e-01
8.524518104930713935e-01 2.978716256285957042e-01 2.246364317332544935e+00
