4.346739603728031476e-01 1.334449506327824719e-01 2.210705800472582971e-01
2.983334724956064887e-01 1.282741986504177811e-01 3.441639590179796926e-01
5.780303259431964769e-01 6.163790890917359988e-01 6.452112669018036151e+00
9.398787222239851635e-01 3.338171352146325210e-01 1.110564911863883841e-01
9.715594512661320792e-01 3.913223053420816777e-01 1.215104076281664280e+00
5.492616131371678145e-01 8.963127035581723578e-02 -4.806132233458245140e-01
6.499583629814926766e-01 9.885913542106943286e-01 -2.119250214784010322e-01
9.878992206490488925e-01 3.546995465146305926e-01 4.826197436407301256e-01
2.047986779729008000e-01 1.038952539742635239e-01 4.923984903942934532e-01
6.535322802141613208e-01 7.126301838035942193e-01 -4.137756950834925451e-01
1.047638531696629821e-01 1.624742254459507484e-01 2.340017637036831299e+00
9.364403560080747368e-02 9.364403560080747368e-02 6.485450911566235099e-01
3.644960187884950797e-01 4.846109989355986136e-01 1.064439096131261975e+00
9.658104387766857091e-01 4.069584343053493369e-01 4.147509982720688271e+00
4.369234173030420720e-01 9.265092045468194260e-02 4.313399086352326939e-01
9.034792226333493437e-02 2.392082731712718013e-01 6.681046899676198469e-01
1.478285555473728696e-01 4.503127083530796826e-01 6.359544116878844022e+00
6.123575387083558530e-01 2.494127469410633291e-01 -1.999154431108117080e+00
6.322120340024366403e-01 2.419906347354305598e-01 -2.126311599388088336e+00
9.280866009492462210e-01 1.037604352064946389e-01 1.797179003218646987e+00
6.374310833769943896e-01 3.475862995416878487e-02 -3.205629246329437521e-02
3.858092507775246482e-01 4.556562215367551683e-02 8.516590076405949894e-02
7.055544729438758544e-01 8.305393480362809333e-01 -4.433375151206938036e-01
3.851723218682874261e-01 8.172416605937631029e-02 6.501563752271064534e-01
8.399366490873627633e-01 8.399366490873627633e-01 -2.672165523420587441e+00
1.513175423566152367e-01 7.925283649459026192e-01 5.930380809656258245e-01
5.496734535922797038e-01 8.265593566403208747e-01 -4.048917943267804631e-01
2.650304995047132045e-02 1.934989024782028944e-01 2.715055448420590434e+00
3.907894425548679718e-01 8.782553253610708710e-01 -1.873730454685959002e-01
4.953754398372142154e-01 9.690967020936269716e-01 2.542302545742659570e-01
7.031799660987059220e-01 9.268146958939404989e-01 7.560436993184105336e-02
9.825916210518195193e-01 8.786172392415659838e-01 -2.986505372623611820e-01
7.348715272289331191e-01 3.124539456473264809e-01 3.044412987288381167e+00
1.268827086279800398e-01 2.969231204195000307e-01 9.677217620366895812e-01
7.174339465104260238e-01 7.241526020529945873e-01 -2.165301118498377253e-01
8.355842528168845318e-01 6.922264052393951594e-01 -1.136167223956965788e+00
8.957211913422579164e-01 8.439605906424522130e-01 -8.053105975822536511e-01
2.796367241506638734e-01 1.967380435559940577e-01 -5.806096205941979616e-02
6.466203821916157723e-01 5.747200505617695576e-01 -3.961984652689131692e-01
2.740671476073607837e-01 2.346021872417308196e-01 1.078069942214193722e+00
8.189483885433872512e-01 3.862810084825086254e-01 -9.021107940489373478e-01
3.905030311552806777e-01 6.229062980520457815e-01 -2.585997051028849469e+00
3.294501563195451066e-01 4.537761917521571098e-01 2.751441021925671304e-02
3.352184404376366555e-01 5.832117303026811417e-01 1.074824625370244480e+00
1.332497794740435948e-01 4.724835183327992516e-02 2.327155057070749766e+00
9.818287685514078822e-01 5.137613668336302730e-01 -1.894300958326739837e+00
3.282880275840050488e-01 4.605593993301088096e-01 1.016117457566657167e+00
8.608020689934841041e-01 3.103324916890380925e-01 9.804077080365835029e-01
