4.442671544988091581e-01 1.362681804251946460e-01 2.862147361156444081e-01
3.055583062830095620e-01 1.414196076111309819e-01 1.068253432506446554e+00
5.925212923571251400e-01 6.125045707487167812e-01 6.021921969933626606e+00
9.503288682907804485e-01 3.445779180478023562e-01 8.000422443928093541e-01
9.777335047454578376e-01 3.776518604468185325e-01 5.136601869170084989e+00
5.592582324313927211e-01 8.937126518984811474e-02 -2.600344699640944057e-02
6.588226863541343237e-01 9.839627722307311419e-01 -4.812168780146697245e-01
1.479037884407619075e-03 3.610704619790088832e-01 4.386610845137773884e-01
2.183360521110502273e-01 1.103558655121725240e-01 4.452765001868451700e-01
6.588153145783132159e-01 7.041396274079749773e-01 -1.014195183672415679e+00
1.027441914685051916e-01 1.773376357751072496e-01 1.705850623423529111e+00
8.849652903528103243e-02 1.077331511215867121e-01 1.921083019185256813e+00
3.750076076483438992e-01 4.953117699191073031e-01 7.943164124506587598e-01
9.636738071760090341e-01 3.921113872789878108e-01 4.569460735954896435e+00
4.467102069230084460e-01 9.470487978595361345e-02 2.068682488383832285e-01
8.615019078715809020e-02 2.536089346301740877e-01 1.854432903245048170e+00
1.616300474243981544e-01 4.444374362769622500e-01 5.880723314670489366e+00
6.128474295338296463e-01 2.394247538003409781e-01 -1.521787627991994185e+00
6.338206043954578428e-01 2.321208575702309596e-01 -1.409237388005555758e+00
9.294063887282636438e-01 1.136729606273123028e-01 1.438431371056306141e+00
6.465310534562391798e-01 3.061248179511210851e-02 -4.275194815205906052e-01
3.946428822919938462e-01 5.025251390264692114e-02 4.878062899997444579e-01
7.100497341462413958e-01 8.216066761670971497e-01 -1.104561560307583346e+00
3.915819740656484860e-01 8.939986529194555998e-02 8.750412196606278670e-01
8.457873101067391319e-01 8.318267930074837446e-01 -9.458347632784862569e-01
1.611907597061770780e-01 7.909410467143211942e-01 -1.594060583622697591e-01
5.569014478497207321e-01 8.196487778646756039e-01 -7.629516145420001116e-01
1.892081176693180891e-02 2.064414549362026396e-01 2.100737455279747312e+00
4.004642797970663914e-01 8.807846581460105906e-01 2.557109225537346764e-01
5.047752053787412096e-01 9.725090924236335921e-01 3.482347357639492547e-01
7.088740960411769043e-01 9.185941798396860536e-01 -9.650047224185837047e-01
9.894965162050520791e-01 8.713838152305691809e-01 -8.086307516322350786e-01
7.221143340203237670e-01 3.045638238841208989e-01 3.695492684678325368e+00
1.334992335151895804e-01 3.044212267415614126e-01 8.477758282392461320e-01
7.235123255230538897e-01 7.162119907050664702e-01 -9.174614193738911405e-01
8.379716439649215198e-01 6.825155678138032922e-01 -1.329729114387935951e+00
9.034914181181988857e-01 8.376658646078698478e-01 -6.808742845863082760e-01
2.834394048674893085e-01 2.059868066822657939e-01 1.180710201603812237e+00
6.560447363237574825e-01 5.713761682085785054e-01 -3.409560236071894623e-01
2.828084343309683613e-01 2.394591313854987913e-01 5.071574000188742160e-01
8.056145067136444293e-01 3.794102301168170710e-01 -2.665790228062803191e+00
3.904826971003703684e-01 6.079063118345117145e-01 -1.572151930870776093e+00
3.439911735531596126e-01 4.574584217574292899e-01 2.480168758014259511e-01
3.422211893027823915e-01 5.699466819299197073e-01 -1.085070989663279084e+00
1.295030349267374259e-01 6.177287954667672054e-02 1.823252440615322767e+00
9.862925372429577342e-01 4.994409349592649483e-01 -1.268634716907390603e+00
3.430223705758774222e-01 4.633699395980754865e-01 1.884833801160039624e-01
8.695197384851151012e-01 3.225391390024769933e-01 9.506208527835640076e-01
