4.519135402472270191e-01 1.427127738946380175e-01 7.003160022807981555e-01
3.132443382434448864e-01 1.543007920560167390e-01 1.032816608204726538e+00
6.009832838464256310e-01 6.071759029944834296e-01 -5.619847916657717546e-01
9.645342054941050680e-01 3.493954272527590166e-01 3.269618094253582408e-01
9.902248867018692557e-01 3.859563999776436938e-01 5.867241057737786480e-01
5.688047630003905120e-01 8.639405943693302670e-02 -3.023040625131399040e-01
6.658154121594221930e-01 9.768142209221050143e-01 -7.964169133749645635e-01
1.582443214582552465e-02 3.654533449895943087e-01 2.965182723527275965e-01
2.328009229624609655e-01 1.143266980762587814e-01 2.679158035506256641e-01
6.681590912737451760e-01 7.005767862571654625e-01 -3.642880076440643822e-01
9.904547791195375539e-02 1.918744689249574087e-01 1.819946955559230917e+00
8.568648894406494243e-02 1.224675895121653674e-01 1.759245760698871175e+00
3.789996719327474728e-01 5.097707955691705983e-01 1.301412414236015280e+00
9.642155116548550842e-01 3.771211719283800168e-01 4.748510466784479078e+00
4.566811695965338758e-01 9.546639364870491973e-02 7.622517974834591703e-02
7.610809113887422039e-02 2.647514762905824881e-01 2.304295861511710619e+00
1.475341581357813570e-01 4.495663645434774258e-01 2.792624271871808173e+00
6.212873325553698312e-01 2.340611694589702363e-01 -5.661164631117178159e-01
6.423898301621139284e-01 2.269664061192929738e-01 -5.415270375833406424e-01
9.309212950890332072e-01 1.235575475543467389e-01 1.418720186837285624e+00
6.536713028900476008e-01 2.361127918248910607e-02 -7.755659099627065789e-01
4.010089868346373709e-01 5.796436925347743518e-02 8.807013183099789977e-01
7.180545939997745597e-01 8.156131614448917100e-01 -6.426906952690267794e-01
3.997126601859558037e-01 9.522154402003095430e-02 6.213924387707684405e-01
8.542219644887567576e-01 8.264549585483895733e-01 -5.670942804101228862e-01
1.711762321210172910e-01 7.914798793900799101e-01 5.390937587340388637e-02
5.664578785494328583e-01 8.167035049941931968e-01 -2.989608266409593540e-01
4.764700116637276411e-03 2.114017475630942666e-01 2.804562090879621827e+00
4.100948948087950185e-01 8.834774734935357809e-01 2.726469313865158006e-01
5.134723543378552080e-01 9.774446369713996052e-01 5.161719553559699358e-01
7.169894622104235893e-01 9.127511641851592250e-01 -6.240191586400696266e-01
9.990958508169702768e-01 8.685815349076126957e-01 -2.840316510806759620e-01
7.093162985491033856e-01 2.967401234759134421e-01 3.690294436894156149e+00
1.381435093530849478e-01 3.132773377357586653e-01 1.087808176868471532e+00
7.334350472530486442e-01 7.149711871472499425e-01 -1.244009709054257895e-01
8.479713409633636845e-01 6.825934134260549513e-01 7.784639850591745791e-03
9.117258464787157957e-01 8.319918722237090725e-01 -6.033440059220847029e-01
2.927449516250189565e-01 2.096483363548793666e-01 3.748715122812643630e-01
6.629804454261097879e-01 5.641722845860074331e-01 -8.043621022257916309e-01
2.923547024101890157e-01 2.424371786919820582e-01 3.023922165426412012e-01
7.921773669578242583e-01 3.727436511453688373e-01 -2.681045188249791433e+00
3.893940673914882411e-01 5.929458678117917048e-01 -1.643435503366516448e+00
3.572127745081049022e-01 4.645428602099948567e-01 4.918936770673824066e-01
3.546983042410003506e-01 5.616207223564833040e-01 -5.884398708394051880e-01
1.280033771961993916e-01 7.669772549868700273e-02 1.670940815066063845e+00
9.935315425070802009e-01 4.863033247204883724e-01 -1.067175057511665637e+00
3.474149723008796431e-01 4.777123609447487262e-01 1.273600504490108198e+00
8.831987156866430988e-01 3.286942655422059878e-01 4.228288056769278214e-01
