4.618727663646354786e-01 1.436148909282478348e-01 9.033451306151374371e-02
3.230255029278680245e-01 1.563813730845261818e-01 2.095891955862209111e-01
6.071048444544745459e-01 5.992685332850298252e-01 -9.120119569594304920e-01
9.785255997724578991e-01 3.548029115243659382e-01 3.688027578203164625e-01
9.951352968433906376e-01 3.717829080916600359e-01 5.045897966539448554e+00
5.774844217851083927e-01 9.136029779014065433e-02 5.197046840334208495e-01
6.757859876579925817e-01 9.775807874406201581e-01 7.673192658122457432e-02
3.076486873243743786e-02 3.667887679942741785e-01 6.372331535505758815e+00
2.477753097814212047e-01 1.152029054696024346e-01 5.844709703539457957e-02
6.781472796986773854e-01 7.010626792372033345e-01 4.860843758486765864e-02
9.950582143923965284e-02 2.068674033887935582e-01 1.540101938773177137e+00
7.745655343884899624e-02 1.350082498448586243e-01 2.151559767924509092e+00
5.570841323176651816e-01 5.570841323176651816e-01 -2.995402284312906893e+00
9.733728051328207620e-01 3.890015749585135629e-01 9.141219727169050957e-01
4.625477462603927448e-01 1.035647439897970368e-01 9.438708643801498877e-01
7.354237297428445341e-02 2.795304170611483396e-01 1.742689449453460826e+00
1.623815662463449772e-01 4.474322435538496401e-01 6.140426159036040943e+00
6.312871219988299698e-01 2.339962765744308670e-01 -6.489333999725011015e-03
6.520768070867583033e-01 2.294488400179915955e-01 2.508664597244625871e-01
9.316785771694612306e-01 1.335288325192177383e-01 1.494995550788441818e+00
6.636520800265341968e-01 2.423102731825527850e-02 6.201455524900118671e-02
4.066629534963861481e-01 6.621256063024805183e-02 9.698822395238119176e-01
7.280467923740425729e-01 8.160080939065553762e-01 3.950351975664762039e-02
4.072876635555113811e-01 1.017498917398772240e-01 7.113207015902125452e-01
8.603808784376961727e-01 8.185766478811488112e-01 -9.072794056493715953e-01
1.806376099511792788e-01 7.882422367978657585e-01 -3.297053460529191238e-01
5.746796965761996612e-01 8.223957548424282171e-01 6.055629149191454896e-01
1.973910029938973076e-02 2.122777265393164248e-01 6.341617150367039102e+00
4.200352646289365888e-01 8.845679081953030654e-01 1.092607312023539112e-01
5.234432379682945058e-01 9.766820888560405756e-01 -7.632890661405933308e-02
7.268180255424029346e-01 9.109074335027462777e-01 -1.854339569800674270e-01
8.935333984944726637e-03 8.667969982766784431e-01 -1.794146634266703400e-01
6.987203824075201020e-01 2.861228469362100957e-01 3.927997755981370354e+00
1.428486531611599664e-01 3.221012609984198471e-01 1.080922700424586491e+00
7.422303397320509921e-01 7.102127388488226334e-01 -4.959243301594127851e-01
8.538956996520604692e-01 6.745372372780513714e-01 -9.367172311909532922e-01
9.164794353736140931e-01 8.231939524344463743e-01 -1.075424414617064617e+00
3.018413376069345455e-01 2.138023418998937220e-01 4.283831033845393876e-01
6.718552174954426359e-01 5.595637684780406795e-01 -4.789545458113571019e-01
3.021358320222317650e-01 2.445179245948784774e-01 2.096060519308252657e-01
7.794405939585818954e-01 3.648206079443147565e-01 -2.585109939267071333e+00
3.922793439122953529e-01 5.782259772076302484e-01 -1.377238220004547875e+00
3.620850962188479905e-01 4.787294905761889652e-01 1.239973394496978631e+00
3.684772555429176588e-01 5.556927799630898557e-01 -4.062813838731731408e-01
1.240279938408489213e-01 9.116134631707140112e-02 1.839026753816293658e+00
9.988083366627135140e-01 4.722621195215364609e-01 -1.211317653902472813e+00
3.361109325409785131e-01 4.678524073390478155e-01 -2.424322052925659055e+00
8.981982652621306462e-01 3.285780221230764631e-01 -7.749638844952333461e-03
