4.711039736582861015e-01 1.474599932547993597e-01 3.946772077792482514e-01
3.330057400857188710e-01 1.570097569425729644e-01 6.287981405944947921e-02
6.169726458738350461e-01 5.976478867634014147e-01 -1.627826073410458263e-01
9.923732577961842383e-01 3.605685309410397443e-01 3.945303139606703979e-01
9.970493993711998515e-01 3.569055356249563049e-01 4.840344692499719770e+00
5.869764721143028163e-01 9.450688015010516585e-02 3.200965796743461267e-01
6.835457795792663216e-01 9.838883725045360906e-01 6.825303065970282912e-01
4.438022616284581501e-02 3.604941637936732168e-01 5.850136325873481979e+00
2.606203180188647606e-01 1.229492441776636191e-01 5.426680638813465851e-01
6.879451808210513830e-01 6.990623958582334874e-01 -2.013868431207094800e-01
9.151155647528687320e-02 2.195595949917483747e-01 2.132880651547259365e+00
6.971851887927019154e-02 1.478582623411468788e-01 2.112818028232770651e+00
5.720227219740446900e-01 5.584400597044788528e-01 6.373704028621723694e+00
9.637237504558183732e-01 3.775169877286555509e-01 4.013626990015101370e+00
4.706456202151248491e-01 1.094319782115808493e-01 6.270066613303202363e-01
8.771674730503237205e-02 2.844382793587107439e-01 6.616514537727156586e+00
1.764242638781796102e-01 4.527050647361832159e-01 6.642381044092832809e+00
6.184246289812149744e-01 2.262790054653013028e-01 3.681999308534063431e+00
6.422073737360312062e-01 2.181530759740875347e-01 3.994279456997819722e+00
9.167171035960297587e-01 1.346032200245028398e-01 3.069905434891574636e+00
6.734834456871744424e-01 2.240229845732942190e-02 -1.839078254685030112e-01
4.147121149868243650e-01 7.214644631341105008e-02 6.352621808107005164e-01
7.379862332179657480e-01 8.149092237094197611e-01 -1.101093806190495406e-01
4.170222026866385878e-01 9.946106061798266895e-02 -2.309301824701794903e-01
8.651665503197304430e-01 8.097961385202115947e-01 -1.071774150849147844e+00
1.871041639414317559e-01 7.806144140750208571e-01 -8.676048228841833909e-01
5.844456412701998227e-01 8.245466440152424692e-01 2.167828772447270569e-01
7.223903621663764138e-03 2.205463329586495602e-01 2.557742438505825611e+00
4.299930516789636781e-01 8.836500427006290792e-01 -9.191592064002551687e-02
5.334063351086185678e-01 9.758237792542840960e-01 -8.593669653372484896e-02
7.345313974533175250e-01 9.045431665564346302e-01 -6.898567499112114865e-01
1.787156781916076492e-02 8.623088221593439018e-01 -4.654417593745956427e-01
6.928242766609605807e-01 2.723302425039287322e-01 4.308416978904839212e+00
1.474624093258798951e-01 3.309733100319018351e-01 1.091251246310259937e+00
7.520640756227527923e-01 7.083967987529153909e-01 -1.826071697681201367e-01
8.604312219860367206e-01 6.669684231158395926e-01 -8.585280948242983712e-01
9.228547236096120709e-01 8.154896873878669794e-01 -8.795098781770095409e-01
3.116614752788240406e-01 2.156904351457735736e-01 1.899495214519969499e-01
6.804351565581278072e-01 5.544271698290698103e-01 -5.394449775302087025e-01
3.112155693425622260e-01 2.487081954923024696e-01 4.323735367331478230e-01
7.714048342406341074e-01 3.521546470350348512e-01 -2.136153343983285158e+00
4.064759750448221354e-01 5.830690820471904345e-01 3.287641934975976121e-01
3.475299264120612630e-01 4.751036069741405021e-01 -2.897448885471372471e+00
3.833084473012920990e-01 5.534487320522095688e-01 -1.501669382042359890e-01
1.123904355253254606e-01 1.006253431710855961e-01 2.458837298195574395e+00
9.890971482036722273e-01 4.608300235320434424e-01 -2.274980884574822060e+00
3.215799282508961521e-01 4.715739546411262806e-01 -3.392314348029556559e+00
9.072566436916142951e-01 3.405340156086997250e-01 9.224214218921689135e-01
