4.810965092034533153e-01 1.478463006176201355e-01 3.864035106577388967e-02
3.425040592200854217e-01 1.601373652335400521e-01 3.180982970479869221e-01
6.268689440381149947e-01 5.990842998807424102e-01 1.441399094924401825e-01
6.208703131546089438e-03 3.547736666309617148e-01 -3.966431466258235616e-01
1.169760768648875349e-02 3.601350856171224857e-01 2.170024368699672301e-01
5.969693471978253507e-01 9.412945788643477252e-02 -3.775119259612076672e-02
6.929118856312925789e-01 9.803846519931087578e-01 -3.579683055472003272e-01
5.904361064770902168e-02 3.573342341347926499e-01 6.070933223034570503e+00
2.748512104207274653e-01 1.276907314387037973e-01 3.216149850496300422e-01
6.970389214631010910e-01 7.032221892587682266e-01 4.290194766704168439e-01
8.791122050661734355e-02 2.341211052469624465e-01 1.813185250146098770e+00
6.766895332469709257e-02 1.627175786456579176e-01 1.707862810508117501e+00
5.865692572963459028e-01 5.547796894886340979e-01 6.036671465039728623e+00
9.737416234041492702e-01 3.886813158137263358e-01 8.394689202793030880e-01
4.803007975068164237e-01 1.068286051176882551e-01 -2.633715424393686666e-01
9.121374426081860221e-02 2.990249517788078348e-01 1.335497971049693255e+00
1.619179581551966063e-01 4.488883784415880207e-01 3.398867203788942692e+00
6.122443603025944370e-01 2.126113692739161620e-01 4.287721399906188502e+00
6.332648106733409499e-01 2.061102122835109518e-01 4.073665740715859407e+00
9.046872050121329556e-01 1.435632166797007059e-01 2.501421006026511407e+00
6.810722722908377769e-01 1.589002460102306724e-02 -7.092006755086806002e-01
4.246883961274052210e-01 7.283478823723255058e-02 6.888866635248400150e-02
7.476940959152873489e-01 8.125097650517322245e-01 -2.423100873698349478e-01
4.264465306320692761e-01 9.611710446142587849e-02 -3.409638547505449702e-01
8.703345133591361416e-01 8.012350545921487210e-01 -1.027691782919311292e+00
1.962637054347787513e-01 7.766015846951873636e-01 -4.129170744717576280e-01
5.939592431673038631e-01 8.214658358512345604e-01 -3.131750667912981401e-01
2.176176660904813320e-02 2.242409966456500037e-01 6.532057352153692875e+00
4.375045157293235842e-01 8.770486861869910555e-01 -7.209993389845891221e-01
5.431568964202722061e-01 9.780433634738356918e-01 2.238225351655734885e-01
7.408350606355743606e-01 8.967801883595916124e-01 -8.887713271174171314e-01
2.462674377344025931e-02 8.549353834889049653e-01 -8.291298771922854804e-01
6.844485969125011504e-01 2.598864493221353378e-01 4.119958877021391963e+00
1.525207556831360001e-01 3.395996146943882077e-01 1.040447088400249465e+00
7.606825349993489027e-01 7.033250970686715231e-01 -5.318981519416727810e-01
8.644194002349321337e-01 6.577981213620782697e-01 -1.160568977024425408e+00
9.321731442647185339e-01 8.118610462517824589e-01 -3.713396652142211818e-01
3.215408134408420660e-01 2.172392015841024260e-01 1.555025893373520041e-01
6.884648340644893283e-01 5.484669450729191542e-01 -6.385384185332381168e-01
3.200478706520343275e-01 2.533975934897748084e-01 4.880900280292145843e-01
7.637548257590591749e-01 3.392520360499732823e-01 -2.105981774423745900e+00
4.207176558577891412e-01 5.783600983328877065e-01 -3.193318382210798556e-01
3.364498967995229739e-01 4.649925761767749743e-01 -2.401889432795179413e+00
3.974645854938430034e-01 5.584089489298673659e-01 3.370252117236404721e-01
1.071714166910537197e-01 1.146881253427441266e-01 1.926163466387070367e+00
9.888930034848234518e-01 4.458314127652501790e-01 -1.584406394888708380e+00
3.079975820887555504e-01 4.779394768295869289e-01 -3.579856621293111996e+00
9.138549983797961129e-01 3.540047882446308303e-01 1.115319796433252186e+00
