4.903902545159397608e-01 1.515376822108228383e-01 3.780815156344673467e-01
3.507709238086988979e-01 1.657639938754115194e-01 5.976034118528987804e-01
6.339395455151662917e-01 5.920127657648154296e-01 -7.854641109248388098e-01
2.070519992848234708e-02 3.509198917781171656e-01 -2.598321332469802902e-01
2.509203395738793946e-02 3.533830974007934889e-01 5.816271537589805085e+00
6.064433723706807999e-01 9.092901306983469656e-02 -3.257764380958606543e-01
7.024844692729652618e-01 9.774923099623004097e-01 -2.934267511636615700e-01
7.308169337029180035e-02 3.626193295430064634e-01 6.643255252355110940e+00
2.891308868543807087e-01 1.322832079982703135e-01 3.111620652538481524e-01
7.010139544517527410e-01 6.940461818078595968e-01 -1.162001990918130723e+00
7.768634249032539685e-02 2.450961619462214414e-01 2.320823352824551211e+00
5.879911851557989566e-02 1.748141083322652667e-01 2.203493894452777546e+00
5.991610204897411807e-01 5.466281559101314746e-01 5.708660951771865832e+00
9.721972832735727987e-01 3.737610271583051147e-01 4.609250210650765567e+00
4.902260454943828116e-01 1.080490363469302911e-01 1.223481340954069019e-01
1.028035237313350003e-01 2.895025039934536748e-01 5.595397019600354405e+00
1.482224416248924814e-01 4.550066156851220178e-01 2.721459004522989389e+00
6.031739404060699750e-01 2.006645084770066478e-01 4.063006541747300915e+00
6.305252998974820722e-01 1.913624978602875004e-01 4.528724080449964440e+00
9.078334490804390589e-01 1.530553791447372691e-01 1.250735386381665926e+00
6.883505889300848279e-01 9.032466223666088534e-03 -7.556416702606425506e-01
4.343515067508667560e-01 7.540855844429160404e-02 2.603067922096751752e-01
7.539258616469863838e-01 8.046889533377716841e-01 -8.979984715867709300e-01
4.351704662181452021e-01 1.010051457756946103e-01 5.107184354397221737e-01
8.796147158750491357e-01 7.975097571189738721e-01 -3.817334955571994870e-01
2.042413407144047788e-01 7.705718802791097222e-01 -6.472193538695983905e-01
6.039342218447374400e-01 8.207588702334392972e-01 -7.075558490644384690e-02
1.211457305376867008e-02 2.357271472848752325e-01 2.269396274331602292e+00
4.461180715088530202e-01 8.719686609082216711e-01 -5.328642135198066176e-01
5.528126569190768835e-01 9.754421542954488933e-01 -2.631474295018964016e-01
7.498615362835736597e-01 8.924763833714356442e-01 -4.449142710068088036e-01
3.436296553318272939e-02 8.526537205328316160e-01 -2.301938819693871152e-01
6.715136449694882881e-01 2.522912522718971373e-01 3.672535336584274113e+00
1.660469639543302456e-01 3.460835710332507698e-01 6.730186988815840543e+00
7.683361891574550517e-01 6.968891373090004837e-01 -6.991874158315195542e-01
8.741278386217794516e-01 6.554009930616342405e-01 -2.420700460538055543e-01
9.418186635494392167e-01 8.092221150802507701e-01 -2.670561801692695747e-01
3.314226965601501096e-01 2.187716460419328046e-01 1.538506694934887731e-01
6.947116734610930822e-01 5.406581681166321429e-01 -8.960696095355223934e-01
3.300469127310716733e-01 2.532591828628691366e-01 -1.384150466230493759e-02
7.488847923293834308e-01 3.372817300330496759e-01 -3.009858230656460076e+00
4.351568182705020660e-01 5.824234207197158675e-01 2.743155683323155181e-01
3.226628999055331515e-01 4.590833700841501219e-01 -2.736670649611712136e+00
4.092197441718899431e-01 5.677264724449403444e-01 6.702325326027682717e-01
9.683939588094944706e-02 1.255623768562769971e-01 2.330630705440094541e+00
9.776512746214383043e-01 4.359004746342308168e-01 -2.418025147111215745e+00
2.937139947782667071e-01 4.733591784175134598e-01 -2.831283302287978643e+00
9.288455564926775265e-01 3.545369230624401125e-01 3.548309988695225181e-02
