4.997062396253671435e-01 1.551725716783207143e-01 3.720102882819050771e-01
3.589653339731291304e-01 1.714956290746441347e-01 6.103612492224230746e-01
6.471433720861208272e-01 5.991302768385092792e-01 4.943967664745758661e-01
3.433184929794959317e-02 3.446497700120269569e-01 5.851933728546452329e+00
3.731543148382905628e-02 3.446889296481794873e-01 5.664933835512187876e+00
6.163756122623169631e-01 8.976685527719599489e-02 -1.164789859252607918e-01
7.093965551586594032e-01 9.702657569313742902e-01 -8.076361813299508530e-01
8.758405507364047660e-02 3.664509747543022722e-01 6.541491198471024227e+00
3.040658921920200153e-01 1.308883547569991146e-01 -9.312475747061696452e-02
7.109946812074249278e-01 6.946667407725105603e-01 6.209579450719671101e-02
7.751295564217226819e-02 2.600951598127753117e-01 1.582355707429406122e+00
4.982714078971131610e-02 1.868350740042284686e-01 2.211964285305858535e+00
6.094464859401674817e-01 5.357098593182593183e-01 5.467950771113097019e+00
9.821890610660243270e-01 3.849487157733083031e-01 8.418038455233106676e-01
4.996526411014209357e-01 1.047114780685822755e-01 -3.402850680645438941e-01
1.056572557570999993e-01 3.042285426164209050e-01 1.379380756090389681e+00
1.367847818204595001e-01 4.453019808028578774e-01 3.845204089675124060e+00
5.969955844863336081e-01 1.869960075303388480e-01 4.287861343517933577e+00
6.278135943974212374e-01 1.766096454824949147e-01 4.530609147116775759e+00
8.940344791536751767e-01 1.589365719625478734e-01 2.738701629012722183e+00
6.973196804174852659e-01 4.610317663221567136e-03 -4.580666062938173466e-01
4.443514491451932558e-01 7.537461569614481438e-02 -3.394281332344071395e-03
7.637266280030865495e-01 8.027027562596511512e-01 -1.999493680026434017e-01
4.450028871933100483e-01 9.918209948798319131e-02 -1.833298520433949141e-01
8.862136888348592922e-01 7.899961989821324693e-01 -8.501142657188779372e-01
2.142309990073211490e-01 7.701172076597812000e-01 -4.548294205624059394e-02
6.124758837223986951e-01 8.155588690442368005e-01 -5.468510899197278619e-01
4.876372649184793073e-03 2.488652009802702070e-01 2.074356333341600855e+00
4.561005056051398165e-01 8.725611214666481041e-01 5.928077058611602723e-02
5.627935050671221129e-01 9.760607577594405670e-01 6.189986801718030951e-02
7.598485918859032573e-01 8.919677377227002157e-01 -5.088652328200082842e-02
4.435412747072711714e-02 8.530740574664507081e-01 4.204608095488887587e-02
6.591097764092156419e-01 2.438565593468714210e-01 3.738772746406610281e+00
1.550240360985271348e-01 3.359103187761915965e-01 3.886926007403720629e+00
7.770815766247852752e-01 6.920395808296651019e-01 -5.063124521560171676e-01
8.841192987279404836e-01 6.549878043069571332e-01 -4.133064144735087986e-02
9.514756974937482736e-01 8.118185925784131562e-01 2.626574247909083670e-01
3.407327690513018426e-01 2.151216391639256265e-01 -3.736335418457042423e-01
7.043066096370590445e-01 5.378408644803265304e-01 -2.855970463433850082e-01
3.400467884863357937e-01 2.532093342993932406e-01 -4.984876992432593634e-03
7.357912429977665481e-01 3.299633308979575963e-01 -2.631918001243748861e+00
4.491972946884501550e-01 5.771446877318632263e-01 -3.596167580856541313e-01
3.079333621290342160e-01 4.562477542972900313e-01 -2.951407154663544308e+00
4.228723297964083749e-01 5.739399180080070328e-01 4.270963212377120177e-01
9.090032624200665434e-02 1.393365356989718085e-01 1.977885404963635629e+00
9.853076176719537393e-01 4.230016215420824843e-01 -1.035119855184285953e+00
2.787827446483152616e-01 4.719246856302103388e-01 -3.045813427245483762e+00
9.430119504280647380e-01 3.594677731785382857e-01 3.349514740434801352e-01
