5.094002741587057015e-01 1.576273006789314368e-01 2.480074882742931419e-01
3.671931508525829169e-01 1.771792044808629396e-01 6.045082482032405613e-01
6.618278190699247165e-01 5.960697185920692531e-01 -2.054801335300227572e-01
4.927448263215744584e-02 3.459603840053218637e-01 6.370671130082158129e+00
5.221135783119318363e-02 3.429250197145651824e-01 6.165318589310670561e+00
6.260185971626680557e-01 8.711867812836324165e-02 -2.680148834988979600e-01
7.175118886801256091e-01 9.644226959326025472e-01 -6.240247461065004941e-01
1.024981786841249048e-01 3.680537588730128373e-01 6.390241962934151587e+00
3.139925974265768693e-01 1.296798336830326526e-01 -1.211482366633157004e-01
7.199951255487577750e-01 6.903087593982307757e-01 -4.509248621729423090e-01
6.785182757772330320e-02 2.715695924576739806e-01 2.270610050766313393e+00
3.870555342480279382e-02 1.969003755141042200e-01 2.406008882551285311e+00
6.231324349644011829e-01 5.295702502666929101e-01 5.861490616491404460e+00
2.685372819451868898e-01 2.685372819451868898e-01 -2.823928499011419735e+00
5.094561884917547800e-01 1.027390535287129314e-01 -1.985443164243524405e-01
1.001371434162334484e-01 3.181758850064324573e-01 1.947661543594420674e+00
1.264087854983949599e-01 4.344696818629050217e-01 3.948502787805113545e+00
5.895486044416646809e-01 1.739751593162514320e-01 4.192866896537399413e+00
6.212201710035394342e-01 1.631364584820479968e-01 4.257278490821161832e+00
8.806175791969023114e-01 1.522293523038555918e-01 3.605166900497994931e+00
7.072251618251483851e-01 3.238662428681426085e-03 -1.375993203794992348e-01
4.517840523688202992e-01 6.868459257808845475e-02 -7.328656619024949137e-01
7.706634278319107745e-01 7.954999229188869370e-01 -8.042106830686586161e-01
4.549288394135485025e-01 9.796740918937081599e-02 -1.217697377859133512e-01
8.948348945354231976e-01 7.849291670828285605e-01 -5.313564030382177394e-01
2.235884762898376066e-01 7.736439085128715698e-01 3.604229991508161035e-01
6.211336560397211493e-01 8.105545730396618298e-01 -5.240949065544200369e-01
1.984168842708534247e-02 2.498846732298782292e-01 6.351202556914808284e+00
4.625418215642436159e-01 8.649119745393760716e-01 -8.709088823628390319e-01
5.727025025217324927e-01 9.747147379064946549e-01 -1.350117814924793880e-01
7.687363228391309589e-01 8.873842632215125370e-01 -4.761349442994632364e-01
5.335204302252975067e-02 8.574372576363521459e-01 4.515047811773875708e-01
6.544714999923819665e-01 2.295916937014808590e-01 4.398017908110339214e+00
1.442327920841564859e-01 3.254916311130398587e-01 3.909427439210689137e+00
7.839405870943606525e-01 6.847626326109228501e-01 -8.149551284284122232e-01
8.922819695478028112e-01 6.492110573775367044e-01 -6.158771008411130232e-01
9.613520931887200582e-01 8.133860134141629450e-01 1.573910934052612509e-01
3.496978117334819114e-01 2.106912881951321370e-01 -4.589813321121341549e-01
7.143065662067417110e-01 5.378113923840314170e-01 -2.947213896125788768e-03
3.499558174003147837e-01 2.518635460612484445e-01 -1.349884073383859073e-01
7.246835595769688387e-01 3.198826876137551567e-01 -2.404628560898927958e+00
4.641066004191711225e-01 5.754976896663235308e-01 -1.100217013857065496e-01
2.929552848125482889e-01 4.554370756301413525e-01 -3.087521064449350039e+00
4.339164822825699042e-01 5.840901246986321960e-01 7.432446716957077371e-01
7.700645153235374796e-02 1.449898750265257164e-01 2.755157024022550249e+00
9.862320762159760834e-01 4.080301360980664316e-01 -1.509126674844543547e+00
2.638301167685428439e-01 4.731158697003913782e-01 -3.221088629077122345e+00
9.574424515405739466e-01 3.553737974040778180e-01 -2.764391383618816089e-01
