5.156783128774363734e-01 1.498435849951388898e-01 -8.920677759339484814e-01
3.747765445950119179e-01 1.706606049880816101e-01 -7.100345199907889260e-01
6.768141187737161113e-01 5.954287652488832183e-01 -4.274323689398401571e-02
6.309345428582670279e-02 3.401263440298772922e-01 5.883708932199951391e+00
6.633204761595744292e-02 3.378647707085918328e-01 5.939084923438001873e+00
6.278171014205069511e-01 7.728173843989633029e-02 -1.389961931269517503e+00
7.274441839708412072e-01 9.632610116992461613e-01 -1.164313070565761721e-01
1.152185461718454040e-01 3.601044034917669223e-01 5.724635418750213312e+00
3.238832226440251927e-01 1.282048649348976888e-01 -1.480369864916428191e-01
7.245852576735956063e-01 6.814244649931284759e-01 -1.093912157440381172e+00
7.015893777226199501e-02 2.863911052870128371e-01 1.416376003311845100e+00
3.536713974943841987e-02 2.115241573140402565e-01 1.795236808079796464e+00
6.373009013905157616e-01 5.246453584778244528e-01 5.948654398267955834e+00
2.634434840554304991e-01 2.544286596503519404e-01 4.365911714918627951e+00
5.112230717889750808e-01 9.289638501788700931e-02 -1.393175504739659898e+00
1.144359766263396971e-01 3.136434056816519433e-01 5.976222001580458354e+00
1.408419515324694227e-01 4.303851111103241256e-01 -2.757874525245308517e-01
5.779570445049340144e-01 1.644548789509900910e-01 3.829193944201469524e+00
6.188453918351478622e-01 1.483256373062531441e-01 4.553401425969900274e+00
8.664883460918535452e-01 1.471930072140912871e-01 3.484000720464011103e+00
7.131754815798992952e-01 9.952016421589408024e-01 -9.334908934441716877e-01
4.524941271011068689e-01 5.870983474270376895e-02 -1.499729047098489421e+00
7.802270053245072834e-01 7.925779397664540760e-01 -2.965246659137409369e-01
4.577453122859425072e-01 8.837222912023878774e-02 -1.285285862929745448e+00
9.046232329595121913e-01 7.869757327171300609e-01 2.061128313921243294e-01
2.334507586863934225e-01 7.719900082950272857e-01 -1.661534662829982079e-01
6.254895998872291862e-01 8.015531424201793875e-01 -1.120097832904976443e+00
2.089570093413110896e-02 2.648475959936630875e-01 1.500470872916332965e+00
4.687720628076947893e-01 8.570899483281952946e-01 -8.981933835650526277e-01
5.783643657536697846e-01 9.664719650270058304e-01 -9.689245551261900236e-01
7.787257342781231939e-01 8.878443274589082890e-01 4.602266868102561359e-02
6.255406369725241555e-02 8.535228208311429476e-01 -4.021999435472344842e-01
6.509653258879366522e-01 2.150072244567905744e-01 4.476461431002719316e+00
1.566151604032133549e-01 3.170254067591016245e-01 5.683460946585722873e+00
7.939190671854640113e-01 6.854183269539312340e-01 6.561650976746785657e-02
9.022283464850980872e-01 6.502452652005784595e-01 1.036060376934127558e-01
9.712663859565811020e-01 8.146924585577256517e-01 1.310190379706878405e-01
3.524362358174546461e-01 2.010735424334519073e-01 -1.293410430711232628e+00
7.242806304804388917e-01 5.385311436356152726e-01 7.203741402167412877e-02
3.594363838684286883e-01 2.486825305875868808e-01 -3.237263452738582403e-01
7.131809189920866876e-01 3.102551614738259245e-01 -2.444703749522941116e+00
4.784437840623814164e-01 5.799073569078353474e-01 2.983859024681316252e-01
2.781453414434864602e-01 4.578173229713185521e-01 -3.300949420130434131e+00
4.415966973361985515e-01 5.969747782341378040e-01 1.033268129068302565e+00
6.312487212946465975e-02 1.506733381680694095e-01 2.752987928816636121e+00
4.715927232235017641e-05 4.021868938348830969e-01 -4.001423856317199435e-01
2.489706257705419368e-01 4.710675710697396212e-01 -3.004611430627968094e+00
9.724200764665710262e-01 3.545548031573627079e-01 -5.462678088894673545e-02
