5.175220171324337315e-01 1.400150167057030159e-01 -1.385365058652250125e+00
3.822217790219463174e-01 1.639846418120304294e-01 -7.309756106531268838e-01
6.917976991838931111e-01 5.947271114227276056e-01 -4.679399717314131069e-02
6.710577395517310084e-02 3.256729260648775770e-01 4.983174046156261916e+00
7.881910951258992715e-02 3.295537367663154971e-01 5.695941200132468296e+00
6.286358899602768613e-01 6.731531554463739131e-02 -1.488825707729295900e+00
7.371054902568058287e-01 9.606804767065013628e-01 -2.610069204920599795e-01
1.289958665405432081e-01 3.541726715812483217e-01 5.876628884858064339e+00
3.323269660811746795e-01 1.228473284891425515e-01 -5.654000425953663589e-01
7.345067243336730334e-01 6.801736655236003681e-01 -1.254084105315467768e-01
8.466575280263299863e-02 2.825763552723196126e-01 6.026044233135280592e+00
2.249592122557913729e-02 2.192268668185627933e-01 2.602317712819701701e+00
6.516875555830492495e-01 5.288908479836953447e-01 6.570139871764381745e+00
2.698938375955526880e-01 2.467871323679670381e-01 -8.697267788346216832e-01
5.112602442750918685e-01 8.289645410781187884e-02 -1.567079069622379306e+00
1.276378266269332373e-01 3.065222290540272621e-01 5.788510906924453359e+00
1.258504159130586497e-01 4.298812661223190279e-01 3.175188639010269931e+00
5.689610710326612475e-01 1.524518601104581372e-01 4.069223373364432739e+00
6.173420551741966023e-01 1.334011614734528506e-01 4.611997992014046588e+00
8.541999362837060517e-01 1.385909734785712444e-01 3.752326639341808878e+00
7.202263934293152703e-01 9.881104756757898011e-01 -7.882445996900009355e-01
4.576611455520182004e-01 5.014818067774984983e-02 -1.027802114397121436e+00
7.893578358337453027e-01 7.885002033586454573e-01 -4.200144430221816605e-01
4.570585945553659601e-01 7.839583604666194860e-02 -1.639522188580539552e+00
9.146189269369655594e-01 7.866823014490240684e-01 -2.934733927501906314e-02
2.429100969150262412e-01 7.752336051066432976e-01 3.303347322967381539e-01
6.336996740560075780e-01 7.958439671607258070e-01 -6.076229826254515576e-01
3.229964887451954036e-02 2.551033684012414815e-01 5.576107156233611306e+00
4.784654144829535438e-01 8.546325242093752994e-01 -2.482855162831085760e-01
5.865819453255998184e-01 9.607735980697980072e-01 -6.063071159950886857e-01
7.879393313718580094e-01 8.839572168875041713e-01 -3.992322219000319361e-01
7.255391723078885580e-02 8.534686977508655348e-01 -5.412334451947857158e-03
6.392031737885969234e-01 2.056985307787282946e-01 3.811074263888619917e+00
1.665088538366240878e-01 3.057508854723380298e-01 5.432648239407184221e+00
8.032832853775881965e-01 6.819095639738641523e-01 -3.585067338682743632e-01
9.098722055239134576e-01 6.437976750310097085e-01 -7.007079777041833601e-01
9.789260412422033930e-01 8.082636421110196423e-01 -6.982544610743420810e-01
3.566508496515626292e-01 1.920050789346366138e-01 -1.135740108475032262e+00
7.338468012831730336e-01 5.414446254311510165e-01 2.956358558566221095e-01
3.641185383800101261e-01 2.398463872473236835e-01 -1.083526233471727718e+00
6.995023462929278457e-01 3.040991360585255099e-01 -2.718698134749631734e+00
4.890412004132763113e-01 5.692915777708249525e-01 -7.862637935444708459e-01
2.645274778016209472e-01 4.641065033496792336e-01 -3.574243310940445895e+00
4.496483876635161692e-01 6.096306181064251595e-01 1.004181057288243251e+00
5.030004400611562398e-02 1.584530414790289998e-01 2.596325073011802154e+00
1.249260728910948567e-02 3.938136732082992419e-01 -5.922324981532465227e-01
2.383987781175089526e-01 4.604263287925869919e-01 -2.352923190404904830e+00
9.873707824958477541e-01 3.533397355764645309e-01 -8.109335628181027489e-02
