5.231917958025736892e-01 1.317776864445306395e-01 -9.679639497796811431e-01
3.855379985163697176e-01 1.545505182032999303e-01 -1.232774032973019018e+00
7.010668910698345524e-01 5.909745014267917540e-01 -3.846783359580471795e-01
8.169044562020710831e-02 3.221675940658860204e-01 6.047315497273463514e+00
9.157814551083022503e-02 3.216665953072310735e-01 5.729518876760137047e+00
6.310772942566590382e-01 5.761791666341121998e-02 -1.324163126005857061e+00
7.449826948647862990e-01 9.545201481792221498e-01 -6.636964872607965527e-01
1.438655675057482486e-01 3.521998580560056213e-01 6.151282254070886246e+00
3.325821997420461695e-01 1.128505862308687019e-01 -1.545270188728703475e+00
7.431216083794972560e-01 6.750958930910269107e-01 -5.326026870895760323e-01
9.945974921548177139e-02 2.800989231064233143e-01 6.117262895909425957e+00
1.861628965788300269e-02 2.337164651186860731e-01 1.832412536710823270e+00
6.666805144896567059e-01 5.293503947438631396e-01 6.313826552404585790e+00
2.742529834891482832e-01 2.377872519755201974e-01 -1.119742075921318580e+00
5.155276487111566386e-01 7.385271265976867117e-02 -1.129910840020468488e+00
1.385380711384320840e-01 2.962176344676527018e-01 5.525870041646761877e+00
1.111840210043888721e-01 4.330271937093663759e-01 2.930295371769173318e+00
5.711701716365024106e-01 1.426989182710894088e-01 -1.348048841031433520e+00
6.049445631862386819e-01 1.249570989198878629e-01 3.739528320124053007e+00
8.404975791007547326e-01 1.446938750532995865e-01 2.722578483163160534e+00
7.281966872401738344e-01 9.820710703599835334e-01 -6.484359254353606605e-01
4.580727895938180860e-01 4.015665681084893551e-02 -1.529620288171248843e+00
7.961920395040279486e-01 7.811999526647929182e-01 -8.183586321460971647e-01
4.604624973823679412e-01 6.899299362831164129e-02 -1.223464391583534816e+00
9.229058391168967201e-01 7.810852409238815408e-01 -5.940310445681223905e-01
2.525800864009759561e-01 7.726858014757442827e-01 -2.576205638863467984e-01
6.429332638297156066e-01 7.920045896212182246e-01 -3.940571319842507414e-01
3.095160817898624794e-02 2.700426718081338495e-01 1.660787120040722042e+00
4.879512717598635252e-01 8.514673209422699562e-01 -3.220589563021263868e-01
5.878741511317537860e-01 9.508574393299158434e-01 -1.441213396817607739e+00
7.979389399400783622e-01 8.838687381760917949e-01 -8.847986587640188638e-03
8.107921862479004760e-02 8.482419170838161326e-01 -5.499892528656976642e-01
6.389235514338291733e-01 1.907011372939018679e-01 4.693746410228952115e+00
1.559800740577561018e-01 2.950670286608630399e-01 3.934301283526695059e+00
8.126414177957882456e-01 6.783846018969853509e-01 -3.602371888850104398e-01
9.170289965289093459e-01 6.368133824747940208e-01 -7.732003786355327035e-01
9.827556287103460519e-01 7.990259876563517993e-01 -1.177799228485386873e+00
3.615087044789903059e-01 1.832642982786747143e-01 -1.063534741883114476e+00
7.438465854303206726e-01 5.413789214704239905e-01 -6.570443347731186323e-03
3.652842928116649679e-01 2.299145688536418375e-01 -1.453955215575279070e+00
6.949126916620056438e-01 2.898185523740658964e-01 -1.881760779798472116e+00
5.001991148296780487e-01 5.592665617670345979e-01 -7.319674009261186720e-01
2.524878790522707694e-01 4.551595450981478774e-01 -2.502504402344321921e+00
4.512575764578684590e-01 6.245440520310493460e-01 1.463310224174911189e+00
3.898389436041587580e-02 1.682990943529541483e-01 2.425551108065443717e+00
2.034138929877465571e-02 3.810310044351221670e-01 -1.020133565936466757e+00
2.249578032868795041e-01 4.537674853793217666e-01 -2.681620790972558233e+00
2.161872045342239090e-03 3.508450071465882836e-01 -1.670916667545906953e-01
