5.291573137393317250e-01 1.237519406383006393e-01 -9.315985447167036693e-01
3.854950338363343776e-01 1.445506105019123966e-01 -1.575092808017080959e+00
7.099217256080342375e-01 5.863277923438917627e-01 -4.832629229457273690e-01
9.316872154480572432e-02 3.125110324729182820e-01 5.583769485826690193e+00
1.058809541435476453e-01 3.171466765893928841e-01 5.977100315224399552e+00
6.338125577617904627e-01 4.799927156352859492e-02 -1.293739034848628178e+00
7.537676012886236343e-01 9.497425526412531793e-01 -4.981026026666303674e-01
1.581865131725490592e-01 3.566619780912063109e-01 6.585231792971191211e+00
3.404436800290763232e-01 1.066702037429771710e-01 -6.662448513577013953e-01
7.506067105136491335e-01 6.684646604724773233e-01 -7.249837264796339387e-01
1.065058094148764040e-01 2.668568297799697175e-01 5.201382213858835257e+00
1.152864156382928627e-02 2.469363457722644761e-01 2.062932777056301958e+00
6.803211958275537929e-01 5.231108584920294291e-01 5.854177109224766085e+00
2.752784629020920137e-01 2.278399713434264007e-01 -1.468067795865387826e+00
5.223699110515614974e-01 6.656001452635620930e-02 -8.172541714372439925e-01
1.472898391511996696e-01 2.840354114910897398e-01 5.335360688785994121e+00
1.189302160989364476e-01 4.458722885535941760e-01 1.028139443367995565e+00
5.606574215724582366e-01 1.319992880863148643e-01 3.935800544318351246e+00
6.057542760386598335e-01 1.099789693605395385e-01 4.766396087748039356e+00
8.257610558363959186e-01 1.418947891169601849e-01 3.329298701207259903e+00
7.338089374176401947e-01 9.737944377146664499e-01 -9.749311762758994249e-01
4.567770769022605482e-01 3.024095569489466256e-02 -1.700732918545971195e+00
8.050328452855002315e-01 7.765266077027463965e-01 -4.862733660321728046e-01
4.611083089926645284e-01 5.901386904927134747e-02 -1.506170189576369722e+00
9.309644676217003756e-01 7.751642184934590674e-01 -6.336650343356140525e-01
2.619462932553100476e-01 7.691823504397192757e-01 -3.579395343640978666e-01
6.484559719306427494e-01 7.836679418997444246e-01 -9.857106499881249650e-01
3.727175471900599779e-02 2.564391521270852348e-01 5.147314771804350819e+00
4.885596933894502114e-01 8.414858469468797786e-01 -1.509916563898639374e+00
5.870063374052774119e-01 9.408951655264039537e-01 -1.657686995430404320e+00
8.078449587867728710e-01 8.825009696982664131e-01 -1.372069465950815359e-01
9.103008638278677067e-02 8.472518509936680653e-01 -9.916907557601595258e-02
6.365598870224288275e-01 1.758885382461223279e-01 4.554151829291718023e+00
1.699281967067313159e-01 2.895488881616419263e-01 5.906461464014764573e+00
8.180842251302063994e-01 6.699955704677674762e-01 -9.952648400443557808e-01
9.239880518923805353e-01 6.296320491412031872e-01 -8.011162365996160606e-01
9.911914705943863924e-01 7.936560182237134553e-01 -5.668731812297757022e-01
3.689244619787663271e-01 1.765556068485584218e-01 -7.353801889363243971e-01
7.517425145865296310e-01 5.352426112794274049e-01 -6.606510153745162039e-01
3.634829027951461122e-01 2.200781572107516348e-01 -1.751924089587567401e+00
6.930381617917283910e-01 2.749361420260933997e-01 -1.696092568277747903e+00
5.143174734925879399e-01 5.541998124476544829e-01 -3.445607613852532669e-01
2.375666394108380541e-01 4.566946697064246941e-01 -3.244113792623638304e+00
4.518922694412851881e-01 6.395306181759939923e-01 1.528470825042414605e+00
3.411872132456315876e-02 1.824881778797789733e-01 1.901115400422255020e+00
2.974517948531984340e-02 3.693447419818209898e-01 -8.932036361579769324e-01
2.111602394554665252e-01 4.478829945501943688e-01 -2.738462612668857155e+00
1.409224979035115545e-02 3.417529179003591100e-01 -6.511975014402014983e-01
