5.273132298727758460e-01 1.139234435663619011e-01 -1.756266218358839115e+00
3.892776414063051638e-01 1.352936196316781858e-01 -1.182879595943105322e+00
7.241929993612357119e-01 5.817092703442491297e-01 -3.129865532432659636e-01
1.027661117827398940e-01 3.009832356053114277e-01 5.406660836047027630e+00
1.119561272503715177e-01 3.034320029978660460e-01 5.129380432984687488e+00
6.356785810601592868e-01 3.817491626407281541e-02 -1.383093739204503070e+00
7.629338988695896218e-01 9.457451799219316335e-01 -4.112302041697729615e-01
1.454817402437082741e-01 3.486877229644503307e-01 3.702101212621704995e+00
3.437958829917627801e-01 9.724880600713371737e-02 -1.228957280954049658e+00
7.595642798229169657e-01 6.640192187543054736e-01 -4.606653216801039341e-01
1.085461998657978600e-01 2.817174087326144716e-01 1.434347281553834730e+00
3.672059942691962772e-03 2.597142221697887332e-01 2.122069372854834324e+00
6.929768575902065519e-01 5.150588882145551439e-01 5.716547917281924462e+00
2.759576736127959951e-01 2.178630643672907208e-01 -1.502822923950845047e+00
5.284333358133672665e-01 5.860797829920524893e-02 -9.193433268833882677e-01
1.591933974938898599e-01 2.749082378441072838e-01 5.629043736804829834e+00
1.062070942969496334e-01 4.379273422597663723e-01 3.699795963189212777e+00
5.561306704467667839e-01 1.176986404000717190e-01 4.405826255413809456e+00
6.037473243328093098e-01 9.511383751280996779e-02 4.578189753907650150e+00
8.388519361330454283e-01 1.345716167812307240e-01 5.773146071708967320e+00
7.370251489498157449e-01 9.643257533614787436e-01 -1.243355215341420683e+00
4.575846234153664871e-01 2.027361559689607601e-02 -1.489953645838713703e+00
8.110812079349940529e-01 7.685631091461943010e-01 -9.212360823603356064e-01
4.584718635222642669e-01 4.936767004232534700e-02 -1.837594810777636756e+00
9.400644467185682585e-01 7.710180901263473663e-01 -4.275173065755102364e-01
2.713897198362080765e-01 7.658927160510389243e-01 -3.352057113839359004e-01
6.564879346171760277e-01 7.777107969961738476e-01 -6.381549144196593248e-01
2.951309250836990292e-02 2.692767204599607056e-01 2.114424068658346201e+00
4.876807149312177847e-01 8.315245520074673324e-01 -1.658807751529022489e+00
5.941546992006595529e-01 9.339022459900213624e-01 -7.744065145281553431e-01
8.164360486159897290e-01 8.773830428185300789e-01 -5.372701792705723012e-01
1.010151412940435145e-01 8.467053362004670625e-01 -5.467872131310691497e-02
6.374799448492605158e-01 1.609167817160659375e-01 4.773764695081168519e+00
1.834430010396158328e-01 2.830411954949707543e-01 5.834428046189869654e+00
8.224756016614582776e-01 6.610113725536089779e-01 -1.116157727299199820e+00
9.279794049091781849e-01 6.204631287524496885e-01 -1.160222749922117380e+00
9.997444175398249033e-01 7.884745996391446798e-01 -5.446770012925356008e-01
3.671726254430338621e-01 1.667102491226008232e-01 -1.746888630107091833e+00
7.569087543475840896e-01 5.266804873179736779e-01 -1.027893062767877064e+00
3.594394684904684278e-01 2.109320848830387451e-01 -1.987057172923561321e+00
6.808327056712231151e-01 2.662168048442647983e-01 -2.521280551434187167e+00
5.289185762069466001e-01 5.507635645630064580e-01 -2.311357237433331324e-01
2.225835181657367656e-01 4.559832782849172483e-01 -3.094148762069175440e+00
4.519021875454930504e-01 6.545306148970339022e-01 1.570135119799527024e+00
3.547143429523968994e-02 1.974270589496236461e-01 1.480492778595115633e+00
4.415817696475984877e-02 3.651895640484881800e-01 -2.806828723060613706e-01
1.997980909506663627e-01 4.380900592724103482e-01 -2.430235542378328617e+00
2.205870186352050163e-02 3.290432506597939510e-01 -1.010901832309710535e+00
