5.285884862495831005e-01 1.040050908214040781e-01 -1.442922481030134430e+00
3.918386984333699918e-01 1.256271318049584085e-01 -1.311804945062457595e+00
7.382227135879251279e-01 5.764019999801704985e-01 -3.616500443397865361e-01
1.128367788320617099e-01 2.898665065368442040e-01 5.448455300482882180e+00
1.212252459972798235e-01 2.916386388613818048e-01 5.378510452572117906e+00
6.383540516043015867e-01 2.853946830523733380e-02 -1.299949949961054285e+00
7.647522838967690806e-01 9.359118958371037689e-01 -1.387940524416175325e+00
1.571270421899441938e-01 3.392332561587021456e-01 5.601248583828567718e+00
3.420623021327455215e-01 8.740021740747898338e-02 -1.745034692741308513e+00
7.693691205276924627e-01 6.620532333133678504e-01 -1.978875466104248471e-01
1.232851145224991979e-01 2.789309423785246711e-01 6.096335537356011969e+00
9.933107773362401804e-01 2.705605958840417991e-01 2.333325082635784309e+00
7.067289712196711537e-01 5.090689490894642066e-01 5.872400165311020714e+00
2.793003350923121131e-01 2.084382771424585779e-01 -1.229969844756750863e+00
5.306103202423319010e-01 4.884781750155208629e-02 -1.351340592883919278e+00
1.662021199243030045e-01 2.881701309930292387e-01 1.084620612437427578e+00
9.249921821139170386e-02 4.440178375781283493e-01 2.723483711177649980e+00
5.540590822601805243e-01 1.028423783404149722e-01 4.573840268884329596e+00
5.919754112352398900e-01 8.581749080976189270e-02 3.810024978626760372e+00
8.419057810133145914e-01 1.250493254893590978e-01 -1.260454146849391277e+00
7.420126107654460013e-01 9.556582724911433235e-01 -1.048644731944453179e+00
4.557298155224395186e-01 1.044713669139101832e-02 -1.757357445874885737e+00
8.199559586157272317e-01 7.639545518497266041e-01 -4.789591868939879760e-01
4.575670582792697449e-01 3.940868779150023121e-02 -1.661400764672807728e+00
9.496550496294290378e-01 7.681860703866227880e-01 -2.871311289111213028e-01
2.812160609327242766e-01 7.640371782166316406e-01 -1.866354027176460595e-01
6.605203105979458034e-01 7.685598438245249131e-01 -1.155744236981504747e+00
3.735119751340020000e-02 2.564875019564664682e-01 5.262216683282875174e+00
4.887394839562647642e-01 8.464871389546366753e-01 1.500152982393693435e+00
5.909421814641946380e-01 9.244323077751808171e-01 -1.897847357538907875e+00
8.257215375184279171e-01 8.736709415479964047e-01 -3.803119271252489719e-01
1.099447407772197183e-01 8.422039749541262443e-01 -4.669177752287962946e-01
6.282711383248900106e-01 1.490762630451330228e-01 4.051371374718405249e+00
1.878701558753340106e-01 2.687094021647354336e-01 5.011994849093933446e+00
8.323315846770396043e-01 6.593203377235204998e-01 -1.699199809907355752e-01
9.339095773762676744e-01 6.124112311804127406e-01 -9.359953847130625393e-01
8.713892491883257208e-03 7.840532289145392131e-01 -4.579798841088306149e-01
3.631229990241228722e-01 1.575669168051544999e-01 -1.987734298736763439e+00
7.622473827147078218e-01 5.182247763982613664e-01 -1.007633997955506233e+00
3.573817162640662293e-01 2.011460920476266512e-01 -1.778052143940618279e+00
6.762049165208667834e-01 2.519485334850620761e-01 -1.884432305272622843e+00
5.388547498292368676e-01 5.395264629016481850e-01 -8.467630050533282438e-01
2.085331039111869011e-01 4.507310540631668250e-01 -2.783863251696741425e+00
4.599284414288234979e-01 6.672026016631382728e-01 1.006189633531177963e+00
3.981737138784887525e-02 2.117836891526721221e-01 1.276852499852193734e+00
5.745756201794899320e-02 3.721268803312454687e-01 4.807990171149760794e-01
1.848016727019101690e-01 4.384178392418591197e-01 3.119738916162157594e+00
9.085450619649111659e-03 3.215136588937425044e-01 -2.615714400844729948e+00
