5.254667819595248979e-01 9.450482964997135304e-02 -1.888273103642553519e+00
3.966124483829912561e-01 1.168401350814759765e-01 -1.073131421542603992e+00
7.461806170243978631e-01 5.703462776536618595e-01 -6.504847454921676153e-01
1.143898371903645933e-01 2.749471228452936011e-01 4.816112088135263924e+00
1.287583082444144766e-01 2.786674024831179985e-01 5.238534764415248013e+00
6.394221159998024762e-01 1.859666998448963188e-02 -1.463785769877540721e+00
7.731338982009139382e-01 9.304576734675488181e-01 -5.768927978837594672e-01
1.588210559602941108e-01 3.243292192107519178e-01 4.825564683409327316e+00
3.439714533328044888e-01 7.758415191791986909e-02 -1.378701997007661273e+00
7.774711573640789020e-01 6.561917489363658929e-01 -6.262968000706454763e-01
1.285719061969700094e-01 2.929683863691786017e-01 1.210605545684768858e+00
9.790496816164219185e-01 2.752104505989960148e-01 2.826409808675323987e+00
7.202708932546968423e-01 5.026178757216216431e-01 5.838613269147963969e+00
2.770044483080559283e-01 1.987053996710281545e-01 -1.802451378126385784e+00
5.308504712103101486e-01 3.885070154180753771e-02 -1.546778921047174959e+00
1.746044092075865750e-01 2.757442895808745464e-01 5.306959004587542772e+00
1.032641702207540008e-01 4.544636888232939098e-01 7.703550417557019081e-01
5.511975987339713390e-01 8.811784398345708091e-02 4.520447002246923418e+00
5.831989393286657331e-01 7.365305326118962159e-02 4.087387927112619224e+00
8.457825177382600756e-01 1.158313586655167204e-01 -1.172689765789362237e+00
7.470680061731496124e-01 9.470302381106039391e-01 -1.040789141435874976e+00
4.551579162950256108e-01 4.635035213630140510e-04 -1.628017470568201785e+00
8.244571673118296085e-01 7.550248754684610875e-01 -1.103895635152197352e+00
4.521208634168945029e-01 3.102185516403964741e-02 -2.146731670884725940e+00
9.560485397075785263e-01 7.604969036814066552e-01 -8.771449950291918540e-01
2.912089241996078104e-01 7.644149132155002579e-01 3.778248843245340938e-02
6.683632717826705205e-01 7.623559772999370932e-01 -6.692356000874799538e-01
3.644538630775397137e-02 2.714601271791762804e-01 1.631220502720053700e+00
4.847117422207563031e-01 8.609362668353097714e-01 1.842648569470590081e+00
5.871892703286143433e-01 9.151632378105922783e-01 -1.955507151197312332e+00
8.290291382803034459e-01 8.642337927624764715e-01 -1.233687456484541700e+00
1.162198336224875284e-01 8.344178841645664146e-01 -8.924461844174207403e-01
6.167171096097855409e-01 1.395104687524179043e-01 3.833126777319181500e+00
1.988485648039675646e-01 2.789306808223055989e-01 7.496991180127106080e-01
8.418426474633590173e-01 6.562316997268156094e-01 -3.139981911285937288e-01
9.437843077790111224e-01 6.108333530250615873e-01 -1.584500020034378398e-01
1.716737940502674475e-02 7.787110796270977353e-01 -5.635787791407789182e-01
3.653676776898472922e-01 1.478221018922050711e-01 -1.344399393266942688e+00
7.707354756496918036e-01 5.129377849733510741e-01 -5.570672650865738929e-01
3.571684371065345087e-01 1.911483667062821301e-01 -1.592125859819490952e+00
6.705271293591700266e-01 2.380646315498541332e-01 -1.958992200037716458e+00
5.536324743558181938e-01 5.420991769970103791e-01 1.723665137242680057e-01
1.939607151239019500e-01 4.471750049869852028e-01 3.380941348215593667e+00
4.490266663384638868e-01 6.775055769557037921e-01 2.384425933360171168e+00
4.501721673484351122e-02 2.258535721787437445e-01 1.216792263482462833e+00
6.582689713513548146e-02 3.845749416138801724e-01 9.788759991210369549e-01
1.698169314616663206e-01 4.390942488536591082e-01 3.096483382620487834e+00
9.944428455954823498e-01 3.182587982045201325e-01 -2.922861982651141943e+00
