5.280080750734256201e-01 8.483312714683155509e-02 -1.313848973582782742e+00
3.983438621566306459e-01 1.069911652701479032e-01 -1.396777996786328746e+00
7.605268188457325884e-01 5.659660386988177860e-01 -2.963339636285785561e-01
1.252812847856129286e-01 2.852610148982462346e-01 7.581685692568679302e-01
1.405734764195740172e-01 2.879087119678553908e-01 6.637656078802515180e-01
6.392891916090394089e-01 8.597553468199792270e-03 -1.584089157340155429e+00
7.735004008736865444e-01 9.204643919348964864e-01 -1.534137849523785846e+00
1.737665583905236844e-01 3.230517384445554807e-01 6.197916632498418288e+00
3.491611094420701278e-01 6.903620073254439216e-02 -1.025155922996047408e+00
7.872059512307888474e-01 6.539040014912430587e-01 -2.308188610632559423e-01
1.404466690635607085e-01 3.021329925725153576e-01 6.572900285945868504e-01
9.675352200026779981e-01 2.655970654644236317e-01 3.837252818829693268e+00
7.346660174786331376e-01 4.984011947309082702e-01 5.998232599819871780e+00
2.827036046702328109e-01 1.904883675572136559e-01 -9.643931446458167134e-01
5.240591013217255068e-01 3.151058607701913428e-02 -2.317382574968001929e+00
1.893905331507514112e-01 2.732202969625478484e-01 -1.690704994737963762e-01
8.994466188188604550e-02 4.613622899576418357e-01 2.663702481748019490e+00
5.382729867633243570e-01 8.050506489772180085e-02 3.673895145500355230e+00
5.807636778468387995e-01 5.885205662193825765e-02 4.549316419793922428e+00
8.432180673468452348e-01 1.061657705204542418e-01 -1.830138769046661285e+00
7.440169796613872455e-01 9.375070434142573905e-01 -1.880842544905882097e+00
4.588801593421406033e-01 9.911820754686222479e-01 -1.189391943060175816e+00
8.321935843881497208e-01 7.486886422955718601e-01 -6.862277368963333180e-01
4.518958422557570187e-01 2.102438721075065853e-02 -1.593300342314658335e+00
9.614139261790453084e-01 7.520581461892279496e-01 -1.004466324215669282e+00
2.772640602702883816e-01 7.699412836331220866e-01 2.764278703794487146e+00
6.746463309933128372e-01 7.545763136211163236e-01 -8.914226086318584041e-01
3.829661575694184167e-02 2.863454538308309316e-01 1.447065566512789170e+00
4.855477684599744381e-01 8.759129507181770968e-01 1.515032347863676243e+00
5.829166866197775798e-01 9.061219420820485482e-01 -2.012254582381447054e+00
8.284584684548124134e-01 8.542500892437278059e-01 -1.627894329265932249e+00
1.206014591645054868e-01 8.254289266271466197e-01 -1.117242788662347275e+00
6.169752279929198169e-01 1.245126897535031585e-01 4.729597721949443390e+00
2.138357403838520576e-01 2.795508164024123055e-01 4.135415808113807046e-02
8.488046468959242752e-01 6.490532205075825178e-01 -8.007061937746151603e-01
9.519080794697287740e-01 6.050020295460308839e-01 -6.225791593523575251e-01
2.207916677916153120e-02 7.700004915418252605e-01 -1.057353865665678017e+00
3.638628651160995542e-01 1.379359732708543007e-01 -1.721851382197414626e+00
7.806003118583421108e-01 5.145763839409149831e-01 1.646021756441581885e-01
3.657900824226777425e-01 1.860820828568886531e-01 -5.312696366549461979e-01
6.624971347185586446e-01 2.253950148993096869e-01 -2.135698246622796059e+00
5.686093502170220804e-01 5.429317569860138137e-01 5.553387271153167881e-02
1.815620345715746597e-01 4.556173222376777576e-01 2.543797759012716320e+00
4.340868543821182479e-01 6.761631840515838210e-01 3.231205404093897116e+00
4.589026904865865786e-02 2.408281432796915700e-01 1.512559926874591953e+00
6.616093619501284273e-02 3.995712217495163698e-01 1.548525215094527674e+00
1.577421123952979787e-01 4.479936165005465876e-01 2.506451463660243295e+00
9.442645125223414482e-03 3.181812477849390586e-01 -5.170051004125483102e-03
