5.195136308554101356e-01 7.247010092235786627e-02 4.110383803310494244e+00
3.932737044242284319e-01 9.837179751093483304e-02 -2.102515343416859306e+00
7.750697354373746739e-01 5.622913173476752347e-01 -2.475005320352830496e-01
1.368633092196339107e-01 2.947928935173717013e-01 6.886022797301585285e-01
1.555724973245741771e-01 2.880800942638156448e-01 1.142573499576388096e-02
6.337311905049457517e-01 2.843937965169331117e-04 -2.160121446073688389e+00
7.761194662761121688e-01 9.108134595230610309e-01 -1.305799153369456622e+00
1.749458189337124714e-01 3.080981654744831544e-01 4.791087560949117474e+00
3.472998445530285916e-01 5.921094282179104745e-02 -1.758014588390339084e+00
7.947140545490960495e-01 6.472988228743072892e-01 -7.215082888260098137e-01
1.493140419996338286e-01 3.142313270534510816e-01 9.383022629069506237e-01
9.536154654931416896e-01 2.711863797689017530e-01 2.759760875572061956e+00
7.493978938793747213e-01 5.012246354887910371e-01 6.472544299393630851e+00
2.917697000817022768e-01 1.862686621184262425e-01 -4.356177543981110123e-01
5.224087980613142390e-01 2.164770114670204471e-02 -1.736585085662896821e+00
2.043304863895873680e-01 2.745611165706216550e-01 8.950744204304941776e-02
9.517554851996629095e-02 4.754206620177188203e-01 1.214585139123747437e+00
5.239084042217694304e-01 7.618548524145257739e-02 3.433701082481920963e+00
5.675614564727381461e-01 5.173156852144693979e-02 3.636214900741455036e+00
8.367577756521041854e-01 9.853264329638282415e-02 -2.273167135377761383e+00
7.442060675925972202e-01 9.275088312863681850e-01 -1.551886406709843014e+00
4.513810310305663154e-01 9.845667089204599431e-01 -2.418726628718553151e+00
8.407698523610774854e-01 7.435459165925488723e-01 -5.401592442418319262e-01
4.509890917907981023e-01 1.106558188107899417e-02 -1.661596089776097962e+00
9.707414200295125806e-01 7.484528919028432536e-01 -3.688311438511036044e-01
2.642808005877366750e-01 7.774536047135490735e-01 2.617045140798547553e+00
6.800610344832163090e-01 7.461691151509701747e-01 -9.986112836755568489e-01
4.838984057755457702e-01 4.838984057755457702e-01 -2.419845324773321149e+00
4.807219050587730469e-01 8.671544666922200717e-01 -2.074401599150958564e+00
5.806538040429994885e-01 8.963813382792181761e-01 -1.799061724739572599e+00
8.314182086087540391e-01 8.446981293285509285e-01 -1.270321266853346787e+00
1.206889144880686632e-01 8.154293090561401947e-01 -1.562050682952035086e+00
6.078847583657382980e-01 1.125810778775959420e-01 4.061327227812951079e+00
2.276865712858383295e-01 2.853088093969011196e-01 3.939796397334406342e-01
8.588042332693313075e-01 6.491441730269122967e-01 9.095377336317711503e-03
9.613353053400149895e-01 6.016662519169605483e-01 -3.400961780536159718e-01
3.139849264718688054e-02 7.663741758680934213e-01 -3.710901219190884115e-01
3.664017502165128892e-01 1.282636383693478987e-01 -1.314097940582237278e+00
7.888004666169916579e-01 5.088529704546992383e-01 -6.093582689827895527e-01
3.644272594286860900e-01 1.761753824229879972e-01 -1.707504050273658480e+00
6.517151300137632441e-01 2.149667660268589908e-01 -2.372871473082578397e+00
5.800866972406019118e-01 5.332740913622554535e-01 -6.995120096194724635e-01
1.684590865684139349e-01 4.629188805389218286e-01 2.633203732791197904e+00
4.418394845597146126e-01 6.890043960399213629e-01 1.027638391741065860e+00
4.992402102917945644e-02 2.552755944375825203e-01 1.298528100973400878e+00
6.405296887059977462e-02 4.144223656030788794e-01 1.711794199945279260e+00
1.482654217956348719e-01 4.596208403858193514e-01 2.254642923386191988e+00
9.944455996943344367e-01 3.184789529139691600e-01 -3.161440965391335567e+00
