5.157739044225960745e-01 5.794376462555846097e-02 4.460416027020567498e+00
3.883750128410484170e-01 8.965383784293445846e-02 -2.082735990482180721e+00
7.887491836881993512e-01 5.684453969338528756e-01 4.227522695800209340e-01
1.495775615599032604e-01 3.027520258462097491e-01 5.593186789343411736e-01
1.689028429619901239e-01 2.949577308627517880e-01 4.763168400624789856e-01
6.303261728674620645e-01 9.908819550230696382e-01 -1.918246825559660751e+00
7.738908694336453786e-01 9.010649541958969388e-01 -1.795543277722554398e+00
1.892001974937077557e-01 3.127685714384595972e-01 3.166242549546683938e-01
3.459691421936629263e-01 4.929987672218406891e-02 -1.704262453250622089e+00
8.022424785209538722e-01 6.407168146321401414e-01 -7.184264128074060451e-01
1.634420393569090968e-01 3.192711376325128025e-01 3.426533484692903531e-01
9.502966249932456311e-01 2.565581434522349324e-01 4.489286743351462938e+00
7.634712775340644075e-01 5.064149989161352838e-01 6.636515538317587115e+00
3.016416894747355193e-01 1.846737246827130086e-01 -1.601778106009711100e-01
5.152266805999807797e-01 1.468945504789169812e-02 -2.372025247271324133e+00
2.164710745758308130e-01 2.833705500650097187e-01 6.277133785307374980e-01
8.293420932984374438e-02 4.840895497683111448e-01 2.525407829384568981e+00
5.134425845473624683e-01 6.543994576952300024e-02 3.940177316847681688e+00
5.579840528014369250e-01 4.018716126438318104e-02 4.019849647677299131e+00
8.314184279956624568e-01 9.007738655257836735e-02 -2.134043723423642014e+00
7.462695558348104719e-01 9.177240463488108846e-01 -1.362954327974294166e+00
4.479645731151276622e-01 9.751684210278681597e-01 -1.919463829215546147e+00
8.500493775780438854e-01 7.398189323227022385e-01 -3.819152651059135595e-01
4.442955199531681831e-01 3.636174364023025095e-03 -2.304139544469356871e+00
9.789508088463143576e-01 7.427427311998008319e-01 -6.077430162207594355e-01
2.496762465693199984e-01 7.808751543512350013e-01 2.911463464015892733e+00
6.842146029761305703e-01 7.370725295951328082e-01 -1.142461269668119339e+00
4.709506035478863706e-01 4.763251358428536864e-01 3.670840995081371627e+00
4.888606157229692939e-01 8.797545218002146283e-01 9.972899934327135174e-01
5.758184516003965747e-01 8.876280893534870264e-01 -2.075485334324283393e+00
8.391227596684229795e-01 8.383231867430092077e-01 -6.912415846317387924e-01
1.292059925978903401e-01 8.101891391666045106e-01 -5.515605381112285155e-01
6.076351162468640599e-01 9.758315539438233710e-02 4.695745404067994677e+00
2.420949873432070854e-01 2.894798460447571276e-01 2.817833535786017363e-01
8.682812921377743853e-01 6.459527226976630176e-01 -3.248272062043413566e-01
9.687419919333699614e-01 5.949475471528102855e-01 -7.367312930387017733e-01
3.917422777462714611e-02 7.600862554465318555e-01 -6.799987372733349300e-01
3.673086511374356045e-01 1.183048467398564174e-01 -1.479981455970707183e+00
7.983546182625312904e-01 5.059003129510201147e-01 -2.997336584360036360e-01
3.706082375097388137e-01 1.683143704040717392e-01 -9.044757122376591019e-01
6.465215521602124538e-01 2.008945682923504727e-01 -1.924354972201418379e+00
5.651118697592459883e-01 5.341427350772666172e-01 -3.199534650351384624e+00
1.544526019354241775e-01 4.575506044445111220e-01 3.507594616986373204e+00
4.379780186617611704e-01 7.034988460508373453e-01 1.831159042570239315e+00
3.535902056770676150e-02 2.516894040414517919e-01 3.383010257611723581e+00
7.006817469457671255e-02 4.281634463064003526e-01 1.158173152468783496e+00
1.334203827940828591e-01 4.574703016062575123e-01 3.285457657926258435e+00
9.870591489838621557e-01 3.054236725300875643e-01 -2.085675909723821775e+00
