5.025747379351163113e-01 5.081761531223432521e-02 3.636643757949699740e+00
3.909187289368835083e-01 7.998277231612772875e-02 -1.313598442540079958e+00
7.986585907875773938e-01 5.697883976556684660e-01 1.347071019610130982e-01
1.635448609160542743e-01 3.082214452574145169e-01 3.732332250729584189e-01
1.815135735596237754e-01 3.030798902919865090e-01 5.721933054560430776e-01
6.214851524205649014e-01 9.862090161771669417e-01 -2.655365223552974996e+00
7.753853337881038144e-01 8.911772559656082615e-01 -1.420787929525091142e+00
1.924303635717165839e-01 2.981204989677049277e-01 4.929433476234567735e+00
3.398178518983125951e-01 4.141561215899691728e-02 -2.233345937347682053e+00
8.121264258725124918e-01 6.391977409829652235e-01 -1.524977481845965765e-01
1.632205028083251741e-01 3.042727736698120355e-01 4.697619340171139690e+00
9.376305762078830375e-01 2.485225222462039696e-01 3.706938735055469447e+00
7.733981558981282145e-01 5.052079007655765341e-01 -1.210048949438509158e-01
3.047198149311043380e-01 1.751592544570591270e-01 -1.257903233669032783e+00
5.063092623868724607e-01 1.016401005181415129e-02 -2.671975969722311994e+00
2.306231014532090784e-01 2.883424848254387829e-01 3.378530917415091261e-01
6.985226109050678145e-02 4.914286662180827880e-01 2.630335046780522212e+00
4.986912328423012131e-01 6.272008862739464341e-02 3.323925061794978930e+00
5.513497973665156815e-01 2.673403319600376263e-02 4.254245620587250087e+00
8.328889479774104210e-01 8.018609892238177939e-02 -1.423209121509581232e+00
7.424181463312368168e-01 9.084954687316597610e-01 -1.966156876964876732e+00
4.402702452912821696e-01 9.687811430991103423e-01 -2.448748960042089085e+00
8.578222839341358430e-01 7.335275154092061323e-01 -6.804484861313604416e-01
4.401065720976300444e-01 9.945558265808386311e-01 -2.003024154752342856e+00
9.880307125522719280e-01 7.385528208558270746e-01 -4.323338274184435615e-01
2.483928124653071723e-01 7.709578564883765583e-01 -1.699494720935102787e+00
6.859335065092555528e-01 7.272213687171544816e-01 -1.398048063369142779e+00
4.561926895944503069e-01 4.736411135361324187e-01 3.321496345458420762e+00
4.924021535984507980e-01 8.943304440515348341e-01 1.332443312466459417e+00
5.720242909597211822e-01 8.783758277363066247e-01 -1.959961413755292980e+00
8.485220511087053774e-01 8.349094907371185093e-01 -3.483736444212590655e-01
1.389516900354531015e-01 8.079482952506920057e-01 -2.260034344045451782e-01
6.090825352964415185e-01 8.265315277901350011e-02 4.809033961530189139e+00
2.497446405521979440e-01 2.765770244238024422e-01 5.247546893301026749e+00
8.745286723706933163e-01 6.381443784285280030e-01 -8.960003475624472857e-01
9.540447110221601523e-01 5.919492253193527898e-01 3.342836390940200797e+00
4.875564563267654333e-02 7.572233143312707693e-01 -2.903568033559660311e-01
3.634828669640318144e-01 1.090656164981894799e-01 -1.963381743725470363e+00
8.055759405376478055e-01 4.989827624742324552e-01 -7.639166014444154218e-01
3.640381637036447238e-01 1.607755289690449840e-01 -2.287638585709088179e+00
6.497100184171180626e-01 1.862373624560195173e-01 -1.356597720516308669e+00
5.501329928649625334e-01 5.349385032507326665e-01 -3.194668781553082759e+00
1.459599770090960202e-01 4.699148804791485334e-01 2.172654355452745101e+00
4.356479002154781677e-01 7.183167591301576893e-01 1.726769193649986045e+00
2.166609398365430816e-02 2.578134355211022521e-01 -3.562149418056463457e+00
6.361819737416925247e-02 4.417058904198619129e-01 2.015287429025515387e+00
1.205767105424837837e-01 4.652188552192554893e-01 2.598752147614175723e+00
9.847528740260037550e-01 2.906020297122769991e-01 -1.725160297527249753e+00
