4.918475772762940790e-01 4.033295870365544156e-02 3.915558817420210502e+00
3.879179772395320303e-01 7.044361673238540289e-02 -1.875567781080305529e+00
8.052589441580593199e-01 5.622760521241604303e-01 -8.499305282614380008e-01
1.770317764964493001e-01 3.147867409954066553e-01 4.530238769032219892e-01
1.955438381804258385e-01 3.083857054668932007e-01 3.615463244347526528e-01
6.127311356170362933e-01 9.813750540544833312e-01 -2.637062473822311404e+00
7.753701361627051147e-01 8.811772675140058242e-01 -1.572316089919790549e+00
2.037215833709558055e-01 3.079951308821242129e-01 7.185698383750540597e-01
3.338785771553196002e-01 3.337042629866741883e-02 -2.206728191130020722e+00
8.202808970957696788e-01 6.334094252461492935e-01 -6.172950949269017107e-01
1.756237239511583281e-01 3.127084185937035743e-01 5.972568449773270061e-01
9.311439458951985548e-01 2.349975961027249149e-01 4.265189601027357114e+00
7.762969472260838888e-01 4.956372681408766634e-01 -1.276695781132590968e+00
3.102463406992668205e-01 1.668251370512484621e-01 -9.852526425554171130e-01
4.967871924204718126e-01 7.109475135501809075e-03 -2.831178007465606328e+00
2.399983317718203946e-01 2.918217169925974019e-01 3.553550094782485513e-01
7.174246127047623212e-02 5.063090944135226756e-01 1.444447073636337953e+00
4.893903751673362446e-01 5.095173927372378953e-02 4.043573399479525321e+00
5.464097395467865104e-01 1.257084751135878128e-02 4.376787464693554952e+00
8.302048081863446782e-01 7.055306235118485869e-02 -1.842542540491883374e+00
7.442902629516134905e-01 8.986722727466602834e-01 -1.382473476483277119e+00
4.328701274978284941e-01 9.620552040090641910e-01 -2.403884198277421724e+00
8.634797044170359204e-01 7.252816926194741720e-01 -9.694634426116786052e-01
4.346705417558233142e-01 9.861624021233864612e-01 -2.145520185354569342e+00
9.975007636417770884e-01 7.353406358732703652e-01 -3.270158930358748051e-01
2.348429570624539220e-01 7.773922498989296326e-01 2.698251982176335773e+00
6.875572433200817235e-01 7.173540753309635143e-01 -1.407700542425521117e+00
4.412024397636427619e-01 4.731003640470204386e-01 3.177650432523538626e+00
4.984265727631834730e-01 9.080674879011991774e-01 1.157502557909632301e+00
5.661410155980671766e-01 8.702896004937072938e-01 -2.199785320591083337e+00
8.521485002719246804e-01 8.255902168133310015e-01 -1.199691880893436924e+00
1.483037442305682740e-01 8.044072385818954452e-01 -3.619575980162108575e-01
6.074416319816726695e-01 6.774317503551634256e-02 4.602776058149643745e+00
2.581788150372720247e-01 2.819496123249283781e-01 5.671836099109730522e-01
8.800414305539265847e-01 6.298011478064491353e-01 -9.869036942428506265e-01
9.401636847922657525e-01 5.862644112674260111e-01 3.530294697065658127e+00
5.875140598913181078e-02 7.569321530420901611e-01 -2.912024434958387920e-02
3.543089739436041108e-01 1.050857060909380775e-01 -2.732266716084726710e+00
8.066773500167995214e-01 4.890436026928809965e-01 -1.460431467226378288e+00
3.556778416747296001e-01 1.552887252024759412e-01 -2.560807670807667247e+00
6.537992447414858743e-01 1.718055147549073236e-01 -1.294686298865462160e+00
5.429161345172743847e-01 5.217887140665136148e-01 -2.072732613030698445e+00
1.358728399745077198e-01 4.810166671121836601e-01 2.308345192574456028e+00
4.324074343289794342e-01 7.329625565081920868e-01 1.788544028340618430e+00
6.811387528643800954e-03 2.598961491681188174e-01 -3.280890277728587545e+00
6.145219692500327596e-02 4.565486813317562453e-01 1.715702947729898398e+00
1.067617380714008940e-01 4.710623589304909209e-01 2.741431343055673597e+00
9.790489932197913303e-01 2.767288273513034413e-01 -1.960872341175679878e+00
