4.821502016872475926e-01 3.789146189125414121e-02 -2.894949912497074340e+00
3.783395356926353426e-01 6.757073359297932624e-02 -2.850198053134945120e+00
8.079875606089879092e-01 5.526555192769776470e-01 -1.294430026319956850e+00
1.767701321952888927e-01 2.997890230936833822e-01 4.694945142330516852e+00
2.026976173604064513e-01 2.952014935661356754e-01 5.209534574400101370e+00
6.158132938299759607e-01 9.666951255549841582e-01 4.919340281766801937e+00
7.710887364751259909e-01 8.721401431530602100e-01 -2.013229886417955861e+00
2.132191849836172215e-01 2.963849817182602209e-01 5.398035350755021611e+00
3.240694026250751647e-01 3.142617964888137772e-02 -2.945921765015959704e+00
8.176797133194413369e-01 6.237536579042045615e-01 -1.833941125530488048e+00
1.764559935495251808e-01 2.977315254807901268e-01 4.767902128449724053e+00
9.252712901843117566e-01 2.211949907362954215e-01 4.310116551417533692e+00
7.773412477574634938e-01 4.856919458032065706e-01 -1.466175523361035404e+00
3.131027754262735163e-01 1.572417774811211699e-01 -1.281118517810640345e+00
4.869426124797792688e-01 5.353273042542643426e-03 -2.965056920010924912e+00
2.464786946890340780e-01 2.842056224250908980e-01 -8.657930939275104709e-01
5.709509282955425868e-02 5.095424514547235439e-01 2.924330310656539922e+00
4.808014318022332811e-01 4.583021099877948590e-02 -2.603903220745666047e+00
5.391622874972076263e-01 9.994378951095165275e-01 4.208124650251880539e+00
8.327063286917634199e-01 6.087099670582954425e-02 -1.317959031343975962e+00
7.442787439887936785e-01 8.886722793809876952e-01 -1.571948223331609773e+00
4.229279210483518070e-01 9.609816440824721084e-01 -3.034029365504926190e+00
8.701829777501464136e-01 7.178610372156968289e-01 -8.361465161245585920e-01
4.303554440422738825e-01 9.771413194986390272e-01 -2.016962038439712224e+00
6.686048366985719582e-03 7.313870875281948125e-01 -4.064541265314876584e-01
2.447527720216173819e-01 7.760522620351264500e-01 -1.344030680306972370e-01
6.859821221822397508e-01 7.074789047804806996e-01 -1.728967135753485707e+00
4.277161015622499840e-01 4.665338823469276641e-01 3.594704466647063335e+00
4.994280161597998702e-01 9.230340209373893989e-01 1.503983737080730743e+00
5.792143932258982941e-01 8.776439731658067789e-01 5.124241929703549081e-01
8.512121808923577282e-01 8.156341480098600050e-01 -1.664565618248319723e+00
1.564820051565233017e-01 7.986525840981755220e-01 -6.131731629526483429e-01
5.986634301830007221e-01 5.557998576699831744e-02 4.087245710848949720e+00
2.565300024938816925e-01 2.720864780767920932e-01 -1.736433943457810658e+00
8.803923640612324464e-01 6.198073074198184873e-01 -1.535695768906133907e+00
9.280938335435088282e-01 5.951705154007089771e-01 2.505893453454861142e+00
6.833572005379079384e-02 7.540789226080066854e-01 -2.893434655522428844e-01
3.444041611733898445e-01 1.037092308870201512e-01 -3.003506720619950610e+00
8.062462951628195373e-01 4.790528974268419282e-01 -1.613915172294140499e+00
3.468605636997492137e-01 1.505711401092396096e-01 -2.650308546954435407e+00
6.409864123960971050e-01 1.640060707177364574e-01 -2.594785094562206407e+00
5.279162698928991926e-01 5.217249861258855814e-01 -3.137344111433492344e+00
1.211611542521253276e-01 4.780898423470414382e-01 3.337974137305260491e+00
4.174075613000255980e-01 7.329008384778994412e-01 3.145707200552158245e+00
9.924277540108081830e-01 2.641518614263191345e-01 -3.429257864658356247e+00
6.004383586986011823e-02 4.714824189462436532e-01 1.664825562433392525e+00
9.985414827241564928e-02 4.843772079033090150e-01 2.049361466250181341e+00
9.737413285827850595e-01 2.626992622796031074e-01 -1.932474473989598263e+00
