4.721557857112017587e-01 3.755732225313843792e-02 -3.108172468909557118e+00
3.683425115897468460e-01 6.732678875030609356e-02 -3.117195749185208697e+00
8.069693240406417001e-01 5.427074946343221074e-01 -1.672796761907074936e+00
1.826599499192360088e-01 2.859937323327505498e-01 5.115905128131630342e+00
2.104947642075962744e-01 2.889401437880640411e-01 -6.765863158924391163e-01
6.201321209796530898e-01 9.523303167483480047e-01 5.004445023440807105e+00
7.710828728812088029e-01 8.621401448721470739e-01 -1.571382686220217373e+00
2.124636791291019122e-01 2.864135620147378880e-01 -1.646418969901367602e+00
3.153492676395189265e-01 2.653136138528080362e-02 -2.630097226453888659e+00
8.124213502011052856e-01 6.152478000805795544e-01 -2.124494360100206869e+00
1.911854952658316731e-01 3.005673285750341539e-01 1.901982153886445370e-01
9.193489601809761158e-01 2.074136262417473342e-01 4.306514877039190559e+00
7.792627654968750095e-01 4.758782935994076979e-01 -1.377442015798586272e+00
3.111444877560069489e-01 1.474353964258856564e-01 -1.767898836106792659e+00
4.802989943561521979e-01 9.978791618427133026e-01 -2.297435956158047965e+00
2.451456087130926553e-01 2.742948766519036630e-01 -1.704502957658547091e+00
5.605186747946257902e-02 5.245061301758444650e-01 1.640400873122875192e+00
4.746730293937142520e-01 3.213924010847158536e-02 4.291512982409674493e+00
5.385121342751978402e-01 9.844519917070548853e-01 4.669031849443466164e+00
8.368934712473563575e-01 5.178981631894466475e-02 -1.138767303687167054e+00
7.481258837586536314e-01 8.794419210135590026e-01 -1.175898396316656491e+00
4.134944360620707582e-01 9.576636083663276899e-01 -2.803377837042387632e+00
8.757592841017951546e-01 7.095601452472056758e-01 -9.792676221963521055e-01
4.238606293399344027e-01 9.695375453053666215e-01 -2.277698627388770269e+00
8.255172165641385881e-03 7.215109622503090847e-01 -1.413232803459902431e+00
2.318259076190852530e-01 7.836612157554843083e-01 2.609586111147981224e+00
6.804177705569062207e-01 6.991699944433998892e-01 -2.160885553182799956e+00
4.128268219122783744e-01 4.683530446555029814e-01 3.020015885060877370e+00
4.934882194182724224e-01 9.149892204632110726e-01 -2.206793076024690325e+00
5.744426780565203838e-01 8.688558713034971737e-01 -2.068229679407596500e+00
8.555223006059119450e-01 8.066106859217903047e-01 -1.125182360838116624e+00
1.645811541657952737e-01 7.927871100912764479e-01 -6.267893109096034365e-01
5.922804277122483141e-01 4.200584566685317683e-02 4.272837638482165801e+00
2.518296143002757281e-01 2.632600206430642520e-01 -2.060131084974679450e+00
8.767216088569697030e-01 6.105053959909573225e-01 -1.946659434037795844e+00
9.132934134240646706e-01 5.976092782608395382e-01 2.978283524707996399e+00
7.674214549961988485e-02 7.486630190616243574e-01 -5.723277912244315591e-01
3.364118266989039041e-01 9.769902376513625586e-02 -2.496815043168285619e+00
8.075286666472563102e-01 4.691354621043453133e-01 -1.442205080007274987e+00
3.396070326728988786e-01 1.436873702378305417e-01 -2.382343532132490171e+00
6.435143360382223898e-01 1.492206183384690577e-01 -1.401459962307172624e+00
5.129739672353724744e-01 5.204106074548515704e-01 -3.053854885846499556e+00
1.061615672079914696e-01 4.782011460102854605e-01 3.134172341278699037e+00
4.024433282385149746e-01 7.318655950858445891e-01 3.210663787636583777e+00
9.786822081837519560e-01 2.581468660128073966e-01 -2.729712415832072914e+00
5.641122280050483995e-02 4.860359107021196001e-01 1.815402463625974017e+00
9.494685091099215601e-02 4.985517778299969338e-01 1.904085701456922353e+00
9.711455759160236845e-01 2.479255671394900162e-01 -1.744722059466438768e+00
