4.680740001124923388e-01 2.842830114865146918e-02 -1.991254277346066637e+00
3.607600115360840021e-01 6.080714973144904500e-02 -2.431421046251820428e+00
8.070941180433590656e-01 5.327082733417970450e-01 -1.558316602586332644e+00
1.893827893739465085e-01 2.785907984774342872e-01 -8.335066547663869674e-01
2.088125858770099874e-01 2.790826453191772027e-01 -1.739817785734791844e+00
6.147397009506413434e-01 9.383331096615498135e-01 4.344662678007360057e+00
7.705352241029322924e-01 8.521551520921971656e-01 -1.625588616697506206e+00
2.096767015135491130e-01 2.768097733992795351e-01 -1.853234205447692462e+00
3.058774034900278993e-01 2.332452656983015002e-02 -2.815141662982877602e+00
8.058043614052863290e-01 6.077501031491208128e-01 -2.293878697142472056e+00
1.928723484312265257e-01 2.856624794849427773e-01 4.825084249165109362e+00
9.107109436290535820e-01 1.951504834941188982e-01 4.098723791764164126e+00
7.779621469893630570e-01 4.659632347746746062e-01 -1.701227686862371469e+00
3.111693947190209975e-01 1.374354274437740997e-01 -1.568305627918284095e+00
4.707952838975076881e-01 9.947679743655188922e-01 -2.825222678203953564e+00
2.444974243899022959e-01 2.643159059092283214e-01 -1.635660233484342418e+00
5.843013933511481683e-02 5.393163909088839469e-01 1.411572947959163660e+00
4.660603117319258026e-01 2.705779400737817059e-02 -2.608563480152718661e+00
5.441671200403234154e-01 9.705587870372809345e-01 5.098943113775038505e+00
8.430292292555688904e-01 4.389345806563224595e-02 -9.102152421111612268e-01
7.502290062434837647e-01 8.696655783531465067e-01 -1.358901986085457425e+00
4.077628067640375331e-01 9.494691940742671088e-01 -2.181156855868126243e+00
8.736997667869403905e-01 6.997745237324620726e-01 -1.778232516230418669e+00
4.212871993663577785e-01 9.598743440671072547e-01 -1.831067909650111236e+00
1.542291673367131993e-02 7.145379114253489483e-01 -7.716308018921390621e-01
2.176463263329027620e-01 7.787684175225154659e-01 3.473859311889620827e+00
6.729631607092813050e-01 6.925045018119664331e-01 -2.412022499624837391e+00
4.003452739092441814e-01 4.600337322170887644e-01 3.729499872910104763e+00
4.921932129300199965e-01 9.050734270912521584e-01 -1.700661698164144697e+00
5.704787128746539038e-01 8.596750772181824818e-01 -1.978384809307476955e+00
8.567752996554914846e-01 7.966894968105117103e-01 -1.445166214081164302e+00
1.698122356007627232e-01 7.842644469499374660e-01 -1.020302524800426935e+00
5.875217966377814793e-01 2.778067676461799806e-02 4.389569063199917132e+00
2.480550712450047268e-01 2.539997385348395920e-01 -1.957842031529687166e+00
8.775393096926490388e-01 6.005388837954432901e-01 -1.488934844099287780e+00
8.982934145689293048e-01 5.976151388014880883e-01 3.141201950869952242e+00
8.184694487660090778e-02 7.400641224277082486e-01 -1.035053490228341699e+00
3.313552906062895986e-01 8.907165784359978578e-02 -2.100935724086301803e+00
8.027905250413766014e-01 4.603292135203776447e-01 -2.064413281314231963e+00
3.316160537646385409e-01 1.376753609158368752e-01 -2.496589532967870007e+00
6.433021109732848242e-01 1.342221197295478119e-01 -1.584945136524924969e+00
4.994457951275272922e-01 5.139307494764294715e-01 -2.694893943993684537e+00
9.357017279523145714e-02 4.863532492200293156e-01 2.567023059117933492e+00
3.914376840977227823e-01 7.420575427430025073e-01 2.394561922786290875e+00
9.666365071169729095e-01 2.492081252843939554e-01 -2.503186770665397631e+00
5.774309402809975345e-02 5.009766643321446056e-01 1.481887825081517285e+00
8.655399854193406017e-02 5.109839952151296050e-01 2.164607087062534241e+00
9.563056388020411136e-01 2.457401000376917555e-01 -2.995374384357208708e+00
