4.596690865201829013e-01 2.301005166142662192e-02 -2.568985772065425444e+00
3.511559374447921211e-01 5.802115603996726295e-02 -2.859257225072671105e+00
7.986415405177306193e-01 5.273646852988018718e-01 -2.577843668597098237e+00
1.874574399784119660e-01 2.687778972904705244e-01 -1.764541094128396548e+00
2.082896668233259196e-01 2.690963268952887288e-01 -1.623112093078122431e+00
6.104913182187532428e-01 9.239473095738454100e-01 4.425233304974986126e+00
7.634726798998048292e-01 8.450755709337619548e-01 -2.354989795238061845e+00
2.080167640074693791e-01 2.669485053532364982e-01 -1.737561983876352079e+00
2.961347587423920347e-01 2.107044730738982449e-02 -2.914230935923682875e+00
8.047166262112948054e-01 5.978094375704107177e-01 -1.679785491883618143e+00
1.956584949214159874e-01 2.760584497195159304e-01 -1.288444988460874630e+00
9.065542745828506499e-01 1.807379159768325305e-01 4.431602650410480848e+00
7.728865183949117368e-01 4.573470874702705857e-01 -2.103150179317628599e+00
3.100670874413216649e-01 1.274963671931502451e-01 -1.681251516236567767e+00
4.686481426683684615e-01 9.850012049640161083e-01 -1.787195443379357984e+00
2.445232427951189724e-01 2.543159392387862594e-01 -1.568214483404838822e+00
4.666398020028487137e-01 4.666398020028487137e-01 -4.439183003184195009e-01
4.630063310562102519e-01 1.753554626683098694e-02 -1.881152767568263995e+00
5.396852526807180972e-01 9.562440091846244883e-01 4.408963285769467610e+00
8.417322243217892908e-01 3.397792589626526943e-02 -1.700863242485149751e+00
7.430492334208327332e-01 8.627049129959323270e-01 -2.371688347555052090e+00
3.987603139700488519e-01 9.451154458621880972e-01 -2.691138066027144671e+00
8.724027533593617934e-01 6.898589926741334200e-01 -1.700864099100741100e+00
4.124330025146432099e-01 9.552264200024211949e-01 -2.658192514580984600e+00
1.619255048219520390e-02 7.045675722188258217e-01 -1.493756768389364442e+00
2.041272985862160327e-01 7.852673319537351038e-01 2.693484818483704579e+00
6.671546220943022076e-01 6.843644232399687111e-01 -2.190573585148755331e+00
3.865701760396904607e-01 4.540968408854054728e-01 3.548523592664059034e+00
4.981351896772954757e-01 9.188463320983607518e-01 1.163496183785435401e+00
5.670337122902543436e-01 8.502872142572373004e-01 -1.922502519495501883e+00
8.515213193866751906e-01 7.881809310480056840e-01 -2.123979167869260110e+00
1.751468789126988390e-01 7.758062213242866711e-01 -1.008105213524185029e+00
5.762015486528858643e-01 1.793933612624627749e-02 3.857217857648310044e+00
2.410186856079329643e-01 2.468941578290555494e-01 -2.351301640438802742e+00
8.725909846059617392e-01 5.918490000887149938e-01 -2.088438404956182826e+00
8.834901433587585284e-01 5.951937422048667603e-01 3.303728532735679568e+00
8.969005718044370523e-02 7.338604469534986130e-01 -6.692112408520871636e-01
3.230746580923089528e-01 8.346531097880391381e-02 -2.546440581271042447e+00
7.988931695787310217e-01 4.511199453411037785e-01 -1.971140741617536385e+00
3.237770068557340175e-01 1.314665491486792792e-01 -2.471726363557979145e+00
6.308416991588832179e-01 1.258711834098576732e-01 -2.551149637999933883e+00
4.903373224639999695e-01 5.020128752642314396e-01 -2.223367800193307708e+00
9.531718962247714977e-02 5.012511662625329656e-01 1.454063608614255099e+00
3.786292820854701979e-01 7.498642602281254677e-01 2.594217327400396123e+00
9.577948965103156853e-01 2.370909506186458793e-01 -2.201162636974233866e+00
6.065001875977731050e-02 5.156922950900958424e-01 1.375767330007316325e+00
7.650006668150621802e-02 5.221158618216729108e-01 2.305358265584513511e+00
9.539192436543950659e-01 2.309311460503470914e-01 -1.730568220631231835e+00
