4.507212275909127097e-01 1.097112228286977083e-02 4.073225917445276956e+00
3.424594983525985903e-01 5.308436081272029788e-02 -2.625276888977781997e+00
7.900398063577973584e-01 5.222646686868841481e-01 -2.606405932086381494e+00
1.836416982134592424e-01 2.595345150748962215e-01 -1.962295056712359154e+00
2.088686851624001473e-01 2.591131040808357100e-01 -1.512862090147660155e+00
6.065207090528541567e-01 9.147693869956320389e-01 -1.979108605405458299e+00
7.643440674119401645e-01 8.351136090886385199e-01 -1.483546920621476861e+00
2.071448768912688421e-01 2.569865872218421443e-01 -1.658095884250663898e+00
2.868637979845422570e-01 1.732220950458041725e-02 -2.757385963483791613e+00
7.961153091010084726e-01 5.927087176243348576e-01 -2.606324163550479689e+00
1.900357999967729750e-01 2.677889091165323587e-01 -2.167923974162262901e+00
8.919563630309663704e-01 1.772881365167275347e-01 3.373655228792213912e+00
7.688210041340532985e-01 4.482108084796334602e-01 -1.989472611185418405e+00
3.020103312646911231e-01 1.215727973311222926e-01 -2.507611470228308548e+00
4.663304457352608901e-01 9.752734980951665023e-01 -1.804692846248669547e+00
2.397841357160491738e-01 2.455102101892918109e-01 -2.064522919562618242e+00
4.533332133860457080e-01 4.597163130425651612e-01 3.621352255917675400e+00
4.480258033074341895e-01 1.677148581886257761e-02 3.192552069686698246e+00
5.391189252767565332e-01 9.412547038881298178e-01 4.674624844666472434e+00
8.401484467915220078e-01 2.410413995901604378e-02 -1.729843778717008007e+00
7.345687948615023943e-01 8.574056524964454029e-01 -2.583079291362451180e+00
4.076064497938887143e-01 9.572293172906859438e-01 9.400565108979425100e-01
8.640333679585772142e-01 6.843860238259548145e-01 -2.562461604720712494e+00
4.025138992514186165e-01 9.539570144511938521e-01 -3.014308684410799799e+00
9.813118496658286560e-03 7.181433907039820319e-01 2.010084649128995871e+00
1.935584771272849391e-01 7.959115798355367311e-01 2.352638847027430202e+00
6.630545890190971958e-01 6.752435828849233657e-01 -1.993254015311773264e+00
3.735929223878169947e-01 4.465741493687382380e-01 3.666939105566485946e+00
4.956175576993312459e-01 9.091684434224391875e-01 -1.825298034109471557e+00
5.592684092643466220e-01 8.439864151876090848e-01 -2.459936543753369786e+00
8.449994742838453643e-01 7.806003284034467304e-01 -2.281258914679679339e+00
1.781943141875883263e-01 7.853305658290470337e-01 1.261127190131799303e+00
5.759660812659118667e-01 2.941184403128136240e-03 4.696690509800678370e+00
2.333679830536785904e-01 2.404546896502130215e-01 -2.441946751436239627e+00
8.683267721839370568e-01 5.828037531368706059e-01 -2.011328890129233660e+00
8.685371926089718864e-01 5.963808664083324329e-01 3.062368190434040294e+00
8.864206410035128936e-02 7.438053808649973675e-01 1.675788422445823267e+00
3.131178724014657688e-01 8.253664596566899492e-02 -3.048592148555937964e+00
7.911868857978587855e-01 4.447470974464285964e-01 -2.450622915470639374e+00
3.195146289492719616e-01 1.224204375761579477e-01 -2.011126084402520497e+00
6.226519337513678476e-01 1.133042528948168398e-01 -2.148359933765251029e+00
4.779418209002668783e-01 4.935658911288437478e-01 -2.543421309036010491e+00
1.018383014430317840e-01 5.147595007499455866e-01 1.121045905619780791e+00
3.636337126027702205e-01 7.494997113431767222e-01 3.165898305669320845e+00
9.429193761421593711e-01 2.351625072628362179e-01 -3.012672946009210317e+00
5.591207302045310412e-02 5.299243669761993791e-01 1.892162460624263298e+00
6.601062090791519343e-02 5.328383394907050263e-01 2.345209040339519824e+00
9.409522632813176468e-01 2.233907601182992808e-01 -2.614882167306280980e+00
