4.427788095240096089e-01 4.895104240555260555e-03 -2.488555040876780033e+00
3.347374928781791104e-01 4.673057206481282672e-02 -2.453093589536596397e+00
7.810106351724386275e-01 5.179665216785225290e-01 -2.697305109463658201e+00
1.789638855046234434e-01 2.506960724371316562e-01 -2.057575115522448872e+00
2.079993224092962223e-01 2.491509653343859654e-01 -1.657842485748683314e+00
6.145461916402581437e-01 9.020969117346865351e-01 5.276934808602200988e+00
7.564222810430554222e-01 8.290107162724609235e-01 -2.485166941805898588e+00
1.991307266878145077e-01 2.510055006552998624e-01 -2.500453633876916548e+00
2.768742797298278102e-01 1.686447045367106545e-02 -3.095802748776660174e+00
7.924583968365661590e-01 5.834013553400906327e-01 -1.945171687930078441e+00
1.850515590110391462e-01 2.591195757052410786e-01 -2.092576362048863103e+00
8.890625244591858767e-01 1.625699267641633472e-01 4.518249175004539708e+00
7.615647688845785801e-01 4.413298892093410752e-01 -2.382736453841318713e+00
2.976756710179395138e-01 1.125610982379861291e-01 -2.019131700983639810e+00
4.620938732628019907e-01 9.662152723480567085e-01 -2.008275340288403488e+00
2.341025283172619986e-01 2.372810342058748467e-01 -2.175065405249614336e+00
4.448070115019308601e-01 4.473751671706731603e-01 4.107812768063351605e+00
4.332281380838138296e-01 1.431606244810604278e-02 3.306027565350667441e+00
5.424827765199264906e-01 9.266367524306299286e-01 4.938569273818557370e+00
8.318347434923121231e-01 1.854695205030662541e-02 -2.552365351365843971e+00
7.313235269648069581e-01 8.479468874460448502e-01 -1.901307724273172184e+00
4.009436616301459977e-01 9.497722901427475550e-01 -2.300003748262829273e+00
8.556561587676098091e-01 6.789250380018777564e-01 -2.563892704278388113e+00
4.009620533769061024e-01 9.440781595387174319e-01 -1.726610628458080665e+00
1.165390579506734269e-02 7.330300122858594003e-01 1.447767042295879936e+00
1.825364038360298979e-01 8.060857579528197814e-01 2.396175302481676095e+00
6.535263117484559903e-01 6.722084663708859376e-01 -2.833216647004088262e+00
3.587292392090568605e-01 4.445564966827085240e-01 3.276511786306455232e+00
4.904975364203761901e-01 9.005786016251156045e-01 -2.108310311145884519e+00
5.516264921699175483e-01 8.375365234736441566e-01 -2.440583540456351841e+00
8.369673178190972784e-01 7.746434447781099797e-01 -2.503470268589435221e+00
1.633699502555296112e-01 7.876192846868094177e-01 2.988413064834543054e+00
5.673967784597894193e-01 9.906299273829460850e-01 4.104316080273469503e+00
2.254377002168899968e-01 2.343628414800321136e-01 -2.486560405847241029e+00
8.536474829706776069e-01 5.858889546203210896e-01 2.934434039429143048e+00
8.549296304486978526e-01 6.026923046005576712e-01 2.707306921065842698e+00
8.684098293696290716e-02 7.536418490646555890e-01 1.751892690714303091e+00
3.076592651366838460e-01 7.415788670615627853e-02 -2.148212370191083131e+00
7.832476721627557037e-01 4.386668929386678961e-01 -2.488027832410069529e+00
3.114486467903280764e-01 1.165094366616258870e-01 -2.509170627821523336e+00
6.141322316824077143e-01 1.009586189841520099e-01 -2.174845956462539309e+00
4.668101697115923376e-01 4.835117207596049127e-01 -2.407009288823096949e+00
1.001228825526453980e-01 5.296610891897900464e-01 1.685408343674926979e+00
3.487221712686681685e-01 7.511263443815001661e-01 3.032936776857295236e+00
9.395080295316572405e-01 2.205555666419185268e-01 -1.800226953909406458e+00
5.793886365785398673e-02 5.447868068738791480e-01 1.435262384601745822e+00
5.684782844942677660e-02 5.447145019332900739e-01 2.227933624931936141e+00
9.362044746406769091e-01 2.091619687773665359e-01 -1.892854140342167923e+00
