4.305767438397923863e-01 9.961710230260061305e-01 3.762293491045827665e+00
3.250007547814882103e-01 4.445111352462223497e-02 -2.911625179510072048e+00
7.725317737663234263e-01 5.126647380865706483e-01 -2.582781744594421891e+00
1.764295961848020844e-01 2.410225323589886282e-01 -1.827019595649425066e+00
1.990675414176606983e-01 2.446539342785160887e-01 -2.675159744622287228e+00
6.080909707924428975e-01 8.885569662471326513e-01 4.267510650334112476e+00
7.465879057513997719e-01 8.271982421008178266e-01 -2.959337924805578002e+00
1.938561029286493820e-01 2.425097167480167459e-01 -2.126407191358316240e+00
2.670804867384861669e-01 1.484416878244771733e-02 -2.938162262303133154e+00
7.825853086277837489e-01 5.818132340532863322e-01 -2.982105257964705824e+00
1.809708382613195443e-01 2.499900785579274309e-01 -1.991137636009248313e+00
8.806589558759705394e-01 1.501449505039366694e-01 4.117715997804572758e+00
7.517327148447436880e-01 4.395048650018941738e-01 -2.958061634749186819e+00
2.878146344913365962e-01 1.108997859190639229e-01 -2.974687579450337793e+00
4.526066362296897738e-01 9.630542071039428498e-01 -2.819969896344950655e+00
2.244089402221137730e-01 2.348245428377644939e-01 -2.893403361952752384e+00
4.312913005643022601e-01 4.408693576245469870e-01 3.590210581642409249e+00
4.247311004748887120e-01 9.043458549413062666e-03 -2.586219520054231502e+00
5.348910361521164170e-01 9.136997713999658322e-01 4.181713512245092801e+00
8.278837042854836348e-01 9.360587743024667909e-03 -1.976977300031656393e+00
7.239226084232738279e-01 8.412218294729422174e-01 -2.404003259797504288e+00
3.912764982420799953e-01 9.472137843232435461e-01 -2.882865185540049335e+00
8.456584807637903545e-01 6.791405247345204677e-01 -3.163142994873559211e+00
3.990920996545715416e-01 9.589611455655981942e-01 1.695785087211543196e+00
1.021620525502411718e-02 7.479609538890256148e-01 1.666790390198483518e+00
1.704114315906469501e-01 8.149166722910236027e-01 2.512108795595777266e+00
6.474534095399699929e-01 6.642636656329085065e-01 -2.223441695424553277e+00
3.443007531003207666e-01 4.404554250410507299e-01 3.418523553287577066e+00
4.873369950386757243e-01 8.910911900616511616e-01 -1.892363866952520235e+00
5.426590115414892113e-01 8.331111092355458769e-01 -2.683161911094630980e+00
8.284956104518174103e-01 7.693302372456325422e-01 3.701751474734740199e+00
1.524183240434454634e-01 7.978692546043648637e-01 2.389276919285208578e+00
5.725346714450820773e-01 9.765373032244836216e-01 5.061993416819930758e+00
2.222262642965568691e-01 2.248925363461098670e-01 -1.897733122878803469e+00
8.436500562456826779e-01 5.861158001147810381e-01 -3.164279149022231064e+00
8.468736171579951399e-01 5.967677244584698171e-01 -2.507486069059924993e+00
8.071924192201532233e-02 7.615490791072121457e-01 2.229603511864575616e+00
2.976897208434244324e-01 7.337802352281025398e-02 -3.063527067732811915e+00
7.738122423999141963e-01 4.353543915891610605e-01 -2.803964449102754664e+00
3.065047344411256369e-01 1.078170416704049006e-01 -2.087930676658099838e+00
6.185938474168326540e-01 8.663751619706429319e-02 -1.268785055019248764e+00
4.550921251768729192e-01 4.741475639752311677e-01 -2.467386806605749605e+00
1.043813992505371602e-01 5.440438926555187793e-01 1.282936135744337403e+00
3.386826609020092693e-01 7.622712190599228999e-01 2.304063507830693247e+00
9.256433168451527749e-01 2.148310804535623342e-01 -2.750030919873708068e+00
5.101940646341068808e-02 5.580954924639089931e-01 2.050252962805160450e+00
4.891164909556165730e-02 5.574430940495960218e-01 2.128310728791151796e+00
9.218780580055405682e-01 2.047174455862368625e-01 -2.840774681730630302e+00
