4.205851089599176862e-01 9.957620824101814927e-01 -3.100687185399278789e+00
3.152982455047691479e-01 4.203009850294621430e-02 -2.897061449061030025e+00
7.625504381109644569e-01 5.120540511495408342e-01 -3.080485937927561313e+00
1.693273957871766211e-01 2.339827348113336647e-01 -2.360607052349564583e+00
1.958865551470981847e-01 2.351733580119333145e-01 -1.894519591758727195e+00
6.104024038879760639e-01 8.737361269643905137e-01 4.867100974444188211e+00
7.369077241543295909e-01 8.246894407440451547e-01 -2.888003291406168849e+00
1.890950281093384255e-01 2.337158457821153779e-01 -2.067019309118451442e+00
2.583335734177486520e-01 9.997364953169661159e-03 -2.635594928474886522e+00
7.729257746564492937e-01 5.792260727794890096e-01 -2.879899812536880876e+00
1.778260469093893292e-01 2.404974347031931248e-01 -1.890704227314170094e+00
8.759979047433653632e-01 1.358875102589544026e-01 4.396420932675131787e+00
7.422777729477435527e-01 4.427612546782613290e-01 -3.473280105917683880e+00
2.779380721743495153e-01 1.093334153375377787e-01 -2.984307899115843821e+00
4.461820435529657014e-01 9.553910087548079799e-01 -2.268499484570826397e+00
2.152244737375462180e-01 2.308690940144505765e-01 -2.734931613180168863e+00
4.312036110322951532e-01 4.258696139418710613e-01 4.706542978285699341e+00
4.151524829600209410e-01 6.171162167792874215e-03 -2.850259310740699270e+00
5.367514678692388852e-01 8.988155920868184934e-01 4.836737975154960623e+00
8.202218240655578807e-01 2.934423140751291070e-03 -2.443684351607041449e+00
7.221687440393667057e-01 8.313768327881859710e-01 -1.747094603867155982e+00
3.976303526085697149e-01 9.608015926339844581e-01 1.133391229530857025e+00
8.367357007129176960e-01 6.746256608203200500e-01 -2.673162176341756346e+00
3.890992011974402365e-01 9.593379484656173739e-01 -3.179281865732697998e+00
1.337698042962610565e-02 7.626241561414539571e-01 1.358486580588572634e+00
1.558452817774504950e-01 8.184981914686236815e-01 2.900495752214105050e+00
6.393153762889743907e-01 6.584522617744857920e-01 -2.521463358900865703e+00
3.295003745196201650e-01 4.380164101030197266e-01 3.304918814302586938e+00
5.018035872382603513e-01 8.950557467999152861e-01 2.674819626686337770e-01
5.422493033803756912e-01 8.231195057995243092e-01 -1.611778613894979229e+00
8.188236889807014585e-01 7.718706968608531893e-01 -3.398453828670994437e+00
1.408895541729799084e-01 8.074654760104104101e-01 2.447422186126396060e+00
5.777307849280924890e-01 9.624660415656387524e-01 5.066127818952063322e+00
2.126357353083160873e-01 2.220602662802945715e-01 -2.854435423394134030e+00
8.341206438139453505e-01 5.830842495699525285e-01 -2.833590875908317042e+00
8.394582342905342331e-01 5.900586189347082344e-01 -2.406156623546861439e+00
7.219791692513750914e-02 7.667823400693261071e-01 2.590843098409284284e+00
2.878437940852506816e-01 7.162938797682638636e-02 -2.965825467689110262e+00
7.661038601974506923e-01 4.289840820346147443e-01 -2.450952256386445871e+00
2.985136333279312382e-01 1.018051947829082260e-01 -2.496609860046292262e+00
6.095727440786142814e-01 7.465337273325409195e-02 -2.216057209315700494e+00
4.494356463910296751e-01 4.602549671069237625e-01 -1.957457926634555978e+00
1.040544709795519634e-01 5.590403294958362634e-01 1.592593270798844607e+00
3.236835725141865572e-01 7.621058481607839719e-01 3.152617603543933278e+00
9.187767747192492340e-01 2.014950165952422156e-01 -2.046281073403306117e+00
4.328972025951866032e-02 5.709505284883377163e-01 2.112168478368158020e+00
4.659748715978034861e-02 5.722635074896785801e-01 1.725692445342378090e+00
9.140573409269939775e-01 1.919175868222766645e-01 -2.119265018297261438e+00
