4.148282063221596094e-01 9.875854038657250200e-01 -2.184244410242125234e+00
3.087316895805775063e-01 3.448819268979370911e-02 -2.287172046249105417e+00
7.569375089240977239e-01 5.037778789701320425e-01 -2.166743518926432355e+00
1.647741158584458687e-01 2.250794970917948945e-01 -2.043536903533921922e+00
1.891388342055455585e-01 2.277930963570234946e-01 -2.311452180827855418e+00
6.065028148228501781e-01 8.645278043634413434e-01 -1.971383292610869864e+00
7.272149944582853021e-01 8.222295645196343594e-01 -2.893054161418383341e+00
1.806636343140406997e-01 2.283388950971439180e-01 -2.573891683851309509e+00
2.484161576822497830e-01 8.714841998490244560e-03 -3.012986133660752408e+00
7.629400403198002278e-01 5.797600294798569420e-01 -3.195013728945897746e+00
1.682966779593841333e-01 2.374657474807578827e-01 -2.833576533164786415e+00
8.620559405878761572e-01 1.303538283484130256e-01 3.519430972289998572e+00
7.336969992151627373e-01 4.376260504807389928e-01 -2.602310192787421261e+00
2.683935266793613383e-01 1.063498518148186106e-01 -2.838622544851941765e+00
4.435052886684899276e-01 9.457559175103809057e-01 -1.841775999362501803e+00
2.064152747654434683e-01 2.261364400581693801e-01 -2.648598748743590026e+00
4.227759270955012694e-01 4.134609821292373200e-01 4.115773843774627849e+00
4.077271013669549471e-01 9.994731245299950384e-01 -2.407648175271337010e+00
5.386257153499740546e-01 8.839331461728916484e-01 4.837666247172044187e+00
8.128597641354289305e-01 9.961668479778742480e-01 -2.398243301221921975e+00
7.182435732081545732e-01 8.221793856453206706e-01 -1.974163045913209125e+00
3.912301190432768139e-01 9.531180380978535593e-01 -2.265324990114979897e+00
8.267756033455243569e-01 6.755181071391787029e-01 -3.230956178454977401e+00
3.817277341552756664e-01 9.525806210615114233e-01 -2.399634381190461241e+00
3.903911459466844272e-03 7.742543308730134299e-01 2.254331484472989366e+00
1.408701920209836644e-01 8.176340810672502180e-01 3.199231924065560229e+00
6.338882269807462055e-01 6.500530921496836534e-01 -2.144462453272552249e+00
3.159194371549121638e-01 4.443849374285383513e-01 2.703107421248656994e+00
4.988229428649607611e-01 8.855102892875736931e-01 -1.873460605366487508e+00
5.422492823069887669e-01 8.131195057995465048e-01 -1.570798434133583887e+00
8.116151238511283283e-01 7.649398535663686216e-01 -2.375833651915360889e+00
1.264123098803102974e-01 8.035399954423314561e-01 3.406374480327620802e+00
5.692501453081882934e-01 9.500935417520476323e-01 4.111499979021237650e+00
2.069614354707921822e-01 2.138260497812051741e-01 -2.174177670745180535e+00
8.253895944838314236e-01 5.782089262375860184e-01 -2.632331449962385328e+00
8.332170322996111933e-01 5.822453355206435033e-01 -2.244801320376031750e+00
8.193109756416888656e-02 7.781957179500407218e-01 8.646864709606021382e-01
2.794129466099086745e-01 6.625158072409603749e-02 -2.573790087895659440e+00
7.594812439481519739e-01 4.214913552936662144e-01 -2.294629503569069140e+00
2.893051766196383934e-01 9.790592240828538406e-02 -2.741040079292299314e+00
6.056499469214803311e-01 6.017540110515707391e-02 -1.835392804478882978e+00
4.363509618407389046e-01 4.529207302536865654e-01 -2.630708010051502121e+00
1.114454293038423388e-01 5.720930585226950971e-01 1.055571438813995844e+00
3.086950187291588321e-01 7.626917282110768914e-01 3.102524045560495214e+00
9.078589763296873727e-01 1.912090223154032098e-01 -2.385982426599033257e+00
3.347007895846072778e-02 5.822896044964857021e-01 2.284506263594140218e+00
4.158693952375106667e-02 5.864019095347147159e-01 1.911379165174681205e+00
9.002770504505803739e-01 1.859927581846142763e-01 -2.735537237886777273e+00
