4.133204358229816133e-01 9.776997259364270665e-01 -1.722150588585118047e+00
3.000242072846383556e-01 2.957090155890603964e-02 -2.627518233070210929e+00
7.497029240158370467e-01 4.968742001533585362e-01 -2.379595219940318973e+00
1.609949179183979007e-01 2.158211137053749340e-01 -1.958344755085041466e+00
1.800976427357295073e-01 2.235202920312761299e-01 -2.700109996834513915e+00
6.096873470980535004e-01 8.498697432983417510e-01 4.926319195337221402e+00
7.185995737084349688e-01 8.171527027623035622e-01 -2.609095672725687098e+00
1.709514402926079757e-01 2.259570287511776521e-01 -2.901094333009709647e+00
2.404182530764042702e-01 2.712049155504993661e-03 -2.497742393701326336e+00
7.529760627095410941e-01 5.789120022501909046e-01 -3.056687957116948073e+00
1.583084154776521202e-01 2.379501157249944709e-01 -3.190048437852459617e+00
8.527133857951056939e-01 1.186185537481285884e-01 4.040025259486951015e+00
7.282827540973864089e-01 4.292185568111228644e-01 -2.142926849483742124e+00
2.643207333405410142e-01 9.721681538550000501e-02 -1.990269474933119120e+00
4.400943088746751553e-01 9.311488912269039186e-01 4.482983465689086344e+00
2.011212647033332745e-01 2.176527228621358001e-01 -2.128690685367146784e+00
4.200617756045811890e-01 3.987085795559499601e-01 4.530443346763059154e+00
3.998316161541317637e-01 9.933362431351747679e-01 -2.480869294622732646e+00
5.295356353565419116e-01 8.720012374524477305e-01 4.061359882990361214e+00
8.046156224744436258e-01 9.905069779905328886e-01 -2.539962679084695640e+00
7.089647170051796010e-01 8.184507360822063093e-01 -2.759497923127971042e+00
3.848619029759451360e-01 9.454079262880430434e-01 -2.261165168656961377e+00
8.167802330827506063e-01 6.758223657628159575e-01 -3.172023212281489535e+00
3.732395594717174969e-01 9.472937608835416690e-01 -2.584540850905619358e+00
9.969523408710445622e-01 7.875462707748555058e-01 2.052667445756902520e+00
1.260407995279253512e-01 8.198899884870761712e-01 2.990626034016297563e+00
6.296720396277557530e-01 6.409853601176657145e-01 -2.006026067601970553e+00
3.009205451559235356e-01 4.445672525477001868e-01 3.129438013036328403e+00
4.974465343344747215e-01 8.756054672519586468e-01 -1.708875528350197737e+00
5.414292051736472322e-01 8.031531888521796780e-01 -1.652896240034806619e+00
8.037988182634761003e-01 7.587024368767096849e-01 -2.468072036301548255e+00
1.147815656913633575e-01 8.130123652414512625e-01 2.458117611424904148e+00
5.739210793192215387e-01 9.358393362159761475e-01 5.029050280115417770e+00
1.985446087176565011e-01 2.084263250282478996e-01 -2.571188246529862553e+00
8.193616213552273875e-01 5.702299827009499333e-01 -2.217798680831799096e+00
8.249067593479463278e-01 5.766830191444538567e-01 -2.551748354897596549e+00
8.261610491580442805e-02 7.931800686175940474e-01 1.525113282043847107e+00
2.729950752382358514e-01 5.858275245266744008e-02 -2.267622717945375399e+00
7.498792091357492362e-01 4.186983412476210087e-01 -2.858526170772609731e+00
2.810523940821193500e-01 9.225865931999020775e-02 -2.541491072673745411e+00
6.080392382302030052e-01 4.536691411147462938e-02 -1.410828861634939591e+00
4.295428213993160993e-01 4.395547576467318529e-01 -2.041906756003806223e+00
1.250027116780134118e-01 5.785117885082132760e-01 4.421850036022411112e-01
2.973597690023941365e-01 7.725157861115516944e-01 2.427493148482092966e+00
9.053853751273625017e-01 1.764143848716583640e-01 -1.736459789742630822e+00
2.862781483544972472e-02 5.964865224071802530e-01 1.899501301450380097e+00
2.941789968627849666e-02 5.951719990116816073e-01 2.517116180455579943e+00
8.868496500183711273e-01 1.793065845678805670e-01 -2.679586414589530730e+00
