4.083097202471755449e-01 9.690456673846044033e-01 -2.095632873096765714e+00
2.956312463917992739e-01 2.058747823625300261e-02 -2.025611283701767018e+00
7.420085707002672670e-01 4.904869529329058397e-01 -2.448752951067029837e+00
1.534894835301454374e-01 2.092129025522989627e-01 -2.419680391208949732e+00
1.715103865962756546e-01 2.183959352916050867e-01 -2.603573873767548452e+00
6.043562647852359637e-01 8.358490599564371015e-01 4.349041138859616851e+00
7.126183785427874229e-01 8.091386336092182274e-01 -2.211948897495916722e+00
1.614256701773267577e-01 2.229140526239602182e-01 -2.832391666087952675e+00
2.307663012654918855e-01 9.674300902321516377e-05 -2.876984982153070192e+00
7.442291768034889898e-01 5.740651489466023216e-01 -2.635589272263804794e+00
1.487065111129821093e-01 2.351566532549170530e-01 -2.858479469517414273e+00
8.421154125280876368e-01 1.080033305930756804e-01 3.927803984597136644e+00
7.195920872962526804e-01 4.242716071902278840e-01 -2.624108851863863112e+00
2.585797763411531447e-01 8.902893331922794029e-02 -2.182295609574272710e+00
4.358246813107316542e-01 9.221061991241497058e-01 -2.011927647316626544e+00
1.913694969552677538e-01 2.154384451497001474e-01 -2.918314310553141944e+00
4.149523930643862490e-01 3.846055936998288849e-01 4.364806875466026526e+00
3.906899863831851394e-01 9.892827748509837038e-01 -2.724234460352967790e+00
5.221368753607293911e-01 8.589529291128826793e-01 4.196566286946457502e+00
7.961793828368921577e-01 9.851376334515965505e-01 -2.574793546646694242e+00
6.994705878225003781e-01 8.153104317876197493e-01 -2.822157403926075059e+00
3.973153684839727529e-01 9.537692178653274233e-01 5.912742998467294120e-01
8.070611670736568266e-01 6.734686971559644686e-01 -2.903996637778116785e+00
3.732245855689989567e-01 9.622937534096144274e-01 1.571794587141930766e+00
9.827225661888464581e-01 7.828014301564708566e-01 3.463443287179846841e+00
1.113758702860335736e-01 8.230427413049018481e-01 2.929829983256873049e+00
6.240039557153980176e-01 6.327468636066224672e-01 -2.173422977226600050e+00
2.890604228963437050e-01 4.537507976141665900e-01 2.482706758066884234e+00
5.002162041821641703e-01 8.659966728980972306e-01 -1.290160159365314918e+00
5.350956337992658352e-01 7.954145924907186638e-01 -2.256680051262117459e+00
7.964182310486854766e-01 7.519550720307220937e-01 -2.400985048213552187e+00
9.993214130066452316e-02 8.108923191889046977e-01 3.283403893499242887e+00
5.796378425834129988e-01 9.219714373923911799e-01 5.103393757972626510e+00
1.930153564958169976e-01 2.000940162325249017e-01 -2.156667190193214179e+00
8.137028199434260811e-01 5.619851075301668386e-01 -2.172296690717458567e+00
8.151424118774103222e-01 5.745248906787138177e-01 -2.924068436427232243e+00
7.610227281917247844e-02 8.007675577554371760e-01 2.280202353898346690e+00
2.638452446704293020e-01 5.454782982882033088e-02 -2.726262254049649947e+00
7.425384457165306040e-01 4.119076717354844264e-01 -2.395101818838874408e+00
2.710742061317888418e-01 9.159853415922214470e-02 -3.075532099989183976e+00
6.097883764336665680e-01 3.046924598706051562e-02 -1.453921213275992663e+00
4.278076162844761665e-01 4.246554602401615419e-01 -1.686736238533360188e+00
1.390990674971543106e-01 5.836394344222923802e-01 3.488774097198170110e-01
2.865550865563734062e-01 7.829205368169098733e-01 2.375048570257986658e+00
8.986980832066815417e-01 1.629875413569824294e-01 -2.032885852738468113e+00
1.399048310305188274e-02 5.932080288879341134e-01 3.361937592010529219e+00
1.443121003688413624e-02 5.945402289959829112e-01 3.183723116956800325e+00
8.772203216859170150e-01 1.678054526294235627e-01 -2.267841917554714648e+00
