4.051168831724774044e-01 9.595690756230883522e-01 -1.895769863167867886e+00
2.859003905372527465e-01 1.828303810076728486e-02 -2.909058700915410967e+00
7.334057799087041474e-01 4.853887188664277597e-01 -2.606613150296513304e+00
1.453676345181693363e-01 2.033789014701373465e-01 -2.518683854249450071e+00
1.665828766265274319e-01 2.096942316941460271e-01 -2.086044706596609011e+00
6.101275646292689814e-01 8.220037684062290184e-01 5.107329537917603801e+00
7.070006683000420455e-01 8.008657059757529062e-01 -2.167321321441338267e+00
1.516282360357764092e-01 2.209114832139313367e-01 -2.939972486464379031e+00
2.224865986085166891e-01 9.944890229810547932e-01 -2.546274743665074336e+00
7.348234688862786967e-01 5.706691721245189530e-01 -2.795103527027484880e+00
1.447260443819095577e-01 2.259830016045204226e-01 -1.980182907163184680e+00
8.408944074504398625e-01 9.305310830040196268e-02 4.630898479465250794e+00
7.109751543404575491e-01 4.191973125165484038e-01 -2.609393610392966245e+00
2.501950153117751263e-01 8.357954964029469525e-02 -2.565277045514940735e+00
4.276776043465251864e-01 9.163074805640455400e-01 -2.523021260024691070e+00
1.813735473663707631e-01 2.151538545380667911e-01 -3.113129749440578742e+00
4.190645008456915788e-01 3.701802490039497462e-01 4.990084848809440921e+00
3.807922707804384244e-01 9.878561614320282569e-01 -2.998442911902648333e+00
5.135223310963374921e-01 8.466732863201613668e-01 4.100636555931511218e+00
8.068600712625741966e-01 9.746056395874936884e-01 5.504796730038395758e+00
6.977210409165867100e-01 8.054646669303825446e-01 -1.746656075584223755e+00
3.898553278312860693e-01 9.471098039676738578e-01 -2.412837635513287893e+00
7.975065682784417964e-01 6.705174869190486664e-01 -2.842010472014097289e+00
3.779607263146610996e-01 9.765264260622569248e-01 1.249557016071720206e+00
9.712275790819726584e-01 7.924380930338784657e-01 2.443909168697466772e+00
9.775298728787507052e-02 8.293210419363215014e-01 2.709740780979244423e+00
6.145266876971625658e-01 6.295560344180680667e-01 -2.816830988166549865e+00
2.770921952884243811e-01 4.627930057474179959e-01 2.494569541391760126e+00
4.998996739886563678e-01 8.510000129820827208e-01 4.691285401066974892e+00
5.302275726517835519e-01 7.866794919953394860e-01 -2.079225957976373884e+00
7.911708817594671483e-01 7.434424152517288276e-01 -2.123200025331605012e+00
8.504702452859540240e-02 8.090394029247776064e-01 3.265436735323878459e+00
5.847869111279411225e-01 9.078828926441302460e-01 5.062786539254745755e+00
1.891927208864166154e-01 1.908534828605953360e-01 -1.963040985689945783e+00
8.046379732476875990e-01 5.577627202453764310e-01 -2.705679068344328364e+00
8.008184999776076785e-01 5.700723017816010652e-01 3.442973670006030051e+00
6.750617982946156836e-02 8.058770768435944420e-01 2.605300853498283775e+00
2.539738348758076580e-01 5.294930905427675666e-02 -2.981051851919559237e+00
7.345775305457441506e-01 4.058559092117611788e-01 -2.491605407667330407e+00
2.614622220194018909e-01 8.883995455674184583e-02 -2.862110471051914296e+00
6.043770776291271796e-01 1.647932657171038637e-02 -1.939871733208526461e+00
4.177443201426014330e-01 4.135320582982676685e-01 -2.306199799432905539e+00
1.528038145138743420e-01 5.775419013795197731e-01 -4.186224083602718138e-01
2.909281072967054849e-01 7.972689405471031776e-01 1.274965469183700906e+00
8.866796535995018491e-01 1.540121667253992466e-01 -2.500142083502911561e+00
3.383400526128475805e-04 5.869936109642385214e-01 3.568760197701761783e+00
7.547491138552818446e-04 5.883795134027368645e-01 3.564830083936802119e+00
8.793905740786207570e-01 1.529632828233620512e-01 -1.425603234636363847e+00
