4.068854258485855024e-01 9.744644526509713689e-01 1.452618595849575200e+00
2.760135116291853596e-01 1.978291324797521594e-02 -3.292148298224390590e+00
7.234102953701965211e-01 4.850882378512936244e-01 -3.111540028557830517e+00
1.394762096689632913e-01 1.952986098141290261e-01 -2.200793513747925978e+00
1.565853375664258695e-01 2.094723922437688735e-01 -3.119406888594410621e+00
6.105913777902940431e-01 8.070109408759844616e-01 4.743314787152700163e+00
7.054209663034969324e-01 7.909912671764027792e-01 -1.729431029346510496e+00
1.423100503113347848e-01 2.172822388291024420e-01 -2.770188250329187696e+00
2.124993522295844650e-01 9.949939088755944683e-01 -3.192102717743967588e+00
7.276814093276836592e-01 5.636698160640315480e-01 -2.366285322562225790e+00
1.350759434823056160e-01 2.233608741042902301e-01 -2.876278181320357952e+00
8.279026576986346919e-01 8.555547944946040317e-02 3.665008907664408788e+00
7.010939643597364768e-01 4.176604050486451558e-01 -2.987290332678084415e+00
2.402078351029646175e-01 8.408574276227849531e-02 -3.192233607853535382e+00
4.360259778641196737e-01 9.287696095800173079e-01 9.805589725863586015e-01
1.723388446015867437e-01 2.108673471075350470e-01 -2.698593822643461593e+00
4.122097849431503591e-01 3.568381026288177105e-01 4.237790816683018491e+00
3.715132396070170984e-01 9.915843755464099907e-01 -3.523640455355071754e+00
5.186094398039593489e-01 8.325622507452350440e-01 5.058392166254177091e+00
8.015271470768133844e-01 9.605856567191400908e-01 4.348909767306113672e+00
6.924126667101950794e-01 7.969899301624990828e-01 -2.130384724325749879e+00
3.969536499486494563e-01 9.603239563475334251e-01 1.077852279545468583e+00
7.898428851253017635e-01 6.640934725566520758e-01 -2.443964959870545073e+00
3.833475855454638870e-01 9.905257741766340107e-01 1.203467273157338591e+00
9.632325383211725045e-01 7.984446996660081730e-01 2.497265459780187324e+00
8.383631995282292415e-02 8.349180384778152053e-01 2.759208919802498272e+00
6.103451244490071259e-01 6.204722836067745328e-01 -2.002211055556982533e+00
2.622773207744659718e-01 4.604436455928940797e-01 3.298864197153984268e+00
5.062487558500371465e-01 8.374099740006269998e-01 5.149442872123983328e+00
5.261057496195886696e-01 7.775684780621228143e-01 -1.995644331323562781e+00
7.870734796645646458e-01 7.343203926650055946e-01 -1.992965575904783515e+00
7.534450212367076183e-02 8.066184405165739424e-01 3.386118435455692577e+00
5.778303122212532505e-01 8.945935837211098640e-01 4.230139525683926038e+00
1.792692564262592936e-01 1.920883322878514654e-01 -3.265393596829984091e+00
7.902043171482530104e-01 5.618455589151324370e-01 2.865925206157251548e+00
7.908365700397607112e-01 5.706731967107809833e-01 -3.201718366718258046e+00
5.851510934498888039e-02 8.102543649930362690e-01 2.688521583280619076e+00
2.444734138839371740e-01 5.607052692190899607e-02 2.824167077264484238e+00
7.246610854394540668e-01 4.071459155892398485e-01 -3.270953784283105570e+00
2.537137353977889087e-01 9.516142235106654634e-02 2.457271983650745284e+00
6.089082548777094983e-01 2.180080691527409159e-03 -1.263924081591341064e+00
4.184043455314455651e-01 3.985465864509723510e-01 -1.526780422848093233e+00
1.564289774881696682e-01 5.629865520738590590e-01 -1.326702068460220652e+00
2.967970703352916795e-01 8.110731164678783855e-01 1.168791417046312731e+00
8.799748970429088768e-01 1.405940357260080376e-01 -2.034187000067846363e+00
9.922311632308656870e-01 5.743732431415113915e-01 4.141383305009340710e+00
9.857563078370464860e-01 5.881632744929229384e-01 3.156009080274597256e+00
8.771576848525397541e-01 1.381304069827149761e-01 -1.720210928237782211e+00
