4.108552795627379850e-01 9.889295921763346930e-01 1.302948193453901782e+00
2.672657670446899059e-01 2.462821661148409738e-02 2.635766462639615337e+00
7.134116079826686718e-01 4.852502579935304983e-01 -3.157795376749566341e+00
1.294766188860759781e-01 1.952081433850221259e-01 -3.132545887275714591e+00
1.481224824258600137e-01 2.147996882623695036e-01 2.579769959183719319e+00
6.139872639761256856e-01 7.924003982093729137e-01 4.940761308050515055e+00
7.054805564640569404e-01 7.809914447273407223e-01 -1.564837275471013811e+00
1.323291040388095696e-01 2.166652205919612495e-01 3.203333695520127034e+00
2.093888124400740958e-01 4.497831340444014003e-03 1.887098151908016330e+00
7.177479535505596475e-01 5.625180972077464814e-01 -3.026164618566722808e+00
1.254817637390551743e-01 2.205409955511955788e-01 3.427458072565293001e+00
8.169997440658930410e-01 7.525370900370809135e-02 3.898648861183602321e+00
6.920112117178088829e-01 4.218441359727795326e-01 2.709939279457762140e+00
2.321189218645885177e-01 8.996532460302396339e-02 2.513060350831146650e+00
4.462999707230448365e-01 9.396987024396628030e-01 8.162847842411747878e-01
1.642137302303290913e-01 2.166967996078975056e-01 2.519243784320445823e+00
4.177484046218878366e-01 3.428980993270138722e-01 5.090581489882373134e+00
3.688353712974273835e-01 6.343407402073619750e-03 1.750283038052985463e+00
5.178242457830890544e-01 8.175828158310071148e-01 4.660018776855613609e+00
7.983146579212470062e-01 9.459336973475963584e-01 4.496551098943483815e+00
6.891468250913483917e-01 7.875382489088484927e-01 -1.903483634212378206e+00
4.012649699409439608e-01 9.746910200671680125e-01 1.279262850251278394e+00
7.807086998716342707e-01 6.600232563766827987e-01 -2.722401667553573823e+00
3.880130683384954149e-01 4.781764858025727705e-03 1.254517431863754418e+00
9.545095293341551157e-01 7.935550049707932319e-01 3.652500621464184416e+00
7.390732508667120781e-02 8.361076018212033611e-01 3.022353966800972014e+00
6.067247037038769886e-01 6.111506660632238797e-01 -1.941253977676968834e+00
2.740260094739767616e-01 4.511179652508500171e-01 5.612258690198832944e+00
4.988510036256948443e-01 8.243610942775535522e-01 4.196643519134638289e+00
5.261370513677832150e-01 7.675685270522147885e-01 -1.567666146863841758e+00
7.797153908465187522e-01 7.275485000975066008e-01 -2.397656703277564638e+00
6.567692469137294264e-02 8.040614996509053425e-01 -2.883027065530741950e+00
5.809559415225090673e-01 8.799228495380114756e-01 4.922302467459139130e+00
1.694556853811492181e-01 1.940102644777523533e-01 2.948196110385287838e+00
7.762588085191416409e-01 5.673703022644094318e-01 2.764395379779336359e+00
7.773719412483524049e-01 5.640623139021405663e-01 3.597999418430331886e+00
4.851760440741037517e-02 8.100309930541240711e-01 -3.119253601756713401e+00
2.409737291743666576e-01 6.543814171616683939e-02 1.928333772735775664e+00
7.150270512019447633e-01 4.044653588727162852e-01 3.412966929638705516e+00
2.517018112190256840e-01 1.049569397492904899e-01 1.773371405486798391e+00
6.170134049508843033e-01 9.895584111390746118e-01 -9.999512366003617814e-01
4.100975699535598373e-01 3.860566913553904467e-01 -2.157699450402705832e+00
1.683861016794584442e-01 5.539296662363265566e-01 -6.482500703270471787e-01
3.078943658278285311e-01 8.211651941900979246e-01 7.379939911700377220e-01
8.696881055845763209e-01 1.296769884378088933e-01 -2.326479572711914745e+00
9.820380404707024224e-01 5.633686873396518413e-01 3.965251471541249462e+00
9.710218190892089263e-01 5.853534984627297710e-01 3.330024166174696987e+00
8.719071071498677439e-01 1.240793773482645884e-01 -1.928408544739465658e+00
