4.244094232936294619e-01 9.953549472421917566e-01 4.426737333489811910e-01
2.687682167048774384e-01 3.451470461373254417e-02 1.419980280077365098e+00
7.063787596218841225e-01 4.781411762009070698e-01 -2.350803946425374491e+00
1.248136547409631342e-01 2.040544287851995264e-01 2.055895863209174834e+00
1.381514179334200898e-01 2.155598677724878953e-01 3.065501297009956883e+00
6.209178343764646391e-01 7.790974964986202567e-01 5.192680831906453243e+00
7.042868568868976276e-01 7.710629462850036031e-01 -1.690451605310282712e+00
1.225313592482739633e-01 2.186662695717547233e-01 2.940127670577534769e+00
2.035092268320878306e-01 1.258674184052748987e-02 2.199329095282539281e+00
7.080503472719350544e-01 5.600775168536543669e-01 -2.895044417180272056e+00
1.170650965599566579e-01 2.259409690322680409e-01 2.571158694956531932e+00
8.089023722812900274e-01 6.262704791766025847e-02 4.142160032971005990e+00
6.821348531093135437e-01 4.234117904743835425e-01 -3.299007406060587400e+00
2.233050779873532177e-01 9.468932249757489039e-02 2.649581105889078358e+00
4.326681715667277661e-01 9.334397846608585292e-01 3.572022176144105998e+00
1.542200963754009058e-01 2.170535661613089418e-01 3.105908425561476172e+00
4.259716174544507239e-01 3.303530297492724421e-01 5.292616445681338710e+00
3.732416608370085487e-01 2.068162948479285168e-02 1.272646006131417984e+00
5.068717411075251977e-01 8.073337845923118650e-01 3.893822679964273448e+00
8.131117529831887181e-01 9.434748403513760762e-01 6.118518352623620871e+00
6.872454895194077817e-01 7.777206665668014995e-01 -1.762094510316024598e+00
4.042068065364010643e-01 9.893997112885387635e-01 1.373394337527053866e+00
7.711053583823243018e-01 6.572347384478003374e-01 -2.858994385194446153e+00
3.815530004375674578e-01 1.241508148419815868e-02 2.273137816983084925e+00
9.467002742062526899e-01 7.873087633530417850e-01 -2.466942486160615733e+00
6.626386781129670056e-02 8.296595353761730962e-01 -2.440822366000543031e+00
5.976400891237529933e-01 6.069709797196571888e-01 -2.710384537204952426e+00
2.845924606502718834e-01 4.404713644064973121e-01 5.494008843206365178e+00
5.137417346453364564e-01 8.225538506025936725e-01 -1.207763233503530154e-01
5.252891296876026628e-01 7.576045404592751664e-01 -1.655690430165065674e+00
7.740846102304248522e-01 7.192844629694787884e-01 -2.168902067462793681e+00
5.901824009791936665e-02 7.966008080284815440e-01 -2.299453587712303904e+00
5.691765614968314901e-01 8.706359659805059659e-01 3.809221358631567078e+00
1.625486167126226067e-01 2.012416130662424696e-01 2.333262427287313034e+00
7.643259222182683388e-01 5.582815056152137245e-01 3.792514199736852554e+00
7.629925499368556130e-01 5.683323379665753405e-01 2.852932289533097965e+00
3.991217191886036603e-02 8.049372192384733893e-01 -2.607131536262914384e+00
2.366912698093195377e-01 7.447476397156295447e-02 2.013347147934264392e+00
7.051931846343609811e-01 4.026501265650050398e-01 -2.959057458857491607e+00
2.460830341940964949e-01 1.132291428865525168e-01 2.167450275657186953e+00
6.045718677771233507e-01 9.811793806012424346e-01 -2.548893251864394749e+00
4.145803505004336253e-01 3.717421994479362946e-01 -1.267306838218053011e+00
1.817275286600546769e-01 5.470735502716261855e-01 -4.747031018326469121e-01
3.123322167212835843e-01 8.354936790872341534e-01 1.270444055196228605e+00
8.590853663889208569e-01 1.190665256039401265e-01 -2.355830394387232296e+00
9.729775446296633490e-01 5.514142983918840502e-01 4.063836963170539107e+00
9.563417963637066421e-01 5.884352078550535436e-01 2.934671925869907660e+00
8.660583394769056920e-01 1.102666326279812814e-01 -1.971338701144492500e+00
