4.120202300361403558e-01 3.811181062787438734e-03 2.542674906076820562e+00
2.660910321170787962e-01 4.414967647061170120e-02 1.841820597381777613e+00
6.966685454040310033e-01 4.805311008531511496e-01 -3.382920768880827822e+00
1.186394153384377481e-01 2.119207346399386294e-01 2.236260002086447596e+00
1.297984057878955599e-01 2.210577935719799103e-01 2.559476753689020612e+00
6.141705791773208745e-01 7.717168090457044993e-01 -2.311389076158187450e+00
7.052246314111435543e-01 7.611070144380254199e-01 -1.476880877785339941e+00
1.154469007964252919e-01 2.257239213373230524e-01 2.358090010292440919e+00
2.014751881472857664e-01 2.237769106053311141e-02 1.775629545974585888e+00
7.004273948592427690e-01 5.536052223212779566e-01 -2.437648329995913521e+00
1.143084904628433734e-01 2.355535193091382595e-01 1.850073198211047432e+00
7.980479582060931998e-01 5.227418864670667353e-02 3.903345093367236451e+00
6.721530745717005928e-01 4.228083857792999667e-01 -3.081215507628248140e+00
2.140447906745185369e-01 9.846385278408119335e-02 2.754548327728881141e+00
4.443334259979118128e-01 9.428696223612509364e-01 6.798235952220884615e-01
1.475791089135953804e-01 2.245300148859469824e-01 2.297084041339109817e+00
4.297002553924481605e-01 3.158238432914102223e-01 4.963598671330721857e+00
3.729725630562069072e-01 3.567921550336156100e-02 1.588737141276288511e+00
5.217771994314018835e-01 8.056523232769157161e-01 6.170851782400327501e+00
8.040600329310620964e-01 9.315138051078057924e-01 4.064570865145128664e+00
6.867969224439707254e-01 7.677307322537625378e-01 -1.615668090853487060e+00
4.131384019766313753e-01 1.450711367040780075e-03 9.329834950048124798e-01
7.561605152237090843e-01 6.585199088506615839e-01 3.055809455818064180e+00
3.852167415654157989e-01 2.696076816266447518e-02 1.324050744914540001e+00
9.545071897487682477e-01 8.001170446472681830e-01 1.023405537448913272e+00
5.753976550404052426e-02 8.247717916295628227e-01 -2.630908327161099791e+00
5.935267778715304088e-01 5.978561198445774272e-01 -1.994710298810983051e+00
2.709613369192513943e-01 4.467317530389713909e-01 2.711055229643219544e+00
5.133447468182185114e-01 8.075591048339879618e-01 4.685920034638747289e+00
5.206734462143021158e-01 7.487334939553783597e-01 -2.050558653314078050e+00
7.680357148512294563e-01 7.113213690549535784e-01 -2.220423469368820957e+00
4.904047960535283524e-02 7.972673630171948078e-01 -3.208297609308508935e+00
5.571735650624695113e-01 8.616399626125267330e-01 3.784760751294672154e+00
1.552009724512227185e-01 2.080248367694618739e-01 2.396115653481992069e+00
7.529371379376159634e-01 5.485195594665831509e-01 3.850225559136312370e+00
7.484465084928990652e-01 5.719946703259740639e-01 2.894943921813533549e+00
3.110865238130328114e-02 8.096804295175830113e-01 -3.635785274188881644e+00
2.315172525264148906e-01 8.303219028770521259e-02 2.114608203628796534e+00
6.955494659510391697e-01 4.052956302896197904e-01 -3.409330307318525932e+00
2.443276685993026887e-01 1.230738720158183058e-01 1.747247090590224428e+00
5.921223698278761383e-01 9.728121826944345907e-01 -2.549844006228330073e+00
4.116324172356784494e-01 3.570347289153616988e-01 -1.768612827599750137e+00
1.852789181149207265e-01 5.325000252025200442e-01 -1.331767376562688954e+00
3.263640017256273507e-01 8.407954721416519561e-01 3.612596653692161097e-01
8.517325995629672075e-01 1.059922447440551363e-01 -2.083097690706233074e+00
9.607831403764109934e-01 5.426795113361934098e-01 3.763171145926375694e+00
9.418837985774772825e-01 5.924309931362450321e-01 2.871951384199173951e+00
8.623176829851946223e-01 9.574053580154440191e-02 -1.822833306389991748e+00
