4.170852197264774963e-01 1.793017109170871523e-02 1.226360196731078434e+00
2.610103410693999648e-01 5.276283956427457733e-02 2.103737835232449171e+00
6.868407669059168885e-01 4.823790104266978962e-01 -3.327451805767111193e+00
1.106907222770025651e-01 2.179885413783814452e-01 2.489588486942892587e+00
1.237232961883909382e-01 2.290009065230845797e-01 2.223719565892338768e+00
6.062594416195756786e-01 7.656001185563603428e-01 -2.483424033201306891e+00
7.025069854548938730e-01 7.514833768483984988e-01 -1.846022490465651256e+00
1.143400886051781917e-01 2.356624809298046019e-01 1.681704781114977232e+00
1.997709414493807345e-01 3.223139813922587527e-02 1.742056954520770695e+00
6.931672795674252985e-01 5.467283970399785531e-01 -2.383300505924912827e+00
1.097869832588096728e-01 2.444729347946883735e-01 2.039971475797345501e+00
7.852615848103842167e-01 4.443144324821860641e-02 3.691783233204586789e+00
6.623016284538879583e-01 4.210911177781325176e-01 -2.969010412046737546e+00
2.068970123094008851e-01 1.054573686697538731e-01 2.367102711047771813e+00
4.320890703538994293e-01 9.342049957182303466e-01 3.757429429062272064e+00
1.480288845241022333e-01 2.345198948602106037e-01 1.525803587130534877e+00
4.406568103744804565e-01 3.055791420792858260e-01 5.531350553498886491e+00
3.700236736552744432e-01 4.523453084619919601e-02 1.870135614974512528e+00
5.093125238922956433e-01 7.973077523649509946e-01 3.731524906068028891e+00
8.068940528462834605e-01 9.167839601961942364e-01 4.902466135449555118e+00
6.801720368690080676e-01 7.602400119199994588e-01 -2.294932414592853132e+00
4.170046307310567024e-01 1.594389166739082486e-02 1.310104997995451992e+00
7.442261321556093989e-01 6.676067400246108452e-01 2.490835807912793687e+00
3.868090632849415234e-01 4.187601242957229852e-02 1.464441154142407164e+00
9.461819958062496205e-01 8.056570036560922743e-01 -3.728749038074722577e+00
4.799127539129758452e-02 8.277427067355277446e-01 2.839947469307524841e+00
5.839081414752154142e-01 5.951208257332460949e-01 -2.864532179676268164e+00
2.744061080466150826e-01 4.321326588246003353e-01 4.944108483922001973e+00
5.154730953354890177e-01 7.927108681511683130e-01 4.854759352845825049e+00
5.190007396544927820e-01 7.388743838147636689e-01 -1.738856994735088257e+00
7.594710184203098402e-01 7.061593951063374064e-01 -2.599187533672690620e+00
4.183493145424869997e-02 8.042013428154145549e-01 2.375398452937163007e+00
5.613889801426178439e-01 8.472444676331223334e-01 4.997253748644843618e+00
1.530842126792449631e-01 2.177982357722518802e-01 1.784085804603394276e+00
7.390669118051047537e-01 5.542306738090737595e-01 2.750995179785490130e+00
7.338124147541641440e-01 5.752875870339883013e-01 2.920262236165647618e+00
2.141063791337051089e-02 8.121193873646493921e-01 2.895211723712312946e+00
2.317610922078653379e-01 9.302921695615769260e-02 1.546409941641661012e+00
6.855548885405877702e-01 4.049663547416436638e-01 3.174526161432480453e+00
2.424590214219248252e-01 1.328977285765829131e-01 1.758766000165120413e+00
5.971927507047899431e-01 9.586951278400031029e-01 -1.225978331173528613e+00
4.240714952644761837e-01 3.486520480915749620e-01 -5.929928258146854869e-01
1.921371395829392648e-01 5.191596804432715428e-01 -1.095935401611210613e+00
3.314160578641681121e-01 8.549190952169479774e-01 1.227276085841237485e+00
8.443360454588050290e-01 9.294268584790077448e-02 -2.086449972576844392e+00
9.551728857781058846e-01 5.287681834577270257e-01 4.329052389181221372e+00
9.272526040091032540e-01 5.957367677054468125e-01 2.919383525508486343e+00
8.522192389458859152e-01 8.464903328903733426e-02 -2.309364149581498715e+00
