4.169935951144007613e-01 3.292989125344712720e-02 1.576904672252255279e+00
2.604090950342461408e-01 6.274474835995147437e-02 1.630957214117914500e+00
6.769169579000695602e-01 4.811469329877912648e-01 3.265114264927168275e+00
1.127321976863685377e-01 2.277779426957733389e-01 1.365203496678507378e+00
1.248794310431668025e-01 2.389338492994007856e-01 1.454923722172940970e+00
6.037503568097355444e-01 7.508114575819168079e-01 4.544326623980436075e+00
6.946226308313534492e-01 7.453322019874262239e-01 -2.479057684062537348e+00
1.141156370448041663e-01 2.456599616873277603e-01 1.593243367848602654e+00
1.933060558214107494e-01 3.986063491738837256e-02 2.273769130336019906e+00
6.832073585336507771e-01 5.458339849420189571e-01 -3.052031761527959741e+00
1.096421849461448467e-01 2.544718864121655599e-01 1.585276664096001209e+00
7.730252191902337033e-01 3.575553658608814078e-02 3.758350972033971615e+00
6.530955351262177633e-01 4.249959667690956233e-01 -3.542750902873524232e+00
2.111136298805302292e-01 1.145249006525396740e-01 1.135519140509396507e+00
4.468338233194963371e-01 9.369604013115180319e-01 1.847427898026912652e-01
1.502690985059379758e-01 2.442657371180961545e-01 1.344857529056972201e+00
4.456174027261682324e-01 2.914231354559341236e-01 5.049440715992857598e+00
3.747545847018317611e-01 5.946894269458836979e-02 1.249924436841191033e+00
5.073265826904785891e-01 7.824397989905647055e-01 4.579603028068698123e+00
8.104470189071547592e-01 9.022108194169972117e-01 4.951526114929431621e+00
6.717605994163264871e-01 7.548318957988694455e-01 -2.570190952052598732e+00
4.138893658322851388e-01 3.061683018053404717e-02 1.780003399088859517e+00
7.294366594068572018e-01 6.651024445520445916e-01 3.309331166895840060e+00
3.858204399931614570e-01 5.684339777194088311e-02 1.636752356142297193e+00
9.367603734791076775e-01 8.090085753358720044e-01 2.799820612178638424e+00
4.244403819360755697e-02 8.360630528504777725e-01 2.158827202389989708e+00
5.739328329024993014e-01 5.944185302974812624e-01 -3.071305250608414195e+00
2.868039799545732960e-01 4.236891540929228483e-01 5.685294634692579230e+00
5.022635222839560987e-01 7.856040277986475751e-01 3.635181442239090455e+00
5.135599080126079796e-01 7.304840708858756360e-01 -2.146092322517652029e+00
7.498556074048289277e-01 7.034127842850946832e-01 -2.863355442574269993e+00
3.674520153913514442e-02 8.128091677085683697e-01 2.104787585294593200e+00
5.642579306100076186e-01 8.325213863246575530e-01 4.904838092349883105e+00
1.509617896916766178e-01 2.275704064963971207e-01 1.784665293000121888e+00
7.243696529718578470e-01 5.572291038630426963e-01 2.940341552932297375e+00
7.199900038308424399e-01 5.694617002974615705e-01 3.540479098694630622e+00
1.141348129462134431e-02 8.123578397502523307e-01 3.117745154735608981e+00
2.263000164616890963e-01 1.014063675274752135e-01 2.148507010279432805e+00
6.757061243803129669e-01 4.032337715501962960e-01 -2.967455587303408748e+00
2.371423794017633591e-01 1.413672809631883187e-01 2.131360606292624915e+00
6.000165034547579879e-01 9.439633112375929169e-01 -1.381416156510248516e+00
4.299250326529879818e-01 3.348413239961013921e-01 -1.169908614534685976e+00
2.051544482782964030e-01 5.117065150533328666e-01 -5.199971823863251963e-01
3.443493354557338182e-01 8.625171430411923135e-01 5.311630903471220577e-01
8.361727952042972145e-01 8.035851542302661910e-02 -2.146251465969124528e+00
9.587247338630836557e-01 5.141947701588035491e-01 4.951449400825252312e+00
9.140998209088195825e-01 6.029481681739335963e-01 2.640071374606060672e+00
8.417067341896147248e-01 7.394916208657063839e-02 -2.347361836366960386e+00
