4.137006901847220530e-01 4.756398764250024946e-02 1.792125939363289788e+00
2.610760316549982640e-01 7.272248335061441693e-02 1.504053122761159766e+00
6.669311706792920846e-01 4.806139662145698654e-01 -3.088270712107178184e+00
1.078311255078649444e-01 2.364945642604105169e-01 2.083009079382567297e+00
1.189080809831894459e-01 2.469552568106302415e-01 2.210720982088192343e+00
6.011566224689438576e-01 7.360374079620800591e-01 4.538599862265827234e+00
6.919699373025970379e-01 7.356904585225494397e-01 -1.839279599555556866e+00
1.131082045656792850e-01 2.556090862618822790e-01 1.671710768326632568e+00
1.904577741488988618e-01 4.944642082747591899e-02 1.859623492331162087e+00
6.733594882313356234e-01 5.475716415561917572e-01 -3.316244876170808986e+00
1.052462212461987984e-01 2.634538407178140251e-01 2.025945571924496313e+00
7.582860211469220069e-01 3.297056961320741358e-02 3.328340694973488390e+00
6.442158167128111401e-01 4.203969885240277926e-01 3.619472782538474487e+00
2.045294257407981875e-01 1.220514042130474153e-01 2.289514457718460072e+00
4.618313636715049020e-01 9.372320322925853375e-01 1.810972193844295752e-02
1.460877977615926415e-01 2.533496087643347661e-01 2.002182157575340682e+00
4.415656267424123427e-01 2.769807287528441297e-01 4.438872980968509019e+00
3.735968538732595823e-01 7.442419793575939801e-02 1.648055217997652644e+00
5.191837079924167542e-01 7.732523847964545283e-01 5.623973140439964880e+00
8.099898976546363594e-01 8.872177863629251426e-01 4.681909511208139030e+00
6.668361616519595803e-01 7.461284532210800124e-01 -2.085691683953936337e+00
4.083018292610932631e-01 4.453729838622286219e-02 1.952500395109872722e+00
7.171583146672357856e-01 6.737188388359089952e-01 2.529689563739733416e+00
3.947648526633698585e-01 6.888488779539790607e-02 9.319194930096139640e-01
9.267777456267762837e-01 8.084193884708991140e-01 3.200545481950372473e+00
3.569242919742133396e-02 8.434397578034101839e-01 2.311979125781647326e+00
5.675015011759978467e-01 5.867609868125446271e-01 -2.269379213426740982e+00
2.904701434915160640e-01 4.091440777809748353e-01 4.959301103726307502e+00
5.157166388174981853e-01 7.789697489731129965e-01 5.825040208706707467e+00
5.112556669943665311e-01 7.207531678789674823e-01 -1.803309817059314035e+00
7.408336000786273079e-01 7.153962472155652730e-01 2.216132643463605056e+00
2.731001763611719604e-02 8.161223692895517301e-01 2.803890235143562837e+00
5.670781599478293966e-01 8.177888948014260251e-01 4.901529985906703857e+00
1.501174215980847215e-01 2.375346948564619753e-01 1.655333792517360569e+00
7.103816323393906673e-01 5.626453090646272859e-01 2.772166513920853781e+00
7.055840175236408607e-01 5.652822794623793001e-01 3.423957951356139784e+00
3.498855284832276188e-03 8.184700157232729367e-01 2.483994560643069782e+00
2.295487824645198460e-01 1.108639316672974245e-01 1.239915078902169121e+00
6.664756406423848478e-01 3.993869325928385838e-01 -2.746727312361870066e+00
2.299948835929623292e-01 1.483610856261147470e-01 2.367062309268805009e+00
5.954117854932847731e-01 9.296875775438283585e-01 -1.882815770815304601e+00
4.358982781035505294e-01 3.210819512346949622e-01 -1.161224763301731411e+00
2.074269417732252374e-01 4.968796551930824146e-01 -1.418711152309201751e+00
3.499473023014080253e-01 8.764334201006191982e-01 1.188342869577240446e+00
8.217079310273380788e-01 7.638765854545932765e-02 -2.873675169174755517e+00
9.594936229058200761e-01 4.992144894658405718e-01 4.763670723880442992e+00
9.068160666282671922e-01 6.160610215468854678e-01 2.077826981431869502e+00
8.310189894068769068e-01 6.342432900195305034e-02 -2.363874296782252138e+00
