4.063130586709974290e-01 6.061859987792964782e-02 2.085766358449039792e+00
2.584889913439816223e-01 8.238204971920337627e-02 1.832476645237691493e+00
6.569468830731283182e-01 4.811743241335855181e-01 -3.197657812496936369e+00
1.099475852320080799e-01 2.462680282438751145e-01 1.357537549343260430e+00
1.170511131374729896e-01 2.567813277660007110e-01 1.757577259873180919e+00
6.075526071990943189e-01 7.224693801270672955e-01 5.152896934039014276e+00
6.916521076738644247e-01 7.256955105823599261e-01 -1.602584643064311143e+00
1.154831122570977031e-01 2.653229842157029394e-01 1.331014429699172164e+00
1.920487764241383954e-01 5.931904518780598684e-02 1.411017122160164838e+00
6.645093050619057529e-01 5.429160795205680845e-01 -2.657329680586837384e+00
9.855198493939082427e-02 2.708826495233099818e-01 2.304228985780910843e+00
7.478490513599224121e-01 2.219700652269471913e-02 3.942858643361081050e+00
6.343716659483242815e-01 4.221555947124769892e-01 -3.318372597474959385e+00
1.996996548461558996e-01 1.308077341009208916e-01 2.074847792115988021e+00
4.767837723420260132e-01 9.360380997359784017e-01 -7.967978976981449080e-02
1.400054372044335915e-01 2.612871707359174511e-01 2.224632745865590344e+00
4.399300281606386420e-01 2.620701681571019348e-01 4.603131835290812823e+00
3.713407134655788422e-01 8.925355498388626296e-02 1.721778657607634822e+00
5.074356774892063715e-01 7.639258753049225081e-01 3.812589846337359312e+00
8.124630970389049578e-01 8.724230817424991624e-01 4.878025283684507940e+00
6.687934727594495588e-01 7.312567037198109965e-01 4.843249554656239297e+00
4.016011386009011863e-01 5.795746025843643429e-02 2.033884007892503121e+00
7.032237496798465770e-01 6.792711265276831778e-01 2.762419464370040156e+00
3.974743168628674383e-01 8.363815196817137032e-02 1.389168414607824031e+00
9.350907212361529997e-01 8.209051578311711284e-01 9.833967173879140100e-01
3.312382417659860689e-02 8.531042426964090541e-01 1.830568630779280781e+00
5.609430099158529970e-01 5.792120668639291203e-01 -2.286103229551275096e+00
3.050276230914167885e-01 4.055274788678418507e-01 6.039679384725499034e+00
5.065812891591254807e-01 7.670724641307941072e-01 4.057560374596514308e+00
5.091463897524506343e-01 7.109781512796600200e-01 -1.783320266377814933e+00
7.335599087755190206e-01 7.285146851876367347e-01 2.077059731598982051e+00
2.208723315124943437e-02 8.246501194163217141e-01 2.120316903177254630e+00
5.693457675308405408e-01 8.029612869077207282e-01 4.864144632053521100e+00
1.525883423188975074e-01 2.472246149176109964e-01 1.321118207653492638e+00
7.003828514455942011e-01 5.624891660601407661e-01 -3.125977718593850430e+00
6.984074208713542120e-01 5.583183394504042107e-01 -2.371232152176425689e+00
2.154532243036456213e-03 8.283792435216080774e-01 1.705636870840605335e+00
2.278498248236357770e-01 1.207185520524001188e-01 1.741520221314596162e+00
6.570097221483041094e-01 4.026112754814626382e-01 -3.469892653504166091e+00
2.234043540603415368e-01 1.558820510215711830e-01 2.290355182831063097e+00
5.830415333495105878e-01 9.381714953828607095e-01 2.540438668030997604e+00
4.446043575351503185e-01 3.088670349054409847e-01 -9.515700188018154648e-01
2.106074382402512157e-01 4.822207179115727271e-01 -1.357141433899840433e+00
3.647164164741877324e-01 8.738117285567115200e-01 -1.756817518913895149e-01
8.076876892831426069e-01 7.105541498066227091e-02 -2.778161986553417506e+00
9.665454202053795907e-01 4.859754504204292225e-01 5.201815511045264628e+00
8.938946481387365361e-01 6.236792197733964649e-01 2.608870821409190910e+00
8.169059185926115241e-01 5.834286935028501486e-02 -2.795989767790078240e+00
