4.119931336393158339e-01 7.450156600027837972e-02 1.182435666755690784e+00
2.536585437381963515e-01 9.113800631615857906e-02 2.074925076272256419e+00
6.491494869347194108e-01 4.749132848060676482e-01 -2.465046152978130234e+00
1.026109466377778667e-01 2.530631540070712449e-01 2.394494592720993964e+00
1.172270680896216194e-01 2.667797796389065335e-01 1.553199923521706438e+00
6.012473442498329490e-01 7.147077012403397767e-01 -2.253027420170975681e+00
6.855985377872833020e-01 7.177359696641738562e-01 -2.221010621847113509e+00
1.119009036021691716e-01 2.746593529505245712e-01 1.937157926130380181e+00
1.957245305668121049e-01 6.861898236407858176e-02 1.194395752723108384e+00
6.556170125418292471e-01 5.383414610952356183e-01 -2.666453891903497020e+00
9.128653808506242973e-02 2.777538417056703013e-01 2.384076117718793242e+00
7.356211098010342342e-01 1.350923090217961975e-02 3.759321280113130381e+00
6.244627635278305888e-01 4.208088754317306224e-01 -3.006510286636229434e+00
1.929053923591851905e-01 1.381451721591359372e-01 2.317776727623495514e+00
4.642526137099634020e-01 9.277937038613200960e-01 3.723509610374511780e+00
1.331135804192499494e-01 2.685330185160269556e-01 2.331160932307576594e+00
4.306983323255882401e-01 2.502474869041410588e-01 4.049436783994019962e+00
3.650681141972176302e-01 9.704165477899383274e-02 2.248826250041657815e+00
5.215022684540766562e-01 7.587171308662855607e-01 5.928548677658010746e+00
8.168466676286081363e-01 8.580778975720156909e-01 5.008955183393066335e+00
6.642795024788431535e-01 7.223334715528323402e-01 -2.039126654655797566e+00
3.960338294700752049e-01 7.188603050242850512e-02 1.951047746262016158e+00
6.886048335227444861e-01 6.826307828183800774e-01 2.915699323349079553e+00
3.912530203708338705e-01 9.146729431955383238e-02 2.242256256273659432e+00
9.382415456018960986e-01 8.303958008976993765e-01 1.250252813103389649e+00
2.902269753653860182e-02 8.622245913894245328e-01 1.993373915922500794e+00
5.512398834296806660e-01 5.767935267271233624e-01 -2.897316517731500340e+00
3.199513779694866944e-01 4.040170020095995573e-01 6.182315885281411738e+00
5.111888852087794755e-01 7.527976591008396223e-01 5.024610037985765665e+00
5.017636876566642368e-01 7.042331005189266246e-01 -2.401298540035934792e+00
7.185807582240767433e-01 7.293052854388550887e-01 3.088861536472487401e+00
1.528170665283681666e-02 8.319771112328453455e-01 2.319312963170714337e+00
5.640142950464225313e-01 7.889407519269187041e-01 4.349013310425348777e+00
1.531085649039876373e-01 2.572110741731210570e-01 1.518750574890327165e+00
6.904410404429101034e-01 5.635663819098706284e-01 -3.249523666467234229e+00
6.895425254965703576e-01 5.536908530923329019e-01 -2.660499370630950988e+00
9.970036853226658113e-01 8.369506364074177363e-01 2.111902780899043375e+00
2.218385736032330580e-01 1.287101012617341278e-01 2.215704581124728900e+00
6.472654212646293814e-01 4.003643664293609072e-01 -2.914966834730059020e+00
2.199694737050702231e-01 1.652736215475786030e-01 1.921424720406873288e+00
5.680415647913481525e-01 9.382022078256091469e-01 -3.143640151203626942e+00
4.370819804611560944e-01 2.958895989816289762e-01 -2.096118548647622148e+00
2.159930428935629143e-01 4.682208871083727297e-01 -1.203556888463126473e+00
3.779201110449715295e-01 8.809294845009297825e-01 4.944153119884229786e-01
8.015290300791027001e-01 5.737802791995164076e-02 -1.993883402485882694e+00
9.720064670197126055e-01 4.720048753538235720e-01 5.085022832971798579e+00
8.830891053473667318e-01 6.340830769900194230e-01 2.375131261551107098e+00
8.085064191432461689e-01 4.591514192327279115e-02 -2.165141849323596102e+00
