4.189874795194121759e-01 8.777104698898247070e-02 1.085704351925260491e+00
2.518790262320038109e-01 1.009783984549482844e-01 1.749700913348148701e+00
6.408533008589553104e-01 4.693299796383110234e-01 -2.549220569732038921e+00
1.004636421226231535e-01 2.628298875101006127e-01 1.787212161938880106e+00
1.191111502369333469e-01 2.766006876652644664e-01 1.381255245766488837e+00
5.916630356353043130e-01 7.118544524987345801e-01 -2.852247277882384857e+00
6.811679528854884813e-01 7.087710425909630185e-01 -2.029803752983542431e+00
1.133336083430688951e-01 2.845561886632866910e-01 1.427031130717813845e+00
1.896340583925732182e-01 7.655032201730374575e-02 2.225655074513799736e+00
6.456523547479171565e-01 5.375014640415347600e-01 -3.057493850282004821e+00
9.309703944569878986e-02 2.875885803815647623e-01 1.388742197895694197e+00
7.223422407794791722e-01 6.532724791784173118e-03 3.625340683015826126e+00
6.151595191107973593e-01 4.244762509670338968e-01 -3.517092456278806623e+00
1.857725528997733189e-01 1.451539239200600462e-01 2.364968928089937972e+00
4.792517268375772188e-01 9.276305922889446220e-01 -1.087431913995329236e-02
1.313810298309453783e-01 2.783817884117533170e-01 1.744930082703169516e+00
4.318721005534972290e-01 2.352934818169695463e-01 4.790720275092166247e+00
3.575256822469470852e-01 1.036076063684847059e-01 2.425297061577693203e+00
5.254940160248414704e-01 7.442580177769120287e-01 4.981750988792577495e+00
8.248223708077772054e-01 8.453740336402116862e-01 5.273011520534084617e+00
6.575914605062340712e-01 7.148990855948248457e-01 -2.303395472671679212e+00
3.929545585786209938e-01 8.656656491971191636e-02 1.777550947253796698e+00
6.801462395491038038e-01 6.772967235771371053e-01 -2.578970592387589189e+00
3.903116173078192142e-01 1.014228837181252035e-01 1.665076242053296074e+00
9.359813224676925003e-01 8.401370221447305164e-01 1.798788706934386861e+00
2.802165866779229506e-02 8.721743612954705460e-01 1.671068158741985554e+00
5.412422575198949648e-01 5.765756364612049101e-01 -3.119801902530357829e+00
3.278680127127701627e-01 3.912762447973520685e-01 5.268368627292142392e+00
5.257634664335321117e-01 7.492506065042340291e-01 6.044453930874462699e+00
4.980215215870600343e-01 6.949596872795900104e-01 -1.954348184013126488e+00
7.100475121483174057e-01 7.416415616764616692e-01 2.175943440843488563e+00
1.335260530447802442e-02 8.417892755194724685e-01 1.764923457467114876e+00
5.672154139988521138e-01 7.742863042248592231e-01 4.927450908462673418e+00
1.491241037355572618e-01 2.663829915951910210e-01 1.980618373327133863e+00
6.832619716753899342e-01 5.566049904087971845e-01 -2.371587205153822264e+00
6.797238726665243425e-01 5.555866528188413422e-01 -3.332326997328298734e+00
9.921737331514588476e-01 8.457068663052591528e-01 2.074868494579467981e+00
2.218814077602380697e-01 1.387100095230630048e-01 1.566512897995852915e+00
6.392765314233583851e-01 3.943495813871473188e-01 -2.496242130841416884e+00
2.184736969879938207e-01 1.751611213333005845e-01 1.720937452203752605e+00
5.531078226202938986e-01 9.396105205637735880e-01 -3.235618653804405387e+00
4.336874632395375517e-01 2.812787381982208013e-01 -1.799074958467340668e+00
2.218149872653221444e-01 4.543968152143126882e-01 -1.172195079974903908e+00
3.915575495573147546e-01 8.871761052531491609e-01 4.295276252661839878e-01
7.865455731414850993e-01 5.808231351440713147e-02 -3.188562294972443478e+00
9.804172669328049539e-01 4.595847930343731624e-01 5.307644077082161793e+00
8.709456524626503215e-01 6.428885611923034205e-01 2.514204533285869569e+00
7.997642832416449465e-01 3.372600496129166819e-02 -2.192977590125502640e+00
