4.267361444180919339e-01 7.492744187639947817e-02 5.255238151014037129e+00
2.446999667936961276e-01 1.079397995769384166e-01 2.371585865018590589e+00
6.311293966582015580e-01 4.716635792386202342e-01 -3.377124272943692773e+00
1.033684129764166904e-01 2.723987069925107307e-01 1.276070943429830074e+00
1.217477291881484402e-01 2.862468501889839367e-01 1.303984005126747503e+00
5.836844299703292105e-01 7.058260321714160401e-01 -2.494534251007006542e+00
6.768575999116263064e-01 6.997476919250120719e-01 -2.016436143333842246e+00
1.168721086664540887e-01 2.939092103921934762e-01 1.209112060510224573e+00
1.887760209589981752e-01 8.651344260086510363e-02 1.656705705732753886e+00
6.357509186360551512e-01 5.389020221169872338e-01 -3.282110431156693764e+00
9.567964007873827614e-02 2.972493346983986484e-01 1.309575594709005975e+00
7.073426828996269844e-01 6.647891666208438632e-03 3.133914786527144614e+00
6.052891330889791366e-01 4.228714208263970598e-01 -2.980412663272576257e+00
1.790704352217788453e-01 1.525756230941248404e-01 2.305290413505457714e+00
4.683398017926074242e-01 9.173383674656636622e-01 3.897773711749483727e+00
1.196642187070403596e-01 2.690160883798958236e-01 3.815930205885276649e+00
4.237791755663221638e-01 2.226639701418509087e-01 4.142512168460740440e+00
3.466391022256842258e-01 9.328857659623189524e-02 3.900233048789334411e+00
5.340926005693146239e-01 7.319671942149391652e-01 5.322842307177797494e+00
8.283438015269016796e-01 8.307932405996940606e-01 4.949362747910581284e+00
6.486153496748174874e-01 7.104912023905957108e-01 -2.685115926636095995e+00
3.964756955314462372e-01 7.198570093435602280e-02 4.949342600475273635e+00
6.659856457283239717e-01 6.723492411221008158e-01 3.477718437953164710e+00
3.849666921514434681e-01 8.740747166307874516e-02 4.348053637409270422e+00
9.285606177519978299e-01 8.468402408881751109e-01 2.406950199343053320e+00
1.984979429674805021e-02 8.779380955625284422e-01 2.527308822401922228e+00
5.348784908507561164e-01 5.688618518012110714e-01 -2.260588220013917127e+00
3.365301166516534992e-01 3.790301043705898154e-01 5.328019740909898161e+00
5.232836665792195419e-01 7.344570067839985006e-01 4.546306523100613006e+00
4.951651165033695290e-01 6.853763188739683265e-01 -1.860471042573446976e+00
6.965923726207983169e-01 7.482717366586919550e-01 2.683752579958589735e+00
4.262424213096789247e-03 8.459568416828219251e-01 2.711718271970357197e+00
5.653778935286083440e-01 7.593992790511908675e-01 4.589579140159935733e+00
1.486369308628695818e-01 2.763711176752982057e-01 1.619532905398741063e+00
6.739135910753547565e-01 5.530542468026091729e-01 -2.778599043669994550e+00
6.698553144469371334e-01 5.572026845841905329e-01 -3.303907620871623152e+00
9.832209159280312916e-01 8.501618706558630167e-01 2.679859501072438199e+00
2.171024367278070188e-01 1.474941677565640985e-01 2.069055510871648185e+00
6.293997209848298802e-01 3.927847761080868749e-01 -2.984466383692812919e+00
2.116941153920796626e-01 1.825121262567339919e-01 2.315777756570362111e+00
5.395942394480720550e-01 9.331002924688877043e-01 -2.692647780356706821e+00
4.364787910717788377e-01 2.665407434590116864e-01 -1.383616707051026129e+00
2.368115790402591792e-01 4.547165575103749302e-01 2.131776766749771124e-02
4.021064922041047152e-01 8.978400542887895464e-01 7.908196431182246133e-01
7.765830183794387720e-01 4.686859412192953545e-02 -2.297179774400514241e+00
9.924228520175282231e-01 4.505922446317528474e-01 -6.428802868375579349e-01
8.716599682233748814e-01 6.578715433051532946e-01 1.523157258799517688e+00
7.854863661479319914e-01 3.832394835644765269e-02 -3.453137582723082133e+00
