4.214542254842691404e-01 8.896672007638270485e-02 1.930640006091213223e+00
2.369609311904554982e-01 1.142728342311759848e-01 2.455778283419769004e+00
6.228047871387009105e-01 4.661227420863625626e-01 -2.554330785165103812e+00
9.848421343800763117e-02 2.811247940233054798e-01 2.081074444662319944e+00
1.161609651212072436e-01 2.945407073893663297e-01 2.163585395596799632e+00
5.740456117630730049e-01 7.031627290404400821e-01 -2.872008831858722022e+00
6.621548485716047816e-01 7.027190725861683918e-01 2.942181646525525718e+00
1.164954521865603221e-01 3.039021143693241278e-01 1.608470886523824639e+00
1.814942147843633669e-01 9.336729544689634230e-02 2.386459980580494022e+00
6.270992168801886590e-01 5.338872383003568922e-01 -2.616285946985579702e+00
1.096086789944024087e-01 2.916831982568519055e-01 5.903018079379588556e+00
6.947787384065513550e-01 9.984535461295035441e-01 3.719520762722313467e+00
5.974364342419173912e-01 4.166798846020537406e-01 -2.473928226384882745e+00
1.747454022949382346e-01 1.615919466343348210e-01 2.018063661610532744e+00
4.833063009806379262e-01 9.163364183378723826e-01 -6.684638055573399740e-02
1.115138202620057084e-01 2.748101374983600853e-01 2.523594286385503871e+00
4.203122744983718295e-01 2.080701153740027454e-01 4.479153361681269985e+00
3.339416350642103182e-01 8.530269357158826171e-02 3.703016714328179582e+00
5.309101155665415517e-01 7.224871209448043841e-01 -1.894677680457595104e+00
8.338409328557748745e-01 8.447496565849361705e-01 1.195578272107974183e+00
6.405376670228344338e-01 7.045962008660960896e-01 -2.511152753315532671e+00
4.007313536875869997e-01 8.636935045935741073e-02 1.283134877086729020e+00
6.573728497340911581e-01 6.672679277916983009e-01 -2.608578895738405734e+00
3.781048995783823363e-01 7.406896339999763379e-02 4.237260344665003231e+00
9.364493592200322514e-01 8.595982876842372944e-01 1.017004489489335750e+00
2.115235937217932113e-02 8.878528988497483843e-01 1.440168639803710349e+00
5.254240257897191402e-01 5.656040779585952416e-01 -2.809758801509729675e+00
3.485790281565439019e-01 3.700956916004454200e-01 5.645138671220428783e+00
5.282266970883384705e-01 7.202948583104822333e-01 5.048200392231839473e+00
4.887141440493847355e-01 6.777353140710690171e-01 -2.271946871000920964e+00
6.829751310637940387e-01 7.545622638526714443e-01 2.708843093326305240e+00
2.717628067245682691e-03 8.558368014432543580e-01 1.725897050393911059e+00
5.634962328157007150e-01 7.445177686116722926e-01 4.586613578743817143e+00
1.356883283398902240e-01 2.687992161504569877e-01 3.670735311851379024e+00
6.679039943129201351e-01 5.450614533764699399e-01 -2.215497571302696755e+00
6.603906282895454227e-01 5.539747261052014871e-01 -2.812910670068702323e+00
9.803129278823751180e-01 8.597297129165987206e-01 1.865857943498408389e+00
2.072650594429156501e-01 1.492902769277179853e-01 2.961001731489837141e+00
6.194158370922916435e-01 3.922172706717121926e-01 -3.084811603690406301e+00
2.060965254665655388e-01 1.907986808499158304e-01 2.164891256653724394e+00
5.276733683702947708e-01 9.239957423566078631e-01 -2.489350270599824277e+00
4.320782251224449255e-01 2.522007637056939422e-01 -1.868547487831562215e+00
2.500994359233095210e-01 4.477571854513762162e-01 -4.824581415352470204e-01
4.125393733958867548e-01 9.086175767331252651e-01 8.016454226459696075e-01
7.780353289938641836e-01 3.193906653800286655e-02 -1.473823707218944623e+00
7.407569392686053078e-03 4.512691827283646373e-01 4.514453919476937860e-02
8.660791534312612949e-01 6.717947076816923602e-01 1.952017571690342734e+00
7.887028680867211872e-01 2.367286937646242290e-02 -1.354684563638790751e+00
