4.279741151082812611e-01 7.545779564507806847e-02 5.162048926316156638e+00
2.276730408219665436e-01 1.179789228030978937e-01 2.761928179823899487e+00
6.130703007119712167e-01 4.638336868210150565e-01 -2.910639445472822828e+00
1.098148521590500831e-01 2.712954183476476433e-01 5.568616570512953778e+00
1.166600490417185887e-01 2.795490125138598847e-01 4.745667383785139748e+00
5.650745731650665959e-01 6.987445318432703445e-01 -2.683966552820970630e+00
6.578354053233910204e-01 6.937000698682698197e-01 -2.017443802743780878e+00
1.284088137612523772e-01 2.947877402278566983e-01 5.630118561284835899e+00
1.720648540055187969e-01 9.669703346998283211e-02 -3.481048248499742037e+00
6.174925551597760798e-01 5.311101803986272296e-01 -2.860187516259359963e+00
1.204807362423516159e-01 2.813488685157746194e-01 5.523138577004785610e+00
6.956334582212300166e-01 9.834779174602824581e-01 4.769401181669420176e+00
5.908826490973588808e-01 4.091268785594926460e-01 -2.285479982498316964e+00
1.648748187751177818e-01 1.599883316623889051e-01 -2.980535774620967526e+00
4.691733359749318266e-01 9.213622814624994328e-01 2.799926352420812670e+00
1.056110100457770540e-01 2.667381593299563702e-01 -2.202203267950991528e+00
4.140400862972148377e-01 1.944444170370635550e-01 4.280985749858289502e+00
3.260952274324216416e-01 9.808681995064946757e-02 2.121273348466577779e+00
5.272539462326698567e-01 7.131794667934052701e-01 -1.945091867364474814e+00
8.387112741673268257e-01 8.589369669540297680e-01 1.240112987316065229e+00
6.348509564508793002e-01 6.963705505653104977e-01 -2.175685669835361935e+00
3.916745214433469680e-01 7.441218567418804442e-02 4.064143392172293368e+00
6.492458567495996702e-01 6.614410946011884951e-01 -2.519566119113429092e+00
3.727470886167983943e-01 8.807945452985924129e-02 1.936051233661988613e+00
9.326372172392529691e-01 8.688431550990994845e-01 1.961905643522904530e+00
2.554437461032978141e-02 8.968367845429133789e-01 1.116086633807837902e+00
5.162328230186059574e-01 5.616643074550911052e-01 -2.736638034403494846e+00
3.620724548451374480e-01 3.635437883502782852e-01 5.831154189122160325e+00
5.274092493901063605e-01 7.103283253495847882e-01 -1.652632410717247424e+00
4.849642565695310714e-01 6.684650204463536971e-01 -1.955180963549583151e+00
6.732825409752497547e-01 7.521018375937778000e-01 -2.892997413890997738e+00
9.976277469691661182e-01 8.644445369414799352e-01 2.104805148819987259e+00
5.720299397043948630e-01 7.321818111402048634e-01 5.317573449213570669e+00
1.274908230540732212e-01 2.630720085333889124e-01 -2.531771619703437448e+00
6.579087657932961575e-01 5.453703333539614562e-01 -3.172485564992606477e+00
6.503908344730109370e-01 5.539105106335551199e-01 -3.135171062290895705e+00
9.741233867077964126e-01 8.675839843690120734e-01 2.238206720317194698e+00
1.974748613805393793e-01 1.513279280017352235e-01 -3.346794838808306416e+00
6.117214842648660555e-01 3.858300228632200457e-01 -2.448752874642225130e+00
1.973124718075542905e-01 1.860195176056217981e-01 -2.643311587734275214e+00
5.147682958790197327e-01 9.316415977041105911e-01 -3.676456248694362827e+00
4.357095514853159823e-01 2.376469508428625255e-01 -1.326278601206304586e+00
2.645787440430582560e-01 4.438393242525358606e-01 -2.642555645672334808e-01
4.261532863465386511e-01 9.149153044322301254e-01 4.332784034276995211e-01
7.723845009866607825e-01 1.804417025076828981e-02 -1.957051212827716435e+00
9.278625832301658563e-03 4.363863352924814976e-01 -1.445733473557570647e+00
8.625318806205340971e-01 6.863692353106165545e-01 1.809542812592577876e+00
7.930926163909948201e-01 9.329574433349585583e-03 -1.273799448151845315e+00
