4.212341470461576920e-01 8.885827438733030770e-02 2.036812899444199410e+00
2.185149056375378374e-01 1.139628849616764611e-01 -2.728325265962979085e+00
6.034994314255514025e-01 4.609356769690191591e-01 -2.847573760450152314e+00
1.150846104975759981e-01 2.572515710452331072e-01 5.071366616865669030e+00
1.205844120671330233e-01 2.650714652476700572e-01 4.977093614878763006e+00
5.558070916152128005e-01 6.949876999701197766e-01 -2.756458801472781328e+00
6.504999729983577117e-01 6.869036419384778602e-01 -2.394317089954052680e+00
1.359255027017435835e-01 2.818070088396837924e-01 5.237272948385083282e+00
1.629716294293662715e-01 9.253611208071628458e-02 -2.712449133274184909e+00
6.086830810277448212e-01 5.263780386512708631e-01 -2.648656892614210001e+00
1.250142323825644552e-01 2.670503576581126914e-01 5.019423398561928984e+00
7.022079984688712750e-01 9.699955059351825781e-01 5.166098414569405328e+00
5.825129494222330839e-01 4.036543903367370012e-01 -2.562519030251517727e+00
1.568678829087419568e-01 1.539975906371279790e-01 -2.499248415016232627e+00
8.660406137427167916e-01 8.660406137427167916e-01 1.582813369472414244e+00
1.089758726362688723e-01 2.521204406383441565e-01 4.938638459666960578e+00
4.093583933239005046e-01 1.801937415827694899e-01 4.394972795076731664e+00
3.215780460999092538e-01 8.378314654801607975e-02 4.406495370600445050e+00
5.220821271926950891e-01 7.046207117543966669e-01 -2.114351342256254096e+00
8.353998444393360145e-01 8.443070512619768042e-01 4.489793321603195331e+00
6.261610487934882174e-01 6.914222675392481809e-01 -2.623955415604558805e+00
3.950867034780833342e-01 8.901893116255137073e-02 1.341308505649421390e+00
6.416191123545833541e-01 6.549732688511324952e-01 -2.438234411443807037e+00
3.695582050987301637e-01 7.342233946896842278e-02 4.498161906029762847e+00
9.446676158342538487e-01 8.778024803887293226e-01 6.401158406409628299e-01
3.099853802007725839e-02 9.052184372140619217e-01 9.939105633164951881e-01
5.097826375011642597e-01 5.540226383448387804e-01 -2.271843886857330297e+00
3.766654860375371894e-01 3.600734222863523071e-01 6.049712253351086311e+00
5.227686251727002853e-01 7.014703003511539858e-01 -2.053372193509866772e+00
4.820997038632408027e-01 6.588840842816104937e-01 -1.861321334018041007e+00
6.692819402041378929e-01 7.429369484253165457e-01 -1.982378723302355761e+00
1.997794434710487010e-03 8.734391289360557975e-01 1.118530418209919386e+00
5.629668525641950971e-01 7.279556484020763829e-01 -2.705262534025787424e+00
1.217008297077166318e-01 2.549187283929088554e-01 -2.188297165542310907e+00
6.537164335602251297e-01 5.362915476175562635e-01 -2.003396901336316205e+00
6.421981826606005805e-01 5.481763623724260626e-01 -2.530924691439784269e+00
9.797670213739845257e-01 8.758392486140014199e-01 9.711343402289760451e-01
1.996304831705056904e-01 1.415630268399915848e-01 -1.353528819535228855e+00
6.068180104131054575e-01 3.771147521167027561e-01 -2.083284628726142618e+00
1.960891436258689335e-01 1.760946262631488402e-01 -1.693436343216626394e+00
5.032297481410816786e-01 9.412260599268608141e-01 -3.834743567546682552e+00
4.319809813072707505e-01 2.231177469958724180e-01 -1.822001354030962972e+00
2.737275634076916098e-01 4.319523942774199377e-01 -9.148350618103577858e-01
4.226987578748252483e-01 9.295120928816843486e-01 1.803184235812448133e+00
7.672141645144462396e-01 3.963416692663253998e-03 -1.922703893007987608e+00
1.236978638084777239e-02 4.217082997814496359e-01 -1.363231744783308219e+00
8.547463439847968747e-01 6.991905230499037005e-01 2.116518816389771906e+00
7.996407822249272934e-01 9.958343336347821317e-01 -1.119042170629907851e+00
