4.231566570612859124e-01 7.398198603163715081e-02 4.840909832174161487e+00
2.210391134516654921e-01 1.042867093271038353e-01 -1.315615089247819780e+00
5.941049779108839024e-01 4.575086894930059933e-01 -2.791804552609897350e+00
1.161636725789880892e-01 2.422904338884372122e-01 4.784388643483639569e+00
1.243419991082716225e-01 2.505497387790897035e-01 4.965591661611769680e+00
5.470062315444043088e-01 6.902395569632118200e-01 -2.646839635205722185e+00
6.437612574200893834e-01 6.795151568193751324e-01 -2.310232664736753705e+00
1.498014930272560941e-01 2.761099137477722176e-01 5.893598367507549618e+00
1.598969352403958322e-01 8.302053245337295828e-02 -1.883328804222150765e+00
6.022604351453467730e-01 5.187132085899247569e-01 -2.268245466994207149e+00
1.312039501355702076e-01 2.533869981101052882e-01 5.137748015656773859e+00
7.085272112859771765e-01 9.563915524887712794e-01 5.147246134565667930e+00
5.728401612752742622e-01 4.011172325836492303e-01 -2.885072849577585696e+00
1.588980670611800372e-01 1.442058414416476642e-01 -1.366356774742426339e+00
8.773390830348831715e-01 8.561742774594770511e-01 5.565349930511652055e+00
1.095337297604232069e-01 2.371308177134994477e-01 4.749588033887869543e+00
4.092083883410134182e-01 1.651944916513526096e-01 4.702388481501438733e+00
3.096804825979564413e-01 7.464815980927361205e-02 3.796390755327263555e+00
5.131833350020655882e-01 7.000587497260594150e-01 -2.667876671353531570e+00
8.369613870220897756e-01 8.592255493352496387e-01 1.466504530939109374e+00
6.245170919017647426e-01 6.815583228040950070e-01 -1.735941660583805390e+00
3.897508040709223298e-01 7.500008037096866920e-02 4.348697545826073707e+00
6.323249334461963356e-01 6.512829791038504679e-01 -2.763628617013929034e+00
3.630934690096533912e-01 8.695774442407000482e-02 2.016377527959919647e+00
9.523352461821971149e-01 8.649103337541576009e-01 5.248940741579015246e+00
3.469266538756041185e-02 9.145110914631348065e-01 1.192419350573629355e+00
5.010304995996668342e-01 5.491852752043279162e-01 -2.636673922727937658e+00
3.914671879954382816e-01 3.576424514618736783e-01 6.120402629438801867e+00
5.141565726345236342e-01 6.963877270777338868e-01 -2.608432602084451268e+00
4.723648608270015758e-01 6.565965460721406854e-01 -2.910795286060706477e+00
6.545919122173963212e-01 7.399032909382639023e-01 3.345241213830822069e+00
1.034320603908297706e-02 8.789485849122484762e-01 5.834968895128318511e-01
5.536725686024372983e-01 7.242656232479329770e-01 -2.763657085547385872e+00
1.231031048477196632e-01 2.399844180830308094e-01 4.806010695915322373e+00
6.443176477204268782e-01 5.328764598093721494e-01 -2.793070929950628667e+00
6.334199706720385903e-01 5.433864777930372814e-01 -2.642090636636279299e+00
9.840395850947939449e-01 8.848805537881244687e-01 1.129340281955294234e+00
1.996983049220496798e-01 1.315632568321355167e-01 -1.564014099645120393e+00
6.020290284568132755e-01 3.683360476665969441e-01 -2.070195521239812209e+00
2.011386842501936278e-01 1.674631640762830054e-01 -1.041467583374376726e+00
4.989488445758965551e-01 9.556022160426514978e-01 1.860213379644164888e+00
4.231958039684029504e-01 2.109595950341373038e-01 -2.196513211078158001e+00
2.849931023749897596e-01 4.220484742567267578e-01 -7.211666733297715792e-01
4.160826511980286191e-01 9.429741555929201935e-01 2.027591098315729035e+00
7.705022551006828202e-01 9.893282378315525483e-01 -1.349795683314912287e+00
2.280870470193108526e-02 4.109366246895360675e-01 -8.010851113737600393e-01
8.612171551792775492e-01 7.127230247582125866e-01 1.124766246787674007e+00
7.865361698054257333e-01 9.885357629983735350e-01 -2.633431733015133780e+00
