4.150691244107871380e-01 8.661495146446866744e-02 2.140246233900975792e+00
2.217045811709640879e-01 9.430887626002100455e-02 -1.504200339963560840e+00
5.847177050349187111e-01 4.540620813121752919e-01 -2.789715213507424796e+00
1.189997241408674716e-01 2.275609800106329905e-01 4.902604064506819626e+00
1.306473179053020961e-01 2.369393400021319041e-01 5.146225054309618407e+00
5.425148137470670040e-01 6.813049519820297828e-01 -2.036600876075509881e+00
6.344255330263968151e-01 6.759312692590554450e-01 -2.775051223811621171e+00
1.573638913329497568e-01 2.631557587438346224e-01 5.240797877485034562e+00
1.657416197883647968e-01 7.490636813813181250e-02 -9.465715068218856221e-01
5.922622146241994789e-01 5.189018521970472086e-01 -3.160458133339393960e+00
1.325411237896018946e-01 2.384467181054011065e-01 4.801652384572055787e+00
6.974736687887324038e-01 9.462515722983761979e-01 3.883911753681068113e+00
5.664156076512691929e-01 3.934540014940706709e-01 -2.268494388443356158e+00
1.639254398924442635e-01 1.355614488999206113e-01 -1.044033914388640127e+00
8.873592765210015498e-01 8.673365228653419079e-01 8.392610480072690837e-01
1.110314773442302172e-01 2.222057799522339783e-01 4.812405485126891591e+00
4.081513471416795547e-01 1.502317825416054353e-01 4.641861111914477256e+00
3.064319048904229348e-01 8.929216004411778818e-02 1.789097929117575925e+00
5.033293319327880599e-01 6.983562152886191310e-01 -2.970505791405180229e+00
8.382850292074690568e-01 8.442840644235989345e-01 4.800746717335506730e+00
6.157814290948920855e-01 6.766912707882828393e-01 -2.633278544741435745e+00
3.979990876121005661e-01 8.752868039748112894e-02 9.885690983478095939e-01
6.249400221583593096e-01 6.445403471792399142e-01 -2.401626126632144143e+00
3.521871930755001712e-01 7.665953364509922596e-02 3.898322423858730623e+00
9.625130929166888505e-01 8.759290195128675016e-01 8.250460817817697468e-01
4.368242933224283225e-02 9.188910622642804116e-01 4.533694604305465448e-01
4.943369816158469932e-01 5.417558191676936641e-01 -2.304132295757517213e+00
3.988012461129259445e-01 3.445576667280955685e-01 5.223259964054866700e+00
5.092209917994082735e-01 6.876905987114256824e-01 -2.086972454482791672e+00
4.643290257025518009e-01 6.506446258901608104e-01 -2.504088073642600332e+00
6.451430603030391397e-01 7.366292723829486189e-01 -2.808040086352838305e+00
2.002331778243619798e-02 8.814576557833470050e-01 2.536172041508030217e-01
5.447996923615850973e-01 7.196534581148832377e-01 -2.662226895547075589e+00
1.261145821505217091e-01 2.252898270899235666e-01 4.914527895048664163e+00
6.375922358448141702e-01 5.254758628670054277e-01 -2.308433540354066338e+00
6.252943893024582867e-01 5.375576762518686769e-01 -2.519323898944935358e+00
9.938082468797420077e-01 8.870190689111235871e-01 2.155159924294747786e-01
1.992672700688467857e-01 1.215725507031712449e-01 -1.613913170355767646e+00
5.986480703961107874e-01 3.589249306982572607e-01 -1.915689141728332157e+00
1.977531298172320873e-01 1.580536996291715401e-01 -1.916177582767028653e+00
4.907221634497705987e-01 9.681450114905986171e-01 2.151300283816722558e+00
4.170678083001972403e-01 1.972684420844967035e-01 -1.991642616313718861e+00
2.971893799831284433e-01 4.133163031346509531e-01 -6.213639896326633716e-01
4.092805443625659456e-01 9.563431997845949217e-01 2.041455392467877772e+00
7.588028131437813961e-01 9.799408495953553233e-01 -2.465402695782368259e+00
3.125103352462167694e-02 3.985379520166421052e-01 -9.730004988925613496e-01
8.677479837056375489e-01 7.262266642216788082e-01 1.120326468720873381e+00
7.766137441129955521e-01 9.772865199848101980e-01 -2.293606868369572283e+00
