4.096915783001457423e-01 7.261202327683856372e-02 4.345725095515384773e+00
2.274512138037371178e-01 8.612497661596694998e-02 -9.586037006448058229e-01
5.751417042348548891e-01 4.511810730377727174e-01 -2.849349671922690952e+00
1.321915061453846074e-01 2.204211699609679720e-01 5.787098943694760855e+00
1.435242342010038530e-01 2.292461594691214966e-01 5.744650534281370291e+00
5.365595170183926621e-01 6.732716188709580996e-01 -2.208721158318931899e+00
6.263526084594213117e-01 6.700297534422569035e-01 -2.510346060185372874e+00
1.663561001319171229e-01 2.511499192931433977e-01 5.355240980383002558e+00
1.743871372010073473e-01 6.988092998134445843e-02 -5.265386200934107919e-01
5.845851552817196151e-01 5.124938291125036294e-01 -2.446049770571921744e+00
1.359170774819021543e-01 2.238315569134250171e-01 4.939397269700075199e+00
6.824739040955806191e-01 9.461675535500149170e-01 3.147193932769896563e+00
5.610924574269920972e-01 3.849885380283306624e-01 -2.132129215410199841e+00
1.716889910651740458e-01 1.292584914045533662e-01 -6.819340988879615262e-01
8.950439069826803262e-01 8.802185434625711125e-01 1.032925406683244507e+00
1.211256178314413789e-01 2.111103607251635372e-01 5.450568867242722604e+00
3.973334773114066687e-01 1.398407435013904465e-01 3.906868462655913810e+00
2.918323714993677487e-01 8.584925069830802447e-02 3.373184631849099890e+00
4.954359016349023093e-01 6.922166910291654984e-01 -2.480534519937680926e+00
8.397257871059216061e-01 8.592147113177575068e-01 1.474597494753569826e+00
6.068763813998244716e-01 6.721415317244934240e-01 -2.669249741736769099e+00
3.882962229263957621e-01 7.608951885080722510e-02 4.008932303260722918e+00
6.179590135650999683e-01 6.373803528342114610e-01 -2.343537948409424310e+00
3.511334785998840302e-01 9.162247739971773886e-02 1.641101862691842772e+00
9.659659112022436211e-01 8.905262125953384844e-01 1.338525577963583180e+00
5.351343572135083132e-02 9.207217215382355047e-01 1.841041815356286304e-01
4.878568466741219911e-01 5.341395306268731380e-01 -2.275769626658758149e+00
4.130528922698418204e-01 3.398789295247397479e-01 5.965976527428851206e+00
4.992683649936039969e-01 6.867183746300608016e-01 -3.044216429409486224e+00
4.549089874566307201e-01 6.472886045187472570e-01 -2.799348287403031765e+00
6.378239109936132412e-01 7.298153121991546310e-01 -2.391924357623004482e+00
2.679371318538450661e-02 8.888171222101837188e-01 8.270638293687810894e-01
5.348074387301464672e-01 7.192599262038494867e-01 -3.102229297859384172e+00
1.382230207206628092e-01 2.164362563191486732e-01 5.651831598825475034e+00
6.290486201863851878e-01 5.202790723689146857e-01 -2.595117406680773620e+00
6.153837157846688832e-01 5.362240532077561239e-01 -3.007831832038472708e+00
9.974224498113456461e-01 8.963430990038028234e-01 1.201005621187922534e+00
2.013867377523693436e-01 1.117997385828804063e-01 -1.357229771090287196e+00
5.970887595786179558e-01 3.490472513263374599e-01 -1.727366321993957898e+00
2.055289174818535347e-01 1.517658441764181410e-01 -6.799903819747481482e-01
4.870319517087923211e-01 9.826840051733383152e-01 1.819362152562582935e+00
4.201830253209059562e-01 1.825954934062695989e-01 -1.361592517517830281e+00
3.052645452582732344e-01 4.006754287274315041e-01 -1.002325089684764192e+00
4.052878846035645188e-01 9.708020610139189710e-01 1.840221423178879601e+00
7.447380251258898243e-01 9.747272387533596483e-01 -2.786610047192134232e+00
4.528417582617928067e-02 3.932397525919097414e-01 -3.610035713749834008e-01
8.607295365905053286e-01 7.394834134496038880e-01 2.057705463636441579e+00
7.620133438559936190e-01 9.807257513430264195e-01 -3.372932714319530678e+00
