4.013002181712463923e-01 8.504524792642637054e-02 2.164487061835968618e+00
2.272591638134144332e-01 7.612682094598376137e-02 -1.590002506592812725e+00
5.661132921043418031e-01 4.468813318360718156e-01 -2.697128541723968098e+00
1.380858273555664317e-01 2.066278028060198890e-01 5.116231601873733936e+00
1.526478343163363005e-01 2.173398619364917406e-01 5.366230378289535530e+00
5.277301670718956839e-01 6.685766663129131260e-01 -2.652873628836652564e+00
6.165403705870039497e-01 6.681010264177408287e-01 -2.947503671732470742e+00
1.717254380944001624e-01 2.371438416893087431e-01 5.078466757486765459e+00
1.776068070684939659e-01 6.041342101940527787e-02 -1.242989953409939563e+00
5.745899993225612734e-01 5.128050482508943464e-01 -3.172719593596808885e+00
1.402157545673246852e-01 2.094607053271319019e-01 5.003042580575295162e+00
6.678652801820766927e-01 9.427634226251234706e-01 3.370529318969935684e+00
5.523788193429167714e-01 3.800821634666250448e-01 -2.628771489751188462e+00
1.765972804017326703e-01 1.205459317468738217e-01 -1.057755404765361229e+00
9.014946789127558091e-01 8.937606090917928903e-01 1.126246548245204426e+00
1.216534780789791798e-01 1.961196514838010885e-01 4.747586930868713750e+00
3.917779074618001900e-01 1.259074867519386631e-01 4.332980239362712815e+00
2.778142475894407326e-01 8.051144196757091531e-02 3.505420288547596464e+00
4.891418936211255897e-01 6.844458826334762769e-01 -2.251578208166455930e+00
8.408853036594750030e-01 8.741698282133900655e-01 1.493418030526170615e+00
5.987657455711042909e-01 6.662919517007754866e-01 -2.516764377727409574e+00
3.924680710435755060e-01 9.049769997429341073e-02 1.288956653636404992e+00
6.098144750999252572e-01 6.315780693880767016e-01 -2.522583625587620837e+00
3.381201305346738795e-01 8.416239883889205242e-02 3.662120992050135193e+00
9.782434605844567699e-01 8.991437401506944260e-01 6.119953912327773526e-01
6.338098489382877621e-02 9.223439031953657441e-01 1.629381794948376316e-01
4.778568638070931351e-01 5.341210195726158183e-01 -3.139741547106893016e+00
4.236078802631063622e-01 3.292209640311738461e-01 5.492932718797868930e+00
4.895848866920650133e-01 6.892144211007066312e-01 -3.393864611486328009e+00
4.452441541366434219e-01 6.498558982099449377e-01 -3.401229274607128872e+00
6.278374989681619889e-01 7.292941837524912208e-01 -3.089456192486740527e+00
3.047910662411879024e-02 8.981132437241127198e-01 1.193359049692875207e+00
5.267289849053017337e-01 7.133659815315733788e-01 -2.511283583136574737e+00
1.407004551411603910e-01 2.016422602838601197e-01 4.878311544054596993e+00
6.206884650611830256e-01 5.147920142971829094e-01 -2.560777252397913095e+00
6.064178417781466157e-01 5.317953848639795922e-01 -2.682799000115756005e+00
3.784981196484071830e-04 9.058962020807606041e-01 1.270707745096774755e+00
2.044711306044811883e-01 1.022872982685424786e-01 -1.257244440902524296e+00
5.892839854817077949e-01 3.427954114934402274e-01 -2.466225411173081472e+00
2.019273967687830740e-01 1.424369080873818250e-01 -1.939227225446196190e+00
4.830689464949792233e-01 9.971510224773747488e-01 1.838171042253368803e+00
4.138655804359034351e-01 1.689907188721233022e-01 -2.005523527668088057e+00
3.117633243722508496e-01 3.871563359313993646e-01 -1.122698501056271780e+00
4.066344680708249837e-01 9.857414958414384420e-01 1.480903076374355809e+00
7.303871719083108172e-01 9.703622631603575632e-01 -2.846322447923970600e+00
6.010472101806819956e-02 3.955530706018638987e-01 1.548391753266230575e-01
8.663279634451447331e-01 7.533995054568181082e-01 1.188309813895630285e+00
7.516229259946304309e-01 9.699072848774747957e-01 -2.336014715894609850e+00
