3.948715528761350124e-01 7.149267390805516542e-02 4.269471010218217621e+00
2.279684682090875325e-01 6.615200830241602103e-02 -1.499806275489335983e+00
5.571190285506838480e-01 4.425106084260010952e-01 -2.689251593528484641e+00
1.409893790618005627e-01 1.970586133163491627e-01 -1.276198349322421599e+00
1.502869083785236259e-01 2.076225563060114798e-01 -1.809139120941381407e+00
5.177622107891614034e-01 6.693765710231744936e-01 -3.221668674013389744e+00
6.070686828147979774e-01 6.713083821426087949e-01 -3.468098640157268875e+00
1.830357504458706708e-01 2.272910839782831538e-01 5.566551107186763048e+00
1.818511618444179634e-01 5.135883916621673817e-02 -1.132457998372644381e+00
5.656226556462895516e-01 5.083793565092984412e-01 -2.683130965321999017e+00
1.404369013128836108e-01 1.994631509203317610e-01 -1.548679849279374521e+00
6.558216876778182325e-01 9.338218411323802037e-01 3.780234389367929548e+00
5.428528008256913173e-01 3.770399650494473121e-01 -2.832473307770449367e+00
1.776637663333491546e-01 1.106029639928446384e-01 -1.463944523015354715e+00
9.021720409826934350e-01 9.087453073078468613e-01 1.525623493866836267e+00
1.208627003841091230e-01 1.861509669849669424e-01 -1.649956745151556214e+00
3.785325450764504551e-01 1.188675737353764167e-01 3.630121729027100397e+00
2.833537806401128512e-01 9.445108233526014474e-02 1.192538294800216558e+00
4.791732346520992669e-01 6.836547831711763390e-01 -3.062399957369194237e+00
8.418399205637290272e-01 8.891394209455292241e-01 1.507112161549124751e+00
5.892785101443359652e-01 6.694530217659706572e-01 -3.463215918999625664e+00
3.872376417702845242e-01 7.643915774484795478e-02 4.356210325784882542e+00
6.017427650541850026e-01 6.256748925367959790e-01 -2.510140290960350740e+00
3.238920794246147317e-01 7.941239235368134641e-02 3.463806341392566601e+00
9.893430987151541345e-01 9.092332412963194388e-01 7.377618350869762365e-01
7.226989214707675580e-02 9.269250960360083669e-01 4.758782410346479308e-01
4.680587725142729139e-01 5.321216679233153890e-01 -2.940300904368795987e+00
4.322820076649763754e-01 3.169833370628384883e-01 5.329001898747462995e+00
4.815897104337495960e-01 6.832079948255851409e-01 -2.497288018199252946e+00
4.371797894567736598e-01 6.439426907630453334e-01 -2.508897040108145404e+00
6.190229331131212875e-01 7.245715331421718197e-01 -2.649733959634748892e+00
3.077574805200414959e-02 9.081088429489346803e-01 1.541127831732773901e+00
5.170288184430344991e-01 7.109355966640461544e-01 -2.896095618858135268e+00
1.386030569251178735e-01 1.918646879510496062e-01 -1.782105181822715823e+00
6.108141026871625190e-01 5.132118346534306763e-01 -2.982909578764560088e+00
5.983115406450564278e-01 5.259397993305199304e-01 -2.516023731145221376e+00
5.540679177201145861e-03 9.144607736829508671e-01 1.028367024999604418e+00
1.980667535932423562e-01 9.460719702585593249e-02 -2.265864372916197134e+00
5.812775954961268976e-01 3.368039409394952832e-01 -2.499157299817522215e+00
1.958203489158368560e-01 1.345183244689671653e-01 -2.227746652167579722e+00
4.851272504834849286e-01 1.200913085936283764e-02 1.433141741402411462e+00
4.086587589584260161e-01 1.549234159997998350e-01 -1.925296255640225773e+00
3.200497023039520772e-01 3.746528987730410876e-01 -9.855254498558043696e-01
4.152675336479841883e-01 9.980081245038080473e-01 9.575348088497577237e-01
7.199358288089788838e-01 9.596026429337860542e-01 -2.341661655490292482e+00
7.258512265102624872e-02 4.038741026941021217e-01 5.880450013322428005e-01
8.614329230007876648e-01 7.675783128484187090e-01 1.903221119000638950e+00
7.369064897309259843e-01 9.670044408072006048e-01 -2.946840950366015566e+00
