3.883114582050251617e-01 8.498212007556241177e-02 2.023434601898555840e+00
2.312923542928878029e-01 8.077909896672513801e-02 1.347349155394163223e+00
5.532538438404732695e-01 4.332877917653515931e-01 -1.967650011182302983e+00
1.396709966200430642e-01 1.871459008854720607e-01 -1.703019509983962676e+00
1.463883312673461556e-01 1.984138052230359495e-01 -1.971273399588261421e+00
5.102391917813943190e-01 6.627883857640325393e-01 -2.422345453481606459e+00
5.972181362007639160e-01 6.730308023598444711e-01 -3.314697909837091228e+00
1.880893544162901831e-01 2.186620001966664839e-01 -1.040996758636018704e+00
1.791401852375646697e-01 4.173332069513716047e-02 -1.845329540695961779e+00
5.556231195179878180e-01 5.082830381891959570e-01 -3.131960672645638155e+00
1.366894377184339482e-01 1.901918771886229320e-01 -1.954919509343088002e+00
6.410790135317300242e-01 9.365883477783621958e-01 2.956096929180240807e+00
5.331249414395353714e-01 3.747229083468228139e-01 -2.907761948769675087e+00
1.781178155117641437e-01 1.006132773439261247e-01 -1.525375793282594206e+00
9.041800751454343033e-01 9.236102929721946575e-01 1.436524281440539452e+00
1.224636778824770011e-01 1.762799553321666157e-01 -1.410006647466147456e+00
3.675456565630333960e-01 1.086554103605696930e-01 3.890461800393215430e+00
2.758394239919515489e-01 8.146900067767402775e-02 4.187684676453788057e+00
4.693558706165784633e-01 6.855572456265385251e-01 -3.333005620558632476e+00
8.351148428312646921e-01 9.025473786383440000e-01 2.035702030620200720e+00
5.792894683642075826e-01 6.689850000625735538e-01 -3.094773380137297636e+00
3.827181573679684923e-01 6.213621186865789237e-02 4.406334354034578737e+00
5.934025356372033544e-01 6.201575948946423944e-01 -2.557155834304579933e+00
3.097212757361359481e-01 7.449422980831987839e-02 3.475648656595007768e+00
9.958095348637306943e-01 9.227678341434051301e-01 1.125089520928312048e+00
7.575736096876725667e-02 9.362972655403299926e-01 1.214562619035317592e+00
4.597917211876365595e-01 5.264953136540962975e-01 -2.544022430807625135e+00
4.460240519008920046e-01 3.109703328038895265e-01 5.870722344985692231e+00
4.718401615012065564e-01 6.809839679345720542e-01 -2.917314462396741082e+00
4.299180062898790289e-01 6.370676267461066189e-01 -2.383543072605434077e+00
6.090253263907755565e-01 7.247903020277712827e-01 -3.163471287565783996e+00
3.600808156491042133e-02 9.166307374571832645e-01 1.020155606592009878e+00
5.070577221191547856e-01 7.116953585345776601e-01 -3.217642125080976356e+00
1.356042523259164134e-01 1.823249200830243111e-01 -1.875363671225978246e+00
6.025047474622901023e-01 5.076481474096250501e-01 -2.551583385188481490e+00
5.916313527068628453e-01 5.184983553100079856e-01 -2.302339527060969893e+00
1.233434942452959170e-02 9.217987600941242032e-01 8.238966377226324411e-01
1.937595192390886290e-01 8.558235729218763299e-02 -2.016090555260091843e+00
5.738349893584597794e-01 3.301250477767355140e-01 -2.410223434923730146e+00
1.932296003579395960e-01 1.248597520118307908e-01 -1.832860558705599496e+00
4.701822981011232194e-01 1.329303050066719255e-02 3.055894485610547662e+00
4.053657947951465612e-01 1.402893329393768984e-01 -1.792129987008335146e+00
3.274848484078721755e-01 3.616252895367551567e-01 -1.052182852599997220e+00
4.159450928894946609e-01 1.299281380570027622e-02 1.525610335668473372e+00
7.076514300128247115e-01 9.509948821205986835e-01 -2.530392536541523629e+00
7.846136341239320910e-02 4.176751821632758710e-01 1.168264146241577706e+00
8.589386747636174047e-01 7.823694833812525617e-01 1.737855528639461244e+00
7.220402446136759966e-01 9.650057522086841200e-01 -3.007949278066510246e+00
