3.856419706628080868e-01 7.022157007693607955e-02 4.533470079821808163e+00
2.173858125309800771e-01 7.515699115698722121e-02 3.525781445976797990e+00
5.433146155805219646e-01 4.321870004151919242e-01 -3.031289985079280491e+00
1.370994959678328851e-01 1.774821860513266236e-01 -1.830868258412136518e+00
1.485088185855451548e-01 1.886412142905678768e-01 -1.357125436104432481e+00
5.002970334938230401e-01 6.638623916228986177e-01 -3.249200794228893407e+00
5.877997946469400992e-01 6.763915823847069797e-01 -3.484342228122312868e+00
1.772475788804507013e-01 2.082959062731834232e-01 3.904565091083446404e+00
1.723539587752497826e-01 3.438844966821114763e-02 -2.316682073668619779e+00
5.461562201952887552e-01 5.050615762207910642e-01 -2.813596984517750421e+00
1.297885911307906925e-01 1.829545906547200285e-01 -2.332402348855979746e+00
6.268272171053633768e-01 9.412666272293359615e-01 2.824415992933493769e+00
5.232399543466168534e-01 3.732106153286430805e-01 -2.989780893893683178e+00
1.716690473897582447e-01 9.297041206259344659e-02 -2.271658418933290680e+00
9.105539086447315134e-01 9.371887408409033116e-01 1.131920351168123284e+00
1.234164357850483090e-01 1.663254461840926735e-01 -1.475375800574779017e+00
3.555227362961553839e-01 9.968605206377424699e-02 3.782542724770110443e+00
2.683039371107650561e-01 6.849917271183476875e-02 4.186056262309126197e+00
4.596654723003353316e-01 6.830882011813022014e-01 -2.892108161357305196e+00
8.262587392616380644e-01 9.146539648443744452e-01 2.202359227488547511e+00
5.713125405633791010e-01 6.629543597267244515e-01 -2.494255976573752864e+00
3.715528523325303256e-01 7.215299595665836119e-02 2.410362773112688650e+00
5.840227480432412799e-01 6.166906676251205921e-01 -2.787549815171961765e+00
2.987628178027129100e-01 6.425156415325737613e-02 3.893241638997037235e+00
6.156016711575507117e-03 9.336283273813854588e-01 8.096312644198435660e-01
7.961664572598495249e-02 9.455225525907532402e-01 1.174582269426521552e+00
4.517018552992929648e-01 5.206170426575689181e-01 -2.513222395717839230e+00
4.593137439589745075e-01 3.040144658556696022e-01 5.800990930430641512e+00
4.630010764981385973e-01 6.763073691375253160e-01 -2.654951204405614718e+00
4.199667488491077849e-01 6.380537683928768633e-01 -3.240367354867811134e+00
5.991259877879157036e-01 7.233749945608483056e-01 -2.999585097066756134e+00
4.373824753687970135e-02 9.229745954352442938e-01 6.872137083329767915e-01
4.971434642471466159e-01 7.103886486022193969e-01 -3.010546907787520432e+00
1.336657168400839091e-01 1.725146152880565054e-01 -1.765885022161911344e+00
5.927363796842989307e-01 5.055082897148460708e-01 -2.925939222480264057e+00
5.816363241085722446e-01 5.181830723904682356e-01 -3.110059135936495522e+00
1.509751672530528638e-02 9.314094263804918450e-01 1.290836822127849892e+00
1.924780017903419682e-01 7.566481157620739972e-02 -1.699301459490657695e+00
5.638981164316323458e-01 3.312469017940145033e-01 -3.254014717552887070e+00
1.870962236361568554e-01 1.169615439879374275e-01 -2.231075879119971184e+00
4.552823452632971946e-01 1.502259849024145492e-02 3.026031081920437682e+00
3.975737074929735493e-01 1.274720252862340530e-01 -2.117029816793111863e+00
3.422725755233920752e-01 3.591107067170975498e-01 -1.684341401215518896e-01
4.142458234041717646e-01 2.789625244301651569e-02 1.684324673900611025e+00
6.929570798586774938e-01 9.540075343652685280e-01 -3.343811526348293039e+00
7.837279404009055150e-02 4.326749206765396760e-01 1.576700985926003717e+00
8.538397589935836640e-01 7.964762568596246428e-01 1.917636364434160745e+00
7.074822149945965144e-01 9.613913679443862881e-01 -2.898238859598526673e+00
