5.924591296143366659e-02 5.924591296143366659e-02 1.635023991329358495e+00
2.031214814599844876e-01 7.051707099635620701e-02 3.456078958256545874e+00
5.371551502466187511e-01 4.243091208273557791e-01 -2.234383237570478631e+00
1.308048323585511985e-01 1.697119087045400321e-01 -2.251662577497590689e+00
1.485944875977631974e-01 1.786415812562837935e-01 -1.562229320779584762e+00
4.924057181366229274e-01 6.577201492039430608e-01 -2.480190116608731898e+00
5.780034197711797495e-01 6.743838375569034538e-01 -2.939444215759100310e+00
1.714751651836606550e-01 2.001301705370044370e-01 -2.186142667636405967e+00
1.679025446989625969e-01 2.543384678916440350e-02 -2.032128497568587822e+00
5.376101162908466513e-01 4.998688786506951254e-01 -2.595596399668520071e+00
1.304628467928196367e-01 1.729773475834993079e-01 -1.503319567362010556e+00
6.124651317863425426e-01 9.369387518511432811e-01 3.434278644887214682e+00
5.376225380066894655e-01 3.774698743323917083e-01 2.879118020963947200e-01
1.673904206461274968e-01 8.393197452125436553e-02 -2.012923069518810060e+00
9.232493985200724840e-01 9.451777668657147524e-01 5.616716097061745794e-01
1.163501232868758423e-01 1.592496262543480201e-01 -2.355522213208069093e+00
3.436772160117015362e-01 9.048368013091954987e-02 3.802066935708427575e+00
2.590427807032121832e-01 5.669955483688465803e-02 4.046942483412286684e+00
4.539588943134982846e-01 6.748763215133974924e-01 -2.178102992297464180e+00
8.167226443283317483e-01 9.262325180105939193e-01 2.259762700565110194e+00
5.638552179509620510e-01 6.562919022631203969e-01 -2.412429578693299881e+00
3.614034131786057480e-01 6.110813810964273174e-02 3.969213803581575384e+00
5.742151225762045508e-01 6.147386218525188184e-01 -2.945126617753827780e+00
2.886059009677173215e-01 5.321358243525371734e-02 3.968536564518799548e+00
7.886999393751167528e-03 9.434773729673296971e-01 1.396821766826606082e+00
8.043038131266364021e-02 9.554893893203767474e-01 1.489332694853136241e+00
4.640223857415021191e-01 5.291730072216959124e-01 6.069898897359413681e-01
4.729301870134727248e-01 2.977222104139692904e-01 5.850308827056144523e+00
4.531393251460305027e-01 6.779644328868100756e-01 -3.308066899227942947e+00
4.110760735336688732e-01 6.334760077574301818e-01 -2.666100496439862244e+00
5.897016824416095870e-01 7.200309747134809868e-01 -2.800622040703573568e+00
4.309992833220174790e-02 9.329542020704247873e-01 1.634671674277716757e+00
4.874446094272065211e-01 7.079530346792577422e-01 -2.895556513793840381e+00
1.312811531779841945e-01 1.628030831668413614e-01 -1.811572381533329335e+00
5.830973395641765311e-01 5.081707895857701107e-01 -3.411093140332325024e+00
5.753348146388869155e-01 5.104183458400052276e-01 -2.252543923908035595e+00
1.211528795931000359e-02 9.409543890094008711e-01 1.873626593614030611e+00
1.865932217502394297e-01 6.757967930273092727e-02 -2.199971412359400080e+00
5.583870636122236775e-01 3.229025446095641905e-01 -2.154484572249367957e+00
1.776707436120371353e-01 1.136208365306883017e-01 -2.800973491929039660e+00
4.439939285192146534e-01 2.490043466077579079e-02 2.422738996997614969e+00
3.939951510447337046e-01 1.129051473178167564e-01 -1.811689835006491833e+00
3.519661668347853767e-01 3.476636858169820377e-01 -8.681500402920452331e-01
4.009385183321969581e-01 3.481836423938286518e-02 2.661936543365102548e+00
6.782349943966802241e-01 9.568815906711972685e-01 -3.334388568718144263e+00
7.105609482291962153e-02 4.457694200012733421e-01 2.080341155194068481e+00
8.579598711851734727e-01 8.108993174061491782e-01 1.292545529249326641e+00
6.933872275578502054e-01 9.665227741023475483e-01 -3.490736829162208288e+00
