4.999963119158470914e-02 5.543720275552945637e-02 -2.750854517127688581e+00
1.885211812101738327e-01 7.395672688254287253e-02 2.910223516299352831e+00
5.281586274485015053e-01 4.199430496480280883e-01 -2.689768772772168859e+00
1.247431650437956924e-01 1.617585327317078159e-01 -2.222028339407117858e+00
1.390061697213226810e-01 1.758018347358472622e-01 -2.853655767109761765e+00
4.836760229814633383e-01 6.528424015169482786e-01 -2.632053757952770745e+00
5.680752293413654508e-01 6.755800962201297111e-01 -3.261505687672509701e+00
1.640859814167516251e-01 1.933922210522688867e-01 -2.402259998243352790e+00
1.623102378049099404e-01 1.714372594548960876e-02 -2.164253851246020766e+00
5.287480977583984831e-01 4.952358852845714643e-01 -2.659878054602226705e+00
1.212848371616087328e-01 1.690069396435767701e-01 -2.733302299877863994e+00
5.993224361930135080e-01 9.297089833526995806e-01 3.644510980878560069e+00
5.515288812567713528e-01 3.718472755194848767e-01 -3.842240999912801547e-01
1.598430054321442750e-01 7.737175169060794833e-02 -2.426056348071039093e+00
9.304931571898652498e-01 9.583127567908651390e-01 1.066813204814271998e+00
1.114133838702283524e-01 1.505531554798258120e-01 -2.087105673780426773e+00
3.356580168431382294e-01 7.780722776068152435e-02 4.148338906370543810e+00
2.441789577672190403e-01 5.468293198482630096e-02 3.276442501384473349e+00
4.439593391683798185e-01 6.749706448919134960e-01 -3.151025131311262051e+00
8.070588257727907555e-01 9.377046848035577309e-01 2.270844550966391484e+00
5.538953968255135862e-01 6.553963783108610608e-01 -3.051920128125303222e+00
3.473655287512198986e-01 6.639376019255387174e-02 2.781485190583131928e+00
5.667898328091165450e-01 6.080404824187075619e-01 -2.407634465990327932e+00
2.766002103228002995e-01 6.220598990703520709e-02 2.498724105473695722e+00
8.692074251957834091e-04 9.506013182145982565e-01 2.348688249382051119e+00
7.199999740564898276e-02 9.608679232451882157e-01 2.573703893469615700e+00
4.541503832134635155e-01 5.307678633551448089e-01 -3.301762228544739664e+00
4.827615244694214991e-01 2.863932738430788882e-01 5.427130869483423048e+00
4.433371355675218561e-01 6.759852715828793546e-01 -2.942361113440365550e+00
4.033473234853084399e-01 6.271304248299153228e-01 -2.454155779616422173e+00
5.797124477153434707e-01 7.195670894005423701e-01 -3.095187468950018506e+00
3.350035216579767827e-02 9.357556548052405887e-01 2.857647214497885724e+00
4.775185269156454471e-01 7.091666598164734214e-01 -3.263255081328142015e+00
1.219688048261063223e-01 1.591588866609875141e-01 -2.768583130717106933e+00
5.741900818278049545e-01 5.036253787552896766e-01 -2.669735724108958319e+00
5.656835068236859554e-01 5.078006641450237835e-01 -2.876738852894728637e+00
3.142672034935218781e-03 9.453693820415195459e-01 2.684323689101439037e+00
1.812958486807226544e-01 5.909806161726793849e-02 -2.129087141716048848e+00
5.575409275156254507e-01 3.129384062270429423e-01 -1.655511227798586837e+00
1.676749730414223427e-01 1.133300261119769836e-01 -3.112507511151162198e+00
4.290056999965988216e-01 2.430629178751614328e-02 3.181212543119064762e+00
3.797887302134916321e-01 1.080908345770768414e-01 -2.814855854119774126e+00
3.667335583597389759e-01 3.502950633172141615e-01 1.763376152542633912e-01
3.859804178287939425e-01 3.593873441485789799e-02 3.066831685655145190e+00
6.633124524242340891e-01 9.584040035851548733e-01 -3.243261910398061776e+00
7.145567121852183790e-02 4.607640970136026581e-01 1.544154748951512168e+00
8.462888014168913342e-01 8.203219566576482880e-01 2.462385989175096768e+00
6.844816191146734230e-01 9.544525571094009120e-01 -2.206454459100092969e+00
