4.140871824028737741e-02 5.031897897542451231e-02 -2.604287914859254371e+00
1.738630903423127594e-01 7.714112197573211316e-02 2.927671797438132106e+00
5.370778611350238707e-01 4.320032018214131631e-01 9.340088920904142666e-01
1.167208640677807885e-01 1.557883830643853607e-01 -2.501817638593643256e+00
1.290062329960250387e-01 1.758374084627218614e-01 -3.145150033780328869e+00
4.740471725316285911e-01 6.555415197090097568e-01 -3.414894104108618045e+00
5.582547645360795840e-01 6.774664872209940070e-01 -3.331368835653320204e+00
1.546349484114488970e-01 1.901245039389498070e-01 -2.808706909647208594e+00
1.539904233579361126e-01 1.159569137747136491e-02 -2.553465941139684503e+00
5.196215794977211422e-01 4.911485066089990581e-01 -2.720521949114885984e+00
1.140839389535419357e-01 1.620681310284714238e-01 -2.374728084050295784e+00
5.875410561359090122e-01 9.204246371748547872e-01 3.809005968326495850e+00
5.627992302036816108e-01 3.817457215902011480e-01 7.206808748655526564e-01
1.525042698504570637e-01 7.057889072764998717e-02 -2.394803245869189912e+00
9.316096306657620785e-01 9.732711486488697661e-01 1.496295863969543394e+00
1.022144021048612128e-01 1.466315825198462319e-01 -2.738617083341151393e+00
3.223634010247930504e-01 7.086077613106475659e-02 3.623078693807784134e+00
2.292511958365632263e-01 5.615328015504406772e-02 3.043411782769927409e+00
4.339733773054778587e-01 6.744409603889609528e-01 -3.088599403422646716e+00
8.217934262360838682e-01 9.405138749336701132e-01 6.471577056059785171e+00
5.454523314799075706e-01 6.500377733086402099e-01 -2.576066055826067291e+00
3.326984397105184899e-01 6.953644997554805918e-02 2.930516130002022379e+00
5.569119553627426278e-01 6.095985379871703413e-01 -3.298035570717617215e+00
2.616681383844051689e-01 6.078007699714457757e-02 3.236797270240192148e+00
9.910152563083740596e-01 9.488984831118102425e-01 3.312710027855455763e+00
6.320747418530782424e-02 9.656314865563830896e-01 -3.638098637856888473e+00
4.452629799331765392e-01 5.261837535251402409e-01 -2.665386224168673657e+00
4.974177493439598807e-01 2.832003014932202856e-01 6.068679258693914669e+00
4.353814509062957638e-01 6.699266346428464081e-01 -2.490741603091627177e+00
3.934171580561769965e-01 6.259506729279955550e-01 -3.023342069069577143e+00
5.699062205163576422e-01 7.176080314325716802e-01 -2.944411593001724281e+00
2.356377514533769535e-02 9.346311828774155339e-01 -3.028907131541882070e+00
4.675515908316558167e-01 7.099791775686887796e-01 -3.222934097476822135e+00
1.119976780000648126e-01 1.599182481157607472e-01 -3.217601967496221960e+00
5.643758147906566824e-01 5.055437537247744473e-01 -3.334626729938569234e+00
5.557287847637706335e-01 5.087511948966747521e-01 -3.236789449331542556e+00
9.948345505255375976e-01 9.398038526879822774e-01 3.731823629504649631e+00
1.715942211585293198e-01 6.152260764088163247e-02 -3.386487801326676372e+00
5.725324014137647133e-01 3.124327281066843764e-01 6.249467043683580414e+00
1.584862886022291029e-01 1.172756665260198394e-01 -3.547186004697784778e+00
4.215604599670360053e-01 3.732813500966388615e-02 2.090184782740653446e+00
3.732013864168605699e-01 9.461467408140945834e-02 -2.025455629393802859e+00
3.816479866254471331e-01 3.486951165971497457e-01 -1.068664085947715892e-01
3.732090772495703090e-01 4.380593593823813026e-02 2.589488278597861459e+00
6.495649191744115036e-01 9.524035594728393894e-01 -2.730043502877066874e+00
7.292899684351461520e-02 4.756915653723947646e-01 1.472415996467516308e+00
8.478297699073453764e-01 8.352425939131888910e-01 1.467883531289664312e+00
6.707695592938744955e-01 9.483714868523793751e-01 -2.724171171644477862e+00
