3.153316191716718647e-02 5.189167961727621931e-02 -3.299518358052369038e+00
1.642400552642540590e-01 7.986090062232298337e-02 -3.417040433782978504e+00
5.515614697824262613e-01 4.359051347461171955e-01 2.631556565256132352e-01
1.071666701970202251e-01 1.528358621957171259e-01 -2.841873296236083757e+00
1.191117584895371867e-01 1.772863302137014929e-01 -3.286996650359785388e+00
4.645501324502886997e-01 6.524100296973022184e-01 -2.823085654538088907e+00
5.492360059418361917e-01 6.731465342792641859e-01 -2.694888663586065380e+00
1.446559274662004846e-01 1.907719149168406736e-01 -3.206379062972775973e+00
1.447129305722166803e-01 1.532773205395437932e-02 -3.524052877644446191e+00
5.244106719929149119e-01 5.053634492072820450e-01 1.245834265471343461e+00
1.041043689893412089e-01 1.627070232960899643e-01 -3.205525424577794880e+00
5.725714912014449043e-01 9.213796898817057102e-01 3.077879375795051331e+00
5.776805432064608947e-01 3.798625000649118455e-01 -1.258802849953191139e-01
1.433516908316405103e-01 6.655020641334601084e-02 3.556241360452037092e+00
9.418791948226772348e-01 9.842044030603890326e-01 8.166899284733624143e-01
9.360478507351968624e-02 1.415448847134463117e-01 3.675231698480107223e+00
3.073733715722930526e-01 7.031395164991631475e-02 3.178055698391538897e+00
2.146754783580787918e-01 5.969566070876823616e-02 2.903181825824427076e+00
4.239740224025659865e-01 6.745545452718132440e-01 -3.152951386125585564e+00
8.227925551967996132e-01 9.554805626540663344e-01 1.504138377031766449e+00
5.361819857054160865e-01 6.537875318637164090e-01 -3.525963383081125002e+00
3.214035274172068468e-01 5.966604186410717769e-02 3.859788474588885521e+00
5.474259208772057628e-01 6.127632101248816632e-01 -3.463595618702370427e+00
2.474412178146543073e-01 6.553346853393174354e-02 2.819141042404169628e+00
4.700567576018999105e-03 9.550395136041355260e-01 4.217985544301098288e-01
5.430683950757350664e-02 9.610731203651350363e-01 3.614904596182881402e+00
4.469962556858422809e-01 5.410832755028823771e-01 1.454985907580724991e+00
5.080397509496067388e-01 2.726091220551390415e-01 5.499240115206476709e+00
4.263048016396000506e-01 6.657296788306663604e-01 3.574702560902176529e+00
3.840683106021296478e-01 6.224011586963080767e-01 3.504454760112918343e+00
5.604982617271253575e-01 7.209977676199624819e-01 -3.487418365139917320e+00
1.357766254082456124e-02 9.341043479412316497e-01 3.194300548647336147e+00
4.580234859441171813e-01 7.069435199377853696e-01 3.450025451318895708e+00
1.021587974285876749e-01 1.617061041223255280e-01 2.961840627195040376e+00
5.563223211882629693e-01 5.114717585152754875e-01 2.507060897962585244e+00
5.476290372042581511e-01 5.146158423261603110e-01 2.514905396225544099e+00
2.455933855044278857e-03 9.527233927782763345e-01 1.037827978760807568e+00
1.631419429824110812e-01 6.686666917060932191e-02 2.577787650759292504e+00
5.840356935658878035e-01 3.028059804906458874e-01 5.586364083384545154e+00
1.485460444856274709e-01 1.161840865232866837e-01 3.250968602658983908e+00
4.099060766395769551e-01 4.677140506069200898e-02 2.460617037972772980e+00
3.584438124133547676e-01 9.192878325506355364e-02 -2.961562348898441055e+00
3.965958541345238064e-01 3.499446192706524572e-01 8.339681583211522309e-02
3.583721037913220608e-01 4.160043857953699131e-02 3.289160810898668075e+00
6.357112647981820741e-01 9.466523630387069232e-01 -2.748103660778805413e+00
8.160658424518511811e-02 4.879267391303096502e-01 9.539006455545797625e-01
8.492919810618270171e-01 8.501711550809541995e-01 1.473160534182275994e+00
6.557796383456415690e-01 9.478216960142159531e-01 -3.104931719400928714e+00
