2.305920389520198927e-02 5.720129687673774360e-02 2.581857571835395770e+00
1.515233014848805515e-01 8.781603565039070025e-02 2.582588338996258948e+00
5.585546188557045655e-01 4.491752465029528185e-01 1.085794542217835890e+00
9.861988921217595960e-02 1.580274452680665020e-01 2.595726804541915733e+00
1.093725519881262320e-01 1.750174413396323736e-01 3.370474720486252185e+00
4.545681462031833653e-01 6.518100708965496315e-01 3.201624584674889640e+00
5.394907915727269465e-01 6.753894780815266063e-01 2.915373745803343741e+00
1.354517316170876229e-01 1.868625954401064715e-01 3.543236553657201249e+00
1.367513977117699731e-01 2.137868193905730768e-02 2.491707482250086425e+00
5.172442685950267016e-01 5.123378783838338224e-01 2.369769534499502228e+00
9.444266050941668711e-02 1.601279945546924266e-01 3.402443671769248557e+00
5.621174117838109163e-01 9.106227282507524112e-01 3.941269306616701051e+00
5.918238147570381580e-01 3.748657141132592518e-01 -3.396096510438921801e-01
1.335543880768767511e-01 6.855341851681842624e-02 2.939906887885872955e+00
9.516023600793847015e-01 9.956263143448789155e-01 8.655636555330669113e-01
8.436679635647462150e-02 1.453736657810640598e-01 2.748682848644513399e+00
2.956827775539031533e-01 6.091554691841073038e-02 3.818724593231312969e+00
2.019082432735395116e-01 6.756952305809270365e-02 2.588966649993283298e+00
4.147415622572633298e-01 6.783966384077740885e-01 2.747241403865625209e+00
8.261157337919193822e-01 9.701078140713674802e-01 1.347397523508432116e+00
5.262921990308119247e-01 6.523069510551073868e-01 3.290197076225246597e+00
3.097662214823589943e-01 6.913034905368821426e-02 2.458810631181453044e+00
5.402100685634222410e-01 6.196864662508433375e-01 2.376885641412062267e+00
2.325155434934637888e-01 6.404207788834159754e-02 3.241183242990129276e+00
1.954628812263459886e-02 9.528936847545309563e-01 -1.435477386289249480e-01
4.788424267510945492e-02 9.687379915269761499e-01 2.268239067660877240e+00
4.583236142444598871e-01 5.509164310535951126e-01 7.149023826613045696e-01
5.147374475357273660e-01 2.591874656580966940e-01 5.175253571225969296e+00
4.194741082457048020e-01 6.730332141224681930e-01 2.322753286335248468e+00
3.744178032849651561e-01 6.250217900174508401e-01 2.876433220899176746e+00
5.535171689143818519e-01 7.281576798498617942e-01 2.343549710983951595e+00
2.730348894824697475e-02 9.280544149305854917e-01 -4.151518294837593936e-01
4.480576350462211477e-01 7.061177985072141228e-01 3.224258917376482181e+00
9.238954434544567607e-02 1.595702918184185026e-01 3.356831971758666988e+00
5.501691377614483791e-01 5.193545456946919714e-01 2.233586075007671035e+00
5.464465284859535421e-01 5.245456798440220059e-01 1.689324536285714995e+00
1.639834299028752884e-02 9.471908321138564624e-01 -3.777578975905562242e-01
1.511972065949297450e-01 7.593988649598953922e-02 2.491976038156153539e+00
5.989732050408280717e-01 3.041737344656085806e-01 6.374495737518360627e+00
1.408392418161878157e-01 1.225563069066630956e-01 2.450704341251311646e+00
3.952212061324428261e-01 4.371287956812177494e-02 3.346934360078248627e+00
3.446335476858661262e-01 8.607416216086080651e-02 -2.740626471605177361e+00
4.115622202019621478e-01 3.489406836475018037e-01 -6.697911060610073353e-02
3.434202182936719749e-01 4.280090518263794663e-02 3.061475866621292674e+00
6.269203090798491917e-01 9.344983884806329355e-01 -2.196988560640979138e+00
9.451804802987416598e-02 4.955617966243081596e-01 5.340270883974629346e-01
8.445165404452451563e-01 8.643906897750818219e-01 1.894798154003890067e+00
6.433790623833915978e-01 9.393821631003357320e-01 -2.544022309034929652e+00
