1.560714270500292850e-02 6.386963880089917278e-02 2.411640215386314345e+00
1.379128522866593098e-01 9.412124560903908921e-02 2.707764576357854835e+00
5.694761423408848389e-01 4.594572854429032072e-01 7.552480051353305246e-01
8.877984484424479572e-02 1.562460057273730440e-01 3.320692564519529100e+00
9.997948043488605330e-02 1.715866678414675606e-01 3.491783790316731917e+00
4.498465226112439708e-01 6.606251869284598399e-01 2.062538510606940712e+00
5.337854226200541286e-01 6.836021977963273599e-01 2.177955769934971197e+00
1.280037439479916883e-01 1.935354868434634168e-01 2.411029549059364729e+00
1.270418123115906184e-01 2.377116001766614237e-02 2.900001566857213664e+00
5.213715800573280879e-01 5.267588804326914786e-01 1.292046343634388972e+00
8.481244834743670302e-02 1.574337388661482262e-01 3.414389146675125275e+00
5.471329997528056044e-01 9.113063919729602613e-01 3.095999277500762314e+00
6.061851806620580652e-01 3.791959761540752982e-01 2.928521734598156234e-01
1.235581612207120039e-01 6.882809767527549305e-02 3.114121282542690938e+00
9.552341811987199449e-01 1.018000375193817142e-02 1.326244606089891587e+00
7.439558214199901154e-02 1.461318788705313343e-01 3.065698508238788200e+00
2.807877120333291399e-01 5.914438257318255926e-02 3.259946391931382692e+00
1.879960280875654921e-01 7.317757696467688810e-02 2.758414251565264763e+00
4.130469208770532474e-01 6.882520019521838339e-01 1.741082244234509080e+00
8.221873959966535805e-01 9.845842833289691898e-01 1.835775518694372943e+00
5.184469920714327440e-01 6.585079774027782218e-01 2.472719132345409854e+00
6.220137700531377378e-01 6.220137700531377378e-01 6.282888091435152589e-01
5.376661658215123873e-01 6.293574826834477109e-01 1.828013510531039332e+00
2.191058298010280792e-01 7.076365349878462052e-02 2.676948129935664333e+00
3.258897242454863313e-02 9.603023544192281769e-01 5.165823171554558835e-01
3.805387611601041692e-02 9.705720834858886370e-01 2.957139291462194119e+00
4.518416447783371592e-01 5.585311583527341472e-01 2.276010519900299567e+00
5.210661051712888181e-01 2.455879034397071004e-01 5.147940516732476546e+00
4.118382708821390348e-01 6.794903023019166488e-01 2.439641456333832892e+00
3.745379907198970737e-01 6.350210677403909099e-01 1.558777293931254526e+00
5.497593650648255892e-01 7.374247673226473898e-01 1.956035061459070468e+00
4.211536417796370169e-02 9.304226109062817551e-01 1.585430849109459861e-01
4.420608870289627346e-01 7.141202364618318699e-01 2.213890999680595328e+00
8.541642317532452400e-02 1.667379679513648072e-01 2.342436942861655602e+00
5.480865765790433608e-01 5.291352889650953184e-01 1.780587972356183712e+00
5.413180920490838766e-01 5.331305001515757036e-01 2.109290261399324518e+00
3.104014512740939369e-02 9.504493026411704459e-01 2.189772074693995541e-01
1.391563561545510197e-01 6.699461284604281419e-02 3.780540990370329091e+00
6.137117624540254779e-01 3.069620897833333362e-01 6.470163240207107869e+00
1.334934193062802255e-01 1.293415034147190612e-01 2.395847125318364856e+00
3.824891287368639148e-01 5.164346625467833296e-02 2.584517569751766608e+00
3.353003733247290619e-01 7.433142583815416371e-02 -2.242360965422415031e+00
4.263267226977088820e-01 3.462931440249299442e-01 -1.774321688724517232e-01
3.295730691015388847e-01 4.856774654085192766e-02 2.746974096260620612e+00
6.170965027437376182e-01 9.231629207324288933e-01 -2.284873639013165203e+00
1.041947726387959655e-01 5.070230793118212231e-01 8.696225805313677615e-01
8.340314610820388497e-01 8.751174372200096752e-01 2.344801901125750376e+00
6.330144664876249383e-01 9.285389554606445772e-01 -2.333630601606851318e+00
