9.361128186614638483e-03 7.167907556907154865e-02 2.245417413765265380e+00
1.234055376930306702e-01 9.793409536761725487e-02 2.884582567869933278e+00
5.776545404933451922e-01 4.720316165845517831e-01 9.941369906153767477e-01
8.045686724363471098e-02 1.617892939085650295e-01 2.554036324604670671e+00
9.044378204178067648e-02 1.685749480411329604e-01 3.447514114243550587e+00
4.488222193453564879e-01 6.705725887409680341e-01 1.673406620395596178e+00
5.314077721767007656e-01 6.933154247765446199e-01 1.810860587022175006e+00
1.202311949890344234e-01 1.998273452875650169e-01 2.461087362354119623e+00
1.191789129862023816e-01 2.994973705439630401e-02 2.475577439419432313e+00
5.221816360699461645e-01 5.367260168949067323e-01 1.489701871031254399e+00
7.576932454572739284e-02 1.617024520102888219e-01 2.700562453173120492e+00
5.321976333370319612e-01 9.126973736502594914e-01 3.048727120475826169e+00
6.211488969406905314e-01 3.802386626518252100e-01 6.956853568677869026e-02
1.187693917677773159e-01 7.760691804743481692e-02 2.070171314711878541e+00
9.588911113492466498e-01 2.472740427141822961e-02 1.324518964540106536e+00
6.441306380706771084e-02 1.467229183723925134e-01 3.082454238120003520e+00
2.657975643761567031e-01 5.968795705397442891e-02 3.105346418737632508e+00
1.734339186380464692e-01 7.677548863399684398e-02 2.899370213620022341e+00
4.046238147935821705e-01 6.936419262472544034e-01 2.572352200908456510e+00
8.198633041794202159e-01 9.994031428405870665e-01 1.726362494239780165e+00
5.150101808680266346e-01 6.678988415138248369e-01 1.921630321881365955e+00
6.250299344971601556e-01 6.315480635270462884e-01 1.264408726077907108e+00
5.322402151045401153e-01 6.377574266604625342e-01 2.144319756308617375e+00
2.046122886311241840e-01 6.689877777551729576e-02 3.402190627150120328e+00
3.055392821878223295e-02 9.700930946915761188e-01 1.775732246097968314e+00
2.957049056184959251e-02 9.758666249711784868e-01 2.583635653423710821e+00
4.533015158560712576e-01 5.684240232783457358e-01 1.424285629887223514e+00
5.348564030098565958e-01 2.396864048568391747e-01 5.878822278230126486e+00
4.039382426099201173e-01 6.856213342948311862e-01 2.481609935519759169e+00
3.667099549661239077e-01 6.412437565673891893e-01 2.469954871505452232e+00
5.516014418111142570e-01 7.225383052425968788e-01 4.835504883246347418e+00
3.555698380354038735e-02 9.379716271908302705e-01 2.286088540693173243e+00
4.395932279556125089e-01 7.238109876555067768e-01 1.820137858272344866e+00
7.548594345829499896e-02 1.679150714258585697e-01 3.023608770114865507e+00
5.493978781834080172e-01 5.390489405679301793e-01 1.439287428593204909e+00
5.399298844163883393e-01 5.430336753781647152e-01 1.710066875527576302e+00
2.670479236912293858e-02 9.594606686009580221e-01 2.019208548238251133e+00
1.249258058935278359e-01 6.225209882197361988e-02 3.463279789797798713e+00
6.285427839182341492e-01 3.092072629009755547e-01 6.433428113408433013e+00
1.270017755504738444e-01 1.369479849500742918e-01 2.277281678910883400e+00
3.675049970410909639e-01 5.233324688917968120e-02 3.095591055315240148e+00
3.203003842946668400e-01 7.434956689691364640e-02 -3.142802057801916682e+00
4.402482833260178419e-01 3.407083298227994717e-01 -3.815085100768205728e-01
3.154242000247287070e-01 4.358683258382716613e-02 3.480080297418199464e+00
6.029589691314403144e-01 9.181499232896643825e-01 -2.800836536648420250e+00
1.179748983623101904e-01 5.129482911261061817e-01 4.060832220046137753e-01
8.410820978161538397e-01 8.883570943773362316e-01 1.081457456450739985e+00
6.182629222332934882e-01 9.312577680898085353e-01 -3.323854254307780032e+00
