1.352813141403588076e-03 7.766797280784984436e-02 2.499478668851738306e+00
1.086433781207941235e-01 1.005946676300872866e-01 2.963277713815447356e+00
5.902838758602653169e-01 4.801248167050146121e-01 5.698985970265957324e-01
7.509750559584042751e-02 1.702318789823532574e-01 2.136412544508596856e+00
8.046804821872688418e-02 1.692711769485913120e-01 3.071913392077830096e+00
4.444537209994193216e-01 6.795679332147246399e-01 2.022890014693471628e+00
5.328833863620643374e-01 7.032059537197282717e-01 1.422694082510599589e+00
1.142333658149848608e-01 2.078289729469178226e-01 2.214026109947647480e+00
1.044872737428315101e-01 2.692389232231813534e-02 3.344709402294793854e+00
5.242917016248925810e-01 5.465008633568123608e-01 1.358191740812804360e+00
6.660153978842878186e-02 1.656964127817340537e-01 2.730734646705274216e+00
5.174928344259271951e-01 9.097361426589364308e-01 3.340313384222088899e+00
6.360025970692558817e-01 3.823285412345800993e-01 1.397799748551958321e-01
1.081851971150704916e-01 8.823587959377660050e-02 2.354084157021818946e+00
9.559345069278168960e-01 3.943313411713422062e-02 1.769202437455993593e+00
5.749731295554680321e-02 1.539459641399124612e-01 2.334463748039507625e+00
2.510284911326344792e-01 6.230987915950621236e-02 2.965895290610231161e+00
1.587034164058522545e-01 7.394488728669951216e-02 3.331437729386077073e+00
3.986614245834491088e-01 7.016699959394101516e-01 2.209604453643068567e+00
8.248030797740297793e-01 1.356642696097742906e-02 1.235214737703969945e+00
5.108660574728686177e-01 6.769997338484096128e-01 1.998093317331893326e+00
6.312676890085197057e-01 6.393640995208229594e-01 8.972324886367882835e-01
5.317721787309755976e-01 6.477464677532311921e-01 1.617617068873546060e+00
1.896240977417407436e-01 6.630368630069778668e-02 3.181275832970097639e+00
2.056432935133310769e-02 9.705490710807226362e-01 3.095979199192107956e+00
2.301413283646553537e-02 9.834173980029148332e-01 2.285820636421822982e+00
4.537893250394398614e-01 5.784121183019536039e-01 1.521996041379096054e+00
5.443230609869411651e-01 2.280510111486356573e-01 5.395373023833265336e+00
3.967317811475353229e-01 6.925543648869433300e-01 2.375530177260376519e+00
3.676000598784339157e-01 6.512040634524747240e-01 1.481667878136825323e+00
5.552599855355419001e-01 7.318450263524427513e-01 1.196245672582256114e+00
2.565181707896706242e-02 9.393455530106638030e-01 3.003764104437126381e+00
4.385721597405171091e-01 7.337587220558675627e-01 1.673081410180500939e+00
7.035767495983416553e-02 1.764999920549438772e-01 2.109270699262714821e+00
5.461444179188074122e-01 5.485048908801233303e-01 1.902173967009139099e+00
5.449485625352681328e-01 5.516831187093321764e-01 1.045039441643055067e+00
4.117735850916783708e-02 9.555179754450016105e-01 -2.659709596262291309e-01
1.106327666502480156e-01 5.770138138512226345e-02 3.449831714012391082e+00
6.425747453209411653e-01 3.145085890740138557e-01 6.644411699629874768e+00
1.170020666090143407e-01 1.368716889076160848e-01 3.149222331858525514e+00
3.529672156393999227e-01 5.602823158693494981e-02 2.892698527539819597e+00
3.053692039764496768e-01 7.291434764366898358e-02 -3.045764773071627740e+00
4.458364782464590004e-01 3.267881258899845709e-01 -1.189044964417058203e+00
3.004378967612017504e-01 4.422770269047986841e-02 3.098854970870295933e+00
5.889887469202605974e-01 9.236118727008416629e-01 -3.514291113985688941e+00
1.282033405098625400e-01 5.239200262320123924e-01 8.204445032950040684e-01
8.329007337487069895e-01 9.009294959775036027e-01 2.147691551668440724e+00
6.046340230379882996e-01 9.249925381080592590e-01 -2.710700031906415397e+00
