9.934590638707162524e-01 8.380708695009564391e-02 2.480586475666183510e+00
9.423735770565869196e-02 9.641536436295038148e-02 3.423949790317823094e+00
5.935698342303603603e-01 4.895695230313120150e-01 1.235979856481742800e+00
6.635702978804736141e-02 1.750902822852279939e-01 2.634268318560705868e+00
7.046812425129858615e-02 1.693101724054169310e-01 3.137693098024118665e+00
4.463224790495545213e-01 6.893917686851533944e-01 1.382815367340059831e+00
5.344139772819382905e-01 7.130881241005706528e-01 1.417133223880394866e+00
1.057009620977240882e-01 2.130441514487214361e-01 2.592963743558130751e+00
8.961609891797216176e-02 2.496221973789701509e-02 3.272746506145078893e+00
5.211092110723234416e-01 5.559809347638645649e-01 1.894678265874649714e+00
5.685959754473837724e-02 1.634392992886636586e-01 3.369265820567801217e+00
5.069749547211886975e-01 8.990415549381942650e-01 3.935321009088907473e+00
6.494260310451500651e-01 3.890226745089337967e-01 4.625991187049193210e-01
9.319616740218206186e-02 8.766230460639684585e-02 3.179840310709360907e+00
9.584395612639492468e-01 5.422247834779653219e-02 1.403006502203042016e+00
4.966359411688128778e-02 1.601614970339398925e-01 2.470868681312729631e+00
2.362733457653606040e-01 5.961067831654989074e-02 3.322524943322971325e+00
1.439605969128345264e-01 7.671061926870648140e-02 2.956149474610499261e+00
3.959573178858403208e-01 7.112974466387358419e-01 1.844615893996368827e+00
8.305309647976395482e-01 2.742973584292576067e-02 1.178989437813902752e+00
5.078356859798772716e-01 6.865295212864622743e-01 1.878674379257712523e+00
6.321010725120475016e-01 6.493293126111712166e-01 1.487361205652308893e+00
5.332905614904980274e-01 6.576305212635874531e-01 1.418368478410190203e+00
1.784347878806424592e-01 7.629364850444654567e-02 2.412762445082423213e+00
1.265609712169114658e-02 9.766695173881460024e-01 2.482949195321020319e+00
1.376073787680084752e-02 9.872087937512444844e-01 2.752726382541562433e+00
4.542081634946086854e-01 5.884033431692294869e-01 1.528900225766045562e+00
5.532550625702571390e-01 2.160003120935749532e-01 5.350235514619017252e+00
3.973370764485598117e-01 7.025360289565540928e-01 1.510229774028875926e+00
3.698320686117259060e-01 6.609517881620933233e-01 1.345699370683274720e+00
5.463629291699094725e-01 7.197685041698457242e-01 4.077439190280447434e+00
4.039810533067242360e-02 9.420927302524187974e-01 1.841847660110886575e-01
4.421621043439099008e-01 7.430921189586340292e-01 1.203606013465710500e+00
6.078669088959008648e-02 1.736023613111923325e-01 3.435571936328368547e+00
5.417939220925596100e-01 5.575089558546667545e-01 2.020889669766805063e+00
5.414368158420932442e-01 5.610462183650538615e-01 1.929621708865412844e+00
3.142607881191858410e-02 9.577344014568537345e-01 2.918094006581285704e+00
9.660654624031339566e-02 5.238488432296436320e-02 3.503900433832241923e+00
6.562087590340035526e-01 3.207626813400447086e-01 6.713260869061890901e+00
1.046625703720691636e-01 1.454002780417235630e-01 2.536822990062876926e+00
3.380882587779380777e-01 5.792997886634849297e-02 3.014467369687150011e+00
2.914292654543197414e-01 7.845313036185150302e-02 -3.519796858911381943e+00
4.544436711188903355e-01 3.145033291534989894e-01 -9.596424416841145000e-01
2.861127059915450355e-01 4.867617539613308675e-02 2.840498989379920403e+00
5.773341978457875445e-01 9.141688072096625373e-01 -2.460634590029247892e+00
1.400991749800640507e-01 5.330572644502906687e-01 6.549873541957984546e-01
8.260012294697551827e-01 9.142485365099415340e-01 2.048754305979171519e+00
5.915127031798239621e-01 9.177240468492255943e-01 -2.635725597276433074e+00
