9.834670844904024323e-01 8.420752179296361883e-02 3.101538460081854520e+00
8.430054574418292812e-02 1.076519015538411894e-01 2.294886456353789406e+00
5.948803133940909760e-01 4.994832833855584187e-01 1.439370388551410640e+00
5.696798869026339918e-02 1.785320706668871160e-01 2.790228604908146615e+00
6.076550831996591073e-02 1.668895848550380201e-01 3.386079800552067809e+00
4.421353224553564165e-01 6.984729425991176299e-01 2.002826895804100005e+00
5.379146131179693979e-01 7.224553835046596539e-01 1.213157345455406766e+00
9.862820802335238446e-02 2.201135325958557820e-01 2.356432992166804574e+00
7.625012864101372856e-02 3.177036475364569679e-02 2.670481882144188024e+00
5.183289497291029280e-01 5.655866698665723558e-01 1.852534940629145366e+00
4.706042898715483147e-02 1.654333643778886642e-01 2.940840424688220267e+00
4.923658051288353765e-01 9.024434291551874932e-01 2.912810463217362589e+00
6.573677400811431815e-01 3.950996192665917062e-01 6.531542971661568053e-01
7.925223545172178918e-02 8.213358307597651287e-02 3.519075209645693203e+00
9.571160781760316150e-01 6.916397735278247139e-02 1.659143415715246483e+00
3.966420843283816056e-02 1.602723390014132443e-01 3.130508229863583125e+00
2.222023509606985137e-01 6.480751439316151385e-02 2.787802462096827583e+00
1.312643182354964744e-01 8.469839165826360816e-02 2.580019787320942282e+00
3.914041937131247928e-01 7.202007640130538846e-01 2.043519409300549317e+00
8.241811484834127288e-01 4.101943167379623612e-02 2.007904262685170416e+00
5.064580811773710112e-01 6.964341770103181783e-01 1.708996306094401341e+00
6.254627957883672762e-01 6.568081682816494515e-01 2.296721529413712215e+00
5.304792205343045186e-01 6.672272062135078396e-01 1.855771989474946482e+00
1.671237729442430209e-01 8.614559963650909868e-02 2.425029764970738633e+00
2.677199636380277539e-02 9.715959201843317183e-01 -3.450458376584105702e-01
6.191603981165363750e-03 9.937439457823713518e-01 2.429373345403033735e+00
4.514843034195291649e-01 5.980252237697871731e-01 1.846668263528502330e+00
5.654818352925011782e-01 2.073108915836336386e-01 5.665322155312398245e+00
4.007210838562503263e-01 7.119460498845168184e-01 1.225579477578500054e+00
3.667618106073108897e-01 6.704688000768870282e-01 1.882862637072474143e+00
5.406385981422736631e-01 7.059037274213348923e-01 4.320838437694730416e+00
3.076165028794898906e-02 9.447645712300164478e-01 2.871122945993174191e+00
4.367089248554639203e-01 7.514744118112366422e-01 2.147564704864358021e+00
5.095628020906487615e-02 1.754362167722949561e-01 2.957163349291337617e+00
5.411079601215659229e-01 5.674854009216407924e-01 1.639446433985915386e+00
5.420433496262601070e-01 5.710278072550384332e-01 1.510105697742981645e+00
2.351343171611394722e-02 9.638491390585218754e-01 2.483670862605120710e+00
8.221745883623426954e-02 4.814764894151910696e-02 3.427973531885979419e+00
6.629791612504463139e-01 3.281221414987511298e-01 8.270629035547454322e-01
9.192069127877496026e-02 1.533151069831392987e-01 2.585754734707892410e+00
3.234530386700695814e-01 6.121788585929117954e-02 2.920604554748785109e+00
2.785994384024328974e-01 7.068167375329527380e-02 -2.596967974041887839e+00
4.658901463183132696e-01 3.048090934688771347e-01 -7.027025796286875403e-01
2.763545498298526359e-01 6.006820718699572986e-02 2.279096497386586151e+00
5.625435309062086775e-01 9.166660399746342502e-01 -3.308853636530212583e+00
1.474702873091675859e-01 5.461212111369446731e-01 1.057091233414545473e+00
8.179940589670555706e-01 9.269325902996689015e-01 2.133897786858999446e+00
5.765342620211552083e-01 9.169201187079739634e-01 -3.087971752721976770e+00
