9.764177502347785031e-01 9.130025656542534174e-02 2.353125605398889597e+00
7.288513641335542248e-02 1.173826995586122468e-01 2.435691537206226887e+00
5.955908024844445148e-01 5.094580117153170162e-01 1.499687506372734624e+00
4.788569791696760392e-02 1.827168041481623539e-01 2.709828896331560877e+00
5.086515330833844828e-02 1.682977647596464177e-01 3.000305063965789110e+00
4.448083975868289408e-01 7.081090553704327828e-01 1.300198545566879638e+00
5.372029659416589498e-01 7.074722744048617118e-01 4.664928019329461328e+00
8.955606904771111487e-02 2.243202289726639043e-01 2.707409334260831635e+00
6.857525942717479506e-02 3.818101078586953745e-02 2.445708061366442809e+00
5.123730785443539881e-01 5.736195770881625799e-01 2.208792669271406162e+00
3.849524785326055576e-02 1.705945340266777355e-01 2.599281439752694212e+00
4.774406730268652144e-01 9.039402363367374793e-01 3.041639157015452177e+00
6.643364862191771802e-01 4.022715490810584438e-01 7.997659132633385681e-01
6.430762807552638238e-02 8.084567377351539741e-02 3.227559120009370730e+00
9.675940599785636254e-01 7.989765786534704095e-02 7.974522080910756427e-01
3.068803547620243752e-02 1.646800956930378479e-01 2.685130020954793917e+00
2.074161277223980637e-01 6.733092524895648023e-02 2.972561499151958664e+00
1.179868955924487095e-01 9.167765006857357679e-02 2.657637343724200019e+00
3.871617121378220783e-01 7.292562236967594647e-01 2.008927786490668943e+00
8.257406366701250944e-01 5.593814464092260186e-02 1.466642237914155711e+00
5.008063772704384187e-01 7.046839190031543021e-01 2.171436106399517563e+00
6.194898825172608925e-01 6.648284118599855352e-01 2.210915876131879010e+00
5.319921895828335634e-01 6.771120898576481473e-01 1.418916177137311774e+00
1.521237892103574907e-01 8.616768997759258197e-02 3.140119963651895940e+00
1.679891219973248667e-02 9.708627133537781617e-01 3.214979190466877412e+00
1.973412241740865949e-02 9.872941245132189625e-01 -4.444795791388077566e-01
4.452000504413250459e-01 6.058039231794528634e-01 2.250323501661924297e+00
5.737644909595212006e-01 1.948049883734859766e-01 5.297362187365365571e+00
4.032778807917631880e-01 7.216136653832089243e-01 1.312245626630289097e+00
3.614941110253132028e-01 6.789688789655692336e-01 2.125592384029326265e+00
5.346175513558670822e-01 7.138878989873712611e-01 2.216930887582387655e+00
2.084366892368973850e-02 9.460427127160054850e-01 3.013427916459160194e+00
4.308833176243840879e-01 7.596022836353484298e-01 2.192672019115141424e+00
4.098895733986757800e-02 1.746284576366755603e-01 3.222456666485604249e+00
5.380823521316335789e-01 5.770167017925218467e-01 1.878174564883772213e+00
5.429524059308999950e-01 5.809864023685569201e-01 1.479765023590638773e+00
1.351718663262367268e-02 9.641231540778119058e-01 3.114187721467179149e+00
6.736268914233167759e-02 5.022991149487618379e-02 3.002325396439445182e+00
6.775359210436558977e-01 3.317416365357411800e-01 2.437048714156873075e-01
8.210179831282868324e-02 1.552096625836141830e-01 2.950985018763368384e+00
3.096763433293343581e-01 6.715106927871820897e-02 2.734930873927808648e+00
2.649061604848919615e-01 6.455842789239886470e-02 -2.721093262444334471e+00
4.776451403980017663e-01 2.954913622972619724e-01 -6.702501978680132089e-01
2.618154844747394017e-01 6.375813653587836249e-02 2.893046250858237300e+00
5.518107456572597380e-01 9.061871411393584985e-01 -2.368163096253140587e+00
1.475657146730636748e-01 5.611209075878139663e-01 1.564434459620894557e+00
8.107210147965315805e-01 9.400513870620861301e-01 2.077010402270584866e+00
5.618191363294311458e-01 9.198295990527715071e-01 -3.336795319927317927e+00
