9.702715049123071811e-01 9.918845461288836041e-02 2.232706218258595499e+00
6.095519573921100165e-02 1.264753622880548378e-01 2.490347082111023180e+00
5.995489499077710782e-01 5.186413155312219470e-01 1.163841445603393421e+00
3.788797004612536046e-02 1.825036435969709381e-01 3.162910323283355307e+00
4.088141579200001846e-02 1.677276900234437040e-01 3.198631050096595096e+00
4.413392418618325430e-01 7.174880189888569459e-01 1.925076756237723785e+00
5.313378287837164926e-01 6.936664725042649415e-01 4.310661208172684944e+00
7.962802273784475027e-02 2.231227748110573561e-01 3.261626103075942584e+00
5.398286792252566385e-02 4.165406566234988728e-02 2.907935342532971035e+00
5.048856260748700864e-01 5.802481557832690484e-01 2.416963432201041151e+00
3.212459172870398005e-02 1.783026298059639525e-01 2.261481684982278750e+00
4.648506319692626843e-01 8.957860431719980587e-01 3.716328239789426835e+00
6.738121003550490151e-01 4.054672863587561182e-01 3.252795907702878964e-01
4.971101453027335082e-02 7.739040634384576622e-02 3.374031187605158078e+00
9.595292441259438698e-01 8.581024995878056005e-02 2.508973343236451381e+00
2.143073244158209822e-02 1.684619392283006611e-01 2.753758457314960495e+00
1.950438259882993630e-01 7.581185384200678223e-02 2.540680295955281665e+00
1.030035930153606061e-01 9.238521199761223768e-02 3.094404347618567641e+00
3.805504651880189382e-01 7.367589841066831680e-01 2.293113141052446569e+00
8.191500926164954066e-01 6.941274033345327943e-02 2.025693118610152332e+00
5.008383178553081905e-01 7.146838679929761184e-01 1.567602262876920616e+00
6.169956472912764278e-01 6.745123568535023040e-01 1.822881244357931196e+00
5.244547397297598668e-01 6.836837600952969662e-01 2.424538614269098336e+00
1.372908357953874503e-01 8.393531613136333280e-02 3.290972509342798169e+00
8.577527081421221916e-03 9.765555884390413333e-01 2.535953690588981679e+00
9.998125209361684307e-03 9.895767454552286679e-01 2.911300376472196305e+00
4.383922456103406251e-01 6.131287981533500853e-01 2.319623958702685229e+00
5.762092160251121031e-01 1.800055519195641052e-01 4.876100962933357152e+00
3.976070038911323490e-01 7.298502396211971055e-01 2.173762033524307302e+00
3.547131819165746935e-01 6.863186408952008932e-01 2.315961082084476264e+00
5.384568950348355143e-01 6.993875734698262736e-01 4.971225751275885507e+00
1.090052359218156817e-02 9.449778836609420418e-01 3.248277820828340712e+00
4.274573663224939812e-01 7.449987615369956240e-01 4.481958390324620289e+00
3.099438120718784467e-02 1.749577719668657660e-01 3.108655265421310432e+00
5.363499572264636139e-01 5.868654990740451716e-01 1.744914275356693079e+00
5.350489628874484094e-01 5.871130317892838679e-01 2.482167100712874053e+00
3.582906499833837799e-03 9.652677405722530635e-01 3.026882602897678076e+00
5.399990285416106373e-02 4.341551918032020979e-02 3.613170884019381468e+00
6.868488378855724941e-01 3.280988930784625168e-01 -3.728534930328818997e-01
7.230019640671243863e-02 1.532275929395253700e-01 3.341120905744038971e+00
2.951660885087044606e-01 7.095271432269410761e-02 2.885354838895491714e+00
2.532958104116992404e-01 7.405578390225307783e-02 2.455967437183869784e+00
4.892999756542206757e-01 2.860486500200400961e-01 -6.809277569722427259e-01
2.486142221888764103e-01 7.088040261205463821e-02 2.646835729082281929e+00
5.386885531258386317e-01 9.134540567965211411e-01 -3.647339634385379448e+00
1.398371677814127800e-01 5.739766286077938595e-01 2.112079853032201360e+00
8.073304511713059739e-01 9.546631658142880061e-01 1.798804373986837346e+00
5.517607229716315898e-01 9.087017816241991230e-01 -2.305760921552502563e+00
