9.618636935342100847e-01 1.046022063462374585e-01 2.569520813681387850e+00
4.608164703942881080e-02 1.245317704905809925e-01 3.271530775583297412e+00
5.907441752868106688e-01 5.233821956050154212e-01 2.647664704319053985e+00
2.847900080704732217e-02 1.858905740447485688e-01 2.796065156454704770e+00
3.285066970609543113e-02 1.736864749082778769e-01 2.503233541823201680e+00
4.314237240643228333e-01 7.187851337899704429e-01 3.011514657565003361e+00
5.229942362876824902e-01 6.991786829737703934e-01 2.557765667293335543e+00
6.988015289625040816e-02 2.208913999991229116e-01 3.366624577434188303e+00
3.950074381338095769e-02 3.774662643859608840e-02 3.405128504121181177e+00
5.007851390119923973e-01 5.893687920465553454e-01 1.993303790632274142e+00
2.261879174197131692e-02 1.751978324515085506e-01 3.457290321025713098e+00
4.523127933814465873e-01 8.875518095375989347e-01 3.722698868755020207e+00
6.831859920980744016e-01 4.089501233618386689e-01 3.557395433105710048e-01
3.589921867098929548e-02 8.324141438874399501e-02 2.740888077669833667e+00
9.522588866262559071e-01 9.267624601374095661e-02 2.384791059534471458e+00
1.180090023399285593e-02 1.711575526378378842e-01 2.868655172149011445e+00
1.800855026483592913e-01 7.692924493638889083e-02 3.067030845895598823e+00
8.897967729032577044e-02 9.770778541064475964e-02 2.778851624057548264e+00
3.756581275733660852e-01 7.454805110752966701e-01 2.082007302949294925e+00
8.276715799494436254e-01 8.175714204574385802e-02 9.666020829993264840e-01
4.950889814491952201e-01 7.228658684139821489e-01 2.183319368419188056e+00
6.070954078043819813e-01 6.759213487279062127e-01 3.000223049277273457e+00
5.163447702743341194e-01 6.895342639566803822e-01 2.516650468579350708e+00
1.242525571880905427e-01 9.135173649151713537e-02 2.624415979910357244e+00
9.995824955605014939e-01 9.721864457385036573e-01 3.593757974743882144e+00
2.078245257879605956e-04 9.916139034081660197e-01 2.936440836963642553e+00
4.284564052440222870e-01 6.142597606704298663e-01 3.028253905626024700e+00
5.885204364372849106e-01 1.714361965200663918e-01 5.675108135087578276e+00
3.876222288160716123e-01 7.292986358680862979e-01 3.196781039712574213e+00
3.447387777007762111e-01 6.856036160425826864e-01 3.213156206785539482e+00
5.285308039945605385e-01 6.981740180898901027e-01 3.263248053656405467e+00
3.009198765361055170e-03 9.511201139136764571e-01 2.480191658330652693e+00
4.207497737012769190e-01 7.524155129301457468e-01 2.306028353487711513e+00
2.292568388463540191e-02 1.808650660612066696e-01 2.509630112638705945e+00
5.269682377049633715e-01 5.903271950196620210e-01 2.788107480794151716e+00
5.299841484130614067e-01 5.957355403766985136e-01 2.101895543374595388e+00
1.853674120736211947e-02 9.664436774497777716e-01 7.847631685730664663e-02
4.252441217704464732e-02 3.375564787064872646e-02 3.841296856081892308e+00
6.952618988887450113e-01 3.226933029574027834e-01 -5.711014251208850201e-01
5.857530094639043505e-02 1.592796376025489846e-01 2.726286973698492488e+00
2.803892778732278157e-01 6.837475632395460801e-02 3.314314030166308100e+00
2.384097971748201650e-01 7.221008351717934926e-02 3.264951978520231890e+00
5.012754341786263002e-01 2.770160206614180054e-01 -6.462230036378612263e-01
2.341139667966659621e-01 6.704079409546447044e-02 3.400447688778696076e+00
5.241124660759678422e-01 9.169949163411219573e-01 -3.379899130413829056e+00
1.280378944343222858e-01 5.832382239606820340e-01 2.476108956112408777e+00
8.090456725796192350e-01 9.695647769862540954e-01 1.456197562322371741e+00
5.367625231934847196e-01 9.084693952760710678e-01 -3.126099610578195520e+00
