9.546337375885475263e-01 1.115107327465472975e-01 2.378924948632876291e+00
3.149353907955559917e-02 1.210407668883078797e-01 3.376480150822901649e+00
5.827229222945660148e-01 5.293537532271442858e-01 2.501642122020993231e+00
2.164016587949144782e-02 1.931864863820537404e-01 2.323868606999904163e+00
2.425732257328577085e-02 1.788006107155313273e-01 2.604763695923363098e+00
4.260495435287842692e-01 7.272182935519717617e-01 2.138168779161295330e+00
5.187548039316658421e-01 7.082355705903172760e-01 2.008591085873487447e+00
6.033407467942918101e-02 2.238700558500615889e-01 2.839136689569941474e+00
2.579685268786652275e-02 4.384608280945790498e-02 2.722829900563279892e+00
4.958205754964589707e-01 5.980494089082901699e-01 2.090308060243533994e+00
1.637870890047194924e-02 1.830120097038637206e-01 2.244658091806066125e+00
4.376108598583182685e-01 8.905272339916081581e-01 2.941906602406108018e+00
6.930437974362455567e-01 4.072697442633239073e-01 -1.688389375763738598e-01
2.108763199789992493e-02 8.087141434115720229e-02 3.300257538707222160e+00
9.475090630978439954e-01 1.069043582022551064e-01 1.892997155745484328e+00
1.801183205791619460e-03 1.712327813285232647e-01 3.134069713561792092e+00
1.650907524794587300e-01 7.732606652382656431e-02 3.115134794370985727e+00
7.409676649894697542e-02 9.957833783596216348e-02 3.016563665728535071e+00
3.672872319656085294e-01 7.509511697855457690e-01 2.562737602227997513e+00
8.225457532669228078e-01 9.585415948989697843e-02 1.919544682673671954e+00
4.955206808524418860e-01 7.078720818466991416e-01 4.741172915089601148e+00
5.976835674743988802e-01 6.793002925869994213e-01 2.796913854081211070e+00
5.071137806188712460e-01 6.933798887408654243e-01 2.746858848252323071e+00
1.125189570519350007e-01 1.006963942083524965e-01 2.469049723072261227e+00
1.348888264344516585e-02 9.665639553383927884e-01 -3.842163040795001372e-01
1.473054434874036638e-02 9.953676493963790062e-01 2.529381863997630653e-01
4.185038910268656376e-01 6.152331366292940196e-01 3.044100692726522617e+00
5.931858483650456204e-01 1.571801826471667107e-01 5.028662904408180978e+00
3.780406715667205542e-01 7.321611104404465165e-01 2.851284542349549422e+00
3.358828074613816050e-01 6.902481602741470379e-01 2.658574197380847881e+00
5.217451290664364416e-01 7.055193986634089587e-01 2.316606985207847025e+00
1.791556465330795822e-02 9.494467173633475143e-01 6.171392827108842738e+00
4.072829063786338466e-01 7.458091913731574873e-01 3.597660688521734151e+00
1.484960780112709253e-02 1.867622683719117327e-01 2.510880273550557540e+00
5.169989322210228888e-01 5.911101050833825754e-01 3.063221445253594855e+00
5.199950977589165024e-01 5.952677081108956880e-01 3.188392962509528417e+00
8.627013934634939971e-03 9.677843136346419017e-01 3.007124163153965579e+00
2.883086399095884794e-02 2.763300644105754975e-02 3.562047904439268109e+00
7.094798604667225117e-01 3.179131807239076180e-01 -3.243310838233020021e-01
4.394287585292755427e-02 1.625799612055003340e-01 2.919756067678620504e+00
2.657276491329851886e-01 7.154282240333031950e-02 2.928785656120516112e+00
2.238091780794626839e-01 6.877178131517867887e-02 3.372869075704453046e+00
5.119924440627829920e-01 2.665209885441308657e-01 -7.749338401392589226e-01
2.191157546230919073e-01 6.727237906141593504e-02 3.126153042447159081e+00
5.127544327165456384e-01 9.071972085374440109e-01 -2.429815429031325635e+00
1.154603603985558252e-01 5.914116955351805816e-01 2.565325063935949945e+00
8.166406896868453336e-01 9.824998345872446581e-01 1.039867555122078402e+00
5.219541061013259764e-01 9.060796707679614759e-01 -2.981595934907214751e+00
