9.629744711306097438e-01 1.239779763865953011e-01 9.811719021934116602e-01
1.807644300332389431e-02 1.277475942217918548e-01 2.678047647589862468e+00
5.733245820420402872e-01 5.327700671029107493e-01 2.792940477287326750e+00
1.381720629280722840e-02 1.994155555986466544e-01 2.469139538154135227e+00
1.427785120803284208e-02 1.781601801805809404e-01 3.205679566984076523e+00
4.228949546122785508e-01 7.125537591656415648e-01 4.500501104988290813e+00
5.248295537105407416e-01 6.945207094855134766e-01 5.129349566405750238e+00
5.424326812856149205e-02 2.318011387244178489e-01 2.225697234105523670e+00
1.233283194682825018e-02 3.723396170614384076e-02 3.598091386998694574e+00
4.865643836544402689e-01 5.942648465050860418e-01 3.529720567278856524e+00
6.379980891729813627e-03 1.828525161077680927e-01 3.157542689481965592e+00
4.227411286297729776e-01 8.924998193993470830e-01 3.009704941561062164e+00
7.030113692155922633e-01 4.064650624482121777e-01 -8.055527582571560263e-02
6.523720091302882135e-03 8.446202292145120472e-02 2.899871695699130392e+00
9.571860934913706265e-01 1.183653827098094802e-01 8.695959004417755933e-01
9.951792762270846859e-01 1.787261349145588818e-01 2.294534846317034749e+00
1.511540909003466493e-01 7.177904353583555719e-02 3.520388055078673695e+00
5.910603538418045255e-02 9.905109913786525055e-02 3.176749141793592912e+00
3.579395442214823309e-01 7.473986025675591893e-01 -2.778403963960273781e+00
8.145122081175159012e-01 1.085215251328568858e-01 2.135978509578435602e+00
4.947162890229735432e-01 6.928936655824646795e-01 4.658737122450176571e+00
5.880834026589660812e-01 6.820997274436313429e-01 -3.425327894202637058e+00
4.972151042603041304e-01 6.947998205520253823e-01 -3.284067362416924762e+00
1.024989489097387907e-01 1.118588059921168665e-01 2.302315001168793618e+00
2.632906460571567825e-02 9.588096193142200407e-01 5.739894525242353218e+00
2.673136998222770677e-02 4.366548446520290838e-03 6.434093661278624809e-01
4.093655773775328743e-01 6.192940753934738085e-01 -3.559768188478188655e+00
6.011701772027172597e-01 1.444817381356556518e-01 5.273690644495613533e+00
3.680414115791987850e-01 7.320394564148409167e-01 -3.129426950935359386e+00
3.274241988773883283e-01 6.849141242016411057e-01 -2.578973331461837493e+00
5.117925215981740106e-01 7.064918206822294877e-01 -3.238988765750607790e+00
7.928906006777463461e-03 9.489303366145993568e-01 3.193253704786799929e+00
3.986718504097749860e-01 7.335271021737915786e-01 4.100920599052793492e+00
8.612865088549692683e-03 1.945791117461333763e-01 2.244230719985514710e+00
5.081167360362461860e-01 5.865159140843992924e-01 -2.664251570805552749e+00
5.142332417368334907e-01 5.870945193096513970e-01 -2.184850333711557901e+00
2.315411585214427470e-02 9.640475623881314959e-01 6.031417161678227501e+00
1.687876759464126269e-02 1.856948660971541321e-02 3.790397655736142291e+00
7.192994162900288035e-01 3.198042977041529178e-01 1.902574421781830505e-01
3.238179091346167493e-02 1.721372262443310042e-01 2.450796510527495808e+00
2.507421032444805964e-01 7.220116458147421423e-02 3.097689072201622817e+00
2.093393207127579869e-01 7.272440421487727513e-02 2.874935521753402501e+00
5.210813806587788477e-01 2.545882088363692342e-01 -9.198630527706390669e-01
2.046269684124345789e-01 6.338971578193033918e-02 3.403418103035775744e+00
4.986214131787881088e-01 9.122229183127259500e-01 -3.483248104307417048e+00
1.007447716144682787e-01 5.943188327417184835e-01 2.946549218062424647e+00
8.214588086198271188e-01 9.967049649966299718e-01 1.243791594596611372e+00
5.072603485593866202e-01 9.090952120624391508e-01 -3.344008139878394736e+00
