9.660576031433145694e-01 1.386577003959980348e-01 1.363778689493827079e+00
3.303678031055114206e-03 1.303486353737363102e-01 2.967308943339448835e+00
5.649959133064919037e-01 5.272353334062005459e-01 -2.555063788623123333e+00
4.399190233913875120e-03 2.027772476598602991e-01 2.798746241189864925e+00
9.538260411468876127e-03 1.869656488836725639e-01 2.064577852509354106e+00
4.141227582301426069e-01 7.077528664743557574e-01 -2.640836180304444003e+00
5.148540935882809366e-01 6.952208490067555147e-01 -3.211663933117755221e+00
4.424721787631406833e-02 2.315201060669841715e-01 3.169699619944849278e+00
1.275567978364556057e-03 2.709803976821858335e-02 3.883544670514694541e+00
4.765765425054501736e-01 5.937718666043397819e-01 -3.092274673562084075e+00
9.963898921466435299e-01 1.824074016670897413e-01 3.186118808965720195e+00
4.078164445741767619e-01 8.909985513218098285e-01 3.241845039506068282e+00
7.129274106915466369e-01 4.077581677985809283e-01 1.296736455009762645e-01
9.926657638165446995e-01 9.020284584912363623e-02 2.748852336567171761e+00
9.565322820493680211e-01 1.333511269555353596e-01 1.614397569772773933e+00
9.852100134457206781e-01 1.779426812808898029e-01 3.220018386397472732e+00
1.365544836881671387e-01 6.833644724087502287e-02 3.373163189379030591e+00
4.619341303978208302e-02 1.066841970797852979e-01 2.607717326773741462e+00
3.479648731407266604e-01 7.481098949341261628e-01 -3.212782005379996253e+00
8.127816077270787476e-01 1.234213580946259131e-01 1.686427187610783918e+00
4.847842588397699992e-01 6.917297169410144830e-01 -3.024933359120608678e+00
5.802854061559910015e-01 6.758394358737770391e-01 -2.465142047667049585e+00
4.877176426451932389e-01 6.979300318658979707e-01 -3.459965013907250420e+00
8.750000599947406477e-02 1.116807285521662779e-01 3.153464761807447836e+00
1.643501219249039746e-02 9.602614205555581872e-01 2.995897630575163006e+00
1.179754719679019723e-02 2.959090804831749147e-03 3.235561394601861984e+00
4.028093101028418777e-01 6.117432238240932962e-01 -2.285808657486382955e+00
6.142076549523752815e-01 1.370639100217687367e-01 5.765900659356469227e+00
3.613319444761079469e-01 7.246244007041572344e-01 -2.306281118622892201e+00
3.186420386284454787e-01 6.801314825297313238e-01 -2.642915551617615044e+00
5.028508075989600590e-01 7.020145725590782870e-01 -2.677373405089955138e+00
2.259443843357229059e-02 9.457803907994098980e-01 6.071614042127587041e+00
3.906153586004382783e-01 7.276031727577628727e-01 -2.507566841857788553e+00
1.752874804252196710e-03 2.018551362993728782e-01 2.326772180085292518e+00
5.005161282792974786e-01 5.800173941202065864e-01 -2.434202959060142391e+00
5.054933828609111668e-01 5.822350062858019371e-01 -2.634141350628651512e+00
1.445048145216238505e-02 9.689716611108879496e-01 2.626736250887127255e+00
3.540050783907604942e-03 1.170809944362054614e-02 3.616690895821019325e+00
7.277653344754992926e-01 3.251267247141663708e-01 5.612474597615861871e-01
2.238262541328211661e-02 1.720080391706011735e-01 3.154511720330071434e+00
2.364075387171927778e-01 7.661933839120844969e-02 -3.440571932361470076e+00
1.964444803031926423e-01 8.038750351032170061e-02 -3.677792993158596424e+00
5.302959784989031977e-01 2.427521965583772923e-01 -9.092895180734152927e-01
1.896504935426112370e-01 6.422947793489379442e-02 3.085579224257914088e+00
4.837956934661301056e-01 9.099429983576171610e-01 -2.989006581028340825e+00
8.611570751129343781e-02 5.910036429333965780e-01 3.364445332973966085e+00
8.288422613653495530e-01 9.761941122618633671e-03 1.056146365150183453e+00
4.922843456199192391e-01 9.082470753063298652e-01 -3.085020031594059020e+00
