9.740544160357216263e-01 1.513482868112836499e-01 1.008511241633732958e+00
9.884209607313043655e-01 1.284765440897175370e-01 3.266725039820156162e+00
5.574062537095927361e-01 5.207240303719994357e-01 -2.432519898888377163e+00
9.954786887988992250e-01 2.072966120120563749e-01 2.672657735731564177e+00
9.995448540508435897e-01 1.873287319477435764e-01 3.105276364948081902e+00
4.076805817656910524e-01 7.001044442579200666e-01 -2.270796273460316428e+00
5.075323639503200868e-01 6.884096615105398387e-01 -2.392303117334776630e+00
3.469194766909646649e-02 2.285710704166300233e-01 3.440947247362354577e+00
1.557419704575031122e-02 2.256491647480253840e-02 -3.070083423670183498e-01
4.667098309376902510e-01 5.921445980835871037e-01 -2.978138937832747857e+00
9.866551114611736839e-01 1.846952052001324396e-01 2.910768030929670847e+00
3.930786144932778559e-01 8.937907483969733669e-01 2.954354053788383005e+00
7.226041202188723256e-01 4.052360074698618253e-01 -2.549696426986811093e-01
2.389219619430615893e-03 1.016245097931084834e-01 8.655382176429287089e-01
9.614780102760465130e-01 1.475123335534151980e-01 1.234794420739371068e+00
9.763246247353312146e-01 1.825306947361103049e-01 2.664946943142344704e+00
1.220090507179825701e-01 7.200119548732632213e-02 2.894777832806657347e+00
3.173633622072708632e-02 1.106833132131255920e-01 2.871720995574590152e+00
3.417372432809919758e-01 7.402857894689537366e-01 -2.243065464360020744e+00
8.049382659368864434e-01 1.362073656639269659e-01 2.121033549833696075e+00
4.778360984944278744e-01 6.845378418158878375e-01 -2.338960399731587980e+00
5.730815416581336308e-01 6.689037069072940600e-01 -2.375155671597327434e+00
4.778056892353840235e-01 6.966059549792439354e-01 -3.008794989621512261e+00
7.477363930554163651e-02 1.196204760778478982e-01 2.583797899790988950e+00
2.071105260656646782e-02 9.458838171955684659e-01 5.001467771305685872e+00
2.613744817704485857e-02 9.985582681684952444e-01 5.985416245998571583e+00
3.962193034498758815e-01 6.042218002677534061e-01 -2.290285662004781120e+00
6.198464783057647809e-01 1.231641376786953013e-01 5.097780056654050540e+00
3.543894303208818819e-01 7.174270750060602886e-01 -2.338175618158839342e+00
3.111204452042740098e-01 6.735416697583803680e-01 -2.422129095338777294e+00
4.931358933130458033e-01 6.996438257532513472e-01 -2.902239077636558306e+00
1.393391190555324545e-02 9.407808627959400871e-01 -2.618048378598822445e+00
3.844785248373762121e-01 7.197076505226892573e-01 -2.231513652991933938e+00
9.932778581276308083e-01 2.071630636096315758e-01 2.582056987933098569e+00
4.905701107686797902e-01 5.789797353716351624e-01 -3.037639656609599559e+00
4.967436434283743485e-01 5.773933061853506743e-01 -2.636178323339489094e+00
2.145153179785182565e-02 9.557057162121209704e-01 5.197986277119432508e+00
1.690247467758238323e-02 1.852320235449059216e-02 4.716314084071659973e-01
7.350861435760004392e-01 3.319389016139553950e-01 7.494246772424454361e-01
7.387071338664553261e-03 1.723732213103897626e-01 3.117244772026026567e+00
2.214893750018106511e-01 7.818407203022045837e-02 -3.246098351139322435e+00
1.832128404138775590e-01 7.332183256981748831e-02 -2.651117895967711746e+00
5.423428890393731105e-01 2.338150859274231164e-01 -6.382705636420072937e-01
1.747097350920373549e-01 6.289766078467938504e-02 3.230497535849085722e+00
4.698553169244946148e-01 9.154806785467773933e-01 -3.519717768770604494e+00
7.127945810669847337e-02 5.887932801566887475e-01 3.289488744132313514e+00
8.214428840120994169e-01 2.280989938374935327e-02 2.086666334084331886e+00
4.799329264298993758e-01 8.997357625995607844e-01 -2.538222405533725023e+00
