9.883710585490347311e-01 1.558241942216303522e-01 3.030093723303792230e-01
9.735720549959601122e-01 1.306002197859716107e-01 2.999536979486637112e+00
5.479662713609917413e-01 5.174245253700178182e-01 -2.805341515245170392e+00
9.874185195970085482e-01 2.132155369513416554e-01 2.508187873295887549e+00
9.907155666633620239e-01 1.920238021526775030e-01 2.652860304265035829e+00
4.012528174717401863e-01 6.924439060143362523e-01 -2.268913432848034262e+00
5.017176201287981696e-01 6.802740143764716141e-01 -2.191336095694114139e+00
3.000508706504990963e-02 2.374047184557040446e-01 2.058599091076405596e+00
6.011268132618662746e-04 2.346334165976140737e-02 3.081661771971234032e+00
4.569370916146411332e-01 5.900247947616420463e-01 -2.927991753658735430e+00
9.796550690595350330e-01 1.918365920665094093e-01 2.346199760839935422e+00
3.783435994199261798e-01 8.909837338284150032e-01 3.329836754697159229e+00
7.324938591516332309e-01 4.067169071429773686e-01 1.486366645115022034e-01
9.882940780821585225e-01 9.649352693947624293e-02 3.490706797066268852e+00
9.698865116970608602e-01 1.599339720867488379e-01 9.757262810514275575e-01
9.693258681517785691e-01 1.896733417443404179e-01 2.346019725131003320e+00
1.082905407250759205e-01 7.806770054168177264e-02 2.725233140199714299e+00
1.875209002354143867e-02 1.181939290794091213e-01 2.617176475255457824e+00
3.356709979733605298e-01 7.323359046982391707e-01 -2.222604069482013500e+00
8.000907197708891916e-01 1.504024808860209839e-01 1.899873380681241120e+00
4.697959752629640717e-01 6.785917154782730165e-01 -2.504808882192352648e+00
5.643153089265611211e-01 6.640919334612654934e-01 -2.639595390348139947e+00
4.680140205048575752e-01 6.945753827762355392e-01 -2.937113471011977062e+00
6.001774225473967272e-02 1.223155646155649479e-01 2.960939059888723524e+00
1.321163278608722923e-02 9.328931011892737102e-01 4.188834866450927841e+00
1.598775536611021439e-02 9.875136434196112312e-01 3.969190837266365790e+00
3.872294271210282579e-01 5.998420601393867901e-01 -2.688248852491185392e+00
6.268798357943039523e-01 1.099152931087560015e-01 5.200423190819971175e+00
3.481840801832521981e-01 7.095852876033427181e-01 -2.240221105947517000e+00
3.042304701733947736e-01 6.662940326210878839e-01 -2.330901263317739502e+00
4.871997234304374369e-01 6.915963486874366906e-01 -2.206342318343108122e+00
6.197194058073254158e-03 9.344449968765503600e-01 -2.455412386517932255e+00
3.750769899600367996e-01 7.163001379474855934e-01 -2.793876792008467280e+00
9.832830788738126104e-01 2.074861544133467517e-01 3.109277949460248713e+00
4.840276776167484751e-01 5.714168940766911620e-01 -2.283977983934886602e+00
4.896369053860324949e-01 5.703580894582319649e-01 -2.361251832450044219e+00
2.671016628428945008e-02 9.416576998632534279e-01 5.070574654349762511e+00
6.435847047338362145e-03 7.778449865493348644e-03 3.940102124212963908e+00
7.381152707698773741e-01 3.414690846365061594e-01 1.263048841073015183e+00
9.976855514510045708e-01 1.838135233985926376e-01 2.274135448886562383e+00
2.065372715714529628e-01 7.938182117252257086e-02 -3.221527694852200696e+00
1.712753989704862423e-01 8.240464555840223970e-02 2.491172454600572905e+00
5.419800892525687974e-01 2.188194740254467696e-01 -1.594985338044574430e+00
1.600413696660834828e-01 5.976093387105090027e-02 3.352262647304958154e+00
4.549497774346129009e-01 9.137999368903718667e-01 -3.029307410253174737e+00
5.884252785602510361e-02 5.804074131210218424e-01 3.734841646859242026e+00
8.212910677124909409e-01 3.780913109111266879e-02 1.580917586238035355e+00
4.650198574491351544e-01 9.013483299857397713e-01 -3.249305305854099490e+00
