9.773274633011801438e-01 1.659750071940755967e-01 2.398293084325786584e+00
9.805169769456426598e-01 1.438956347517715562e-01 1.089425343226888998e+00
5.403156301314155918e-01 5.109849843323110985e-01 -2.441937228238120650e+00
9.790883817783422316e-01 2.187480593346697033e-01 2.555329271430908822e+00
9.845031057490002402e-01 1.998599574208895224e-01 2.241128211732223541e+00
3.928890937367422453e-01 6.869622889824166245e-01 -2.561427943504395621e+00
4.970595330744962403e-01 6.714251599311468199e-01 -2.055344628154805342e+00
2.029341339911820696e-02 2.397887055795049904e-01 2.900875964777347882e+00
9.859531096151453733e-01 2.023292494303826489e-02 3.358654260167905026e+00
4.512930385786816934e-01 5.817698165468144778e-01 -2.170508993388351460e+00
9.702694794504139741e-01 1.952877813816815966e-01 2.789227154293842492e+00
3.635509591258790918e-01 8.934692505012488128e-01 2.975123745141438292e+00
7.407858885575300256e-01 4.123063837134392506e-01 5.931161545418329739e-01
9.744502347245838081e-01 1.022682997567336133e-01 2.746401241473110932e+00
9.760893859599839573e-01 1.735913638903973655e-01 1.144474176802353194e+00
9.594698547897163587e-01 1.913641996942734569e-01 2.971690619046695403e+00
9.773857868770706447e-02 8.872866190367564854e-02 2.351056190142892355e+00
3.870073566608381657e-03 1.163162746448622165e-01 3.267098847999246658e+00
3.257072601803593925e-01 7.314850644122155021e-01 -3.056405631091911879e+00
7.908537389238774473e-01 1.622210334552630639e-01 2.234195624374366584e+00
4.605953866782125927e-01 6.746739138377939593e-01 -2.739027018940292102e+00
5.565777266878829677e-01 6.577571231957807241e-01 -2.455548826149763553e+00
4.611714767955599203e-01 6.872829486430841461e-01 -2.324377065126999931e+00
4.504473603748278265e-02 1.214160731937123372e-01 3.201594745665259811e+00
3.434271245684281104e-03 9.215175483979475279e-01 4.002401729278510345e+00
8.195591943458039458e-03 9.746963820430658565e-01 4.166149551493640857e+00
3.778477701623914053e-01 5.963801946436662060e-01 -2.788089408342862896e+00
6.404223583073975767e-01 1.034654803996649941e-01 5.838706360128534278e+00
3.446103542223636351e-01 7.002456686198685887e-01 -1.936249519722690771e+00
2.995788458545396993e-01 6.574417791680829959e-01 -2.054614421300315907e+00
4.774488197288985769e-01 6.893782691119219042e-01 -2.917924429296021582e+00
9.658705808398773338e-03 9.198498628791401677e-01 4.945255328497276892e+00
3.675568727732634877e-01 7.097086405836693368e-01 -2.421905105860215013e+00
9.779691632409188706e-01 2.159574176394829792e-01 2.131038734275770175e+00
4.769318226071713185e-01 5.643707006587485031e-01 -2.359706102230455738e+00
4.802246746359279950e-01 5.669802332879980700e-01 -2.797029417696901277e+00
2.275112781008280932e-02 9.271895965196996769e-01 4.445288446577636776e+00
9.918588905981305937e-01 1.131572857629616069e-02 2.903531834395299605e+00
7.365654615247771986e-01 3.513482592631539947e-01 1.726404471320685641e+00
9.925689878656528409e-01 1.924054252297969503e-01 2.107907826551609798e+00
1.925246500683979456e-01 8.473405795840192878e-02 2.776735573738142282e+00
1.578926297149808866e-01 8.917970917831757882e-02 2.672955372824132425e+00
5.445404845253755122e-01 2.040396101543893448e-01 -1.399263360224511032e+00
1.450941421504398920e-01 5.850379839880181371e-02 3.225500108279165890e+00
4.406635812423093657e-01 9.092277822172432078e-01 -2.831853396823235336e+00
5.219623836397476596e-02 5.669602262037568563e-01 4.253350905686495764e+00
8.259265644210100898e-01 5.207490027000058475e-02 1.256620112316241045e+00
4.501802192261805668e-01 8.991608342916126428e-01 -2.995237684805232892e+00
