9.898257669618975019e-01 1.742691259299328499e-01 5.858900981337040736e-01
9.877524275305451518e-01 1.570352030412335287e-01 1.067445610089790664e+00
5.361354169234148204e-01 5.019006121726263814e-01 -2.002062439196962362e+00
9.703768006772492960e-01 2.236580852734076641e-01 2.628352398669453915e+00
9.812193261464502436e-01 2.093054214921713785e-01 1.905382119725102630e+00
3.829992255989423389e-01 6.854822524230944625e-01 -2.993043262176264374e+00
4.886762631555522929e-01 6.659734826235532701e-01 -2.565003473900834940e+00
1.484587931316989906e-02 2.481746683973590772e-01 2.146891360851085562e+00
9.526301834306138971e-04 2.035285292803652030e-02 6.291180591361714036e+00
4.413540707587448875e-01 5.806666761775682861e-01 -3.031053643807046338e+00
9.630847663810718773e-01 2.022433473623351519e-01 2.372398345307106471e+00
3.493379751589916205e-01 8.886743483378047870e-01 3.466963444558543550e+00
7.481639700525319903e-01 4.190564884128576417e-01 7.409788927129535852e-01
9.891953654939462659e-01 9.951491663874963145e-02 -1.846056257963006875e-01
9.867604220975827456e-01 1.841331373536273797e-01 7.793046247807403626e-01
9.635838795396993728e-01 2.057889977988060504e-01 1.292967566918753475e+00
8.434519961304527691e-02 9.548272712118811845e-02 2.674523813351072032e+00
9.894058477733396195e-01 1.202894562668545275e-01 2.873514448984634928e+00
3.177403733462015878e-01 7.254411654908466955e-01 -2.492592813426532494e+00
7.841727870268818679e-01 1.756510327758152024e-01 2.032413718049632223e+00
4.507775041290604801e-01 6.727741290470731217e-01 -2.950452427236994524e+00
5.493391900627173641e-01 6.508575878834472750e-01 -2.380167799161369668e+00
4.576034785054121090e-01 6.779411400279656830e-01 -1.935636325625925025e+00
3.322674684248083654e-02 1.306537748227333262e-01 2.478132367223027099e+00
6.090722567420975460e-03 9.067546467056906145e-01 4.890424771494810585e+00
3.813547114518567836e-03 9.603507317225971063e-01 4.415929136134383981e+00
3.693352671536707099e-01 5.911325959045740097e-01 -2.589159651378186044e+00
6.495563084098632256e-01 9.156712103689287896e-02 5.367099954904441361e+00
3.346927151491008168e-01 6.989648738617239010e-01 -3.013160390454800552e+00
2.895895195136496403e-01 6.569798708923395569e-01 -3.095385384824139052e+00
4.728343329939148632e-01 6.805066000371277068e-01 -2.050423754199036441e+00
1.175076067325174500e-02 9.049964691106290315e-01 4.852315471227059973e+00
3.583567774502436354e-01 7.057896807666581562e-01 -2.738901134865937781e+00
9.814025768879489631e-01 2.253495244706677503e-01 1.220324101563624364e+00
4.669396456712526788e-01 5.639752261573007797e-01 -3.102034887475622948e+00
4.729161218614124085e-01 5.601549086552702894e-01 -2.390370532342436238e+00
2.723473242043389711e-02 9.128753627051345854e-01 5.015936037956050697e+00
9.780109894117215985e-01 1.708076393884630853e-02 2.747104516363605420e+00
7.385672245652508128e-01 3.611458581899213982e-01 1.369258463134044090e+00
9.794653173942389213e-01 1.997056868810390129e-01 2.633302688709698636e+00
1.811355890800031287e-01 9.449568127640715909e-02 2.432988094062974227e+00
1.429994536264669880e-01 8.739272680668719318e-02 3.261008423394872402e+00
5.473643645437369365e-01 1.893078179469931677e-01 -1.381407517487501346e+00
1.301005601977494319e-01 5.894254687795043995e-02 3.112338582549482702e+00
4.302687411574197540e-01 8.984135647416432446e-01 -2.336423562386042985e+00
4.083557964295837089e-02 5.571655626860757549e-01 3.853101879799779361e+00
8.301833053779010818e-01 6.645822938484483022e-02 1.283059596275119230e+00
4.358961385505863984e-01 8.945820747157976482e-01 -2.831391035005803580e+00
