9.778748753828171436e-01 1.833342343388304485e-01 2.492654732700835929e+00
9.728063707962105733e-01 1.583061822283373110e-01 3.056758989939954763e+00
5.311132530917335171e-01 4.932531923003319330e-01 -2.096956257598798778e+00
9.643974307617046993e-01 2.316735163543340026e-01 2.211721161126301904e+00
9.735876665244442840e-01 2.157674468259071776e-01 2.438994702760554301e+00
3.772971193541032608e-01 6.772672670687212015e-01 -2.177558549778275232e+00
4.786791938336145136e-01 6.662155672624106018e-01 -3.165803482659927948e+00
1.300945959747807842e-02 2.580046003720890546e-01 1.755486486625691622e+00
9.860879643515690907e-01 2.236325331280757112e-02 3.007161425607578487e+00
4.327277181578803589e-01 5.756084115734221296e-01 -2.611252892356692001e+00
9.751014707337973819e-01 2.112210317240839630e-01 6.416427662412574895e-01
3.348455060141914963e-01 8.848054546862532677e-01 3.402467859388351279e+00
7.562741371523669098e-01 4.249067182897732220e-01 6.249084017599944030e-01
9.773689198849557780e-01 1.087417895791119166e-01 2.479048328039294979e+00
9.750160969854066995e-01 1.934643123953630750e-01 2.470198263539524319e+00
9.754851765316240320e-01 2.149191199179238676e-01 6.543892906048391911e-01
7.893744353952912574e-02 1.094740163487521456e-01 1.939618511051505401e+00
9.744617891899457485e-01 1.189951946796579535e-01 3.227984183118469907e+00
3.105508239718411945e-01 7.184905986223363294e-01 -2.373093909613267272e+00
7.846151828908033421e-01 1.906445075531836841e-01 1.541298991816566266e+00
4.436315432986658869e-01 6.657787560183872078e-01 -2.366842856998751188e+00
5.408237378469210599e-01 6.456147762751124342e-01 -2.589721918610873974e+00
4.484391323466261348e-01 6.739392955179996925e-01 -2.729874546145132364e+00
2.202902451559801689e-02 1.406343066066629843e-01 2.413604934536328628e+00
7.126288997404639503e-03 8.917904359958305216e-01 4.781481701783718563e+00
5.550085414448392013e-03 9.454515896421659127e-01 4.828418372318221685e+00
3.628401616389426154e-01 5.835290701202717756e-01 -2.277736873808451801e+00
6.643697195493362129e-01 8.920855146765423183e-02 6.125292099944008584e+00
3.284308106363703628e-01 6.911681725160619960e-01 -2.247453790572283783e+00
2.829132062419619231e-01 6.495349504026172172e-01 -2.301818961221573367e+00
4.643111569207170608e-01 6.752763543808254498e-01 -2.591196914078958802e+00
6.049818745410326555e-03 8.911220588119755925e-01 4.322524795280611620e+00
3.500969633766770617e-01 7.001527071575207595e-01 -2.542737330675241214e+00
9.754122439410880530e-01 2.333567656426166204e-01 2.213089600726438899e+00
4.572998466631433279e-01 5.613154752134614789e-01 -2.872377342427376856e+00
4.632817617237940389e-01 5.574755235133634912e-01 -2.870339983378144666e+00
1.848880538999447820e-02 9.006889456608090372e-01 4.089896657144913128e+00
9.917316266991471618e-01 1.101907173064996075e-02 5.867176595223719815e+00
7.399722545908657967e-01 3.710466607143191320e-01 1.429826888163940435e+00
9.655874636371710729e-01 1.940131325249140060e-01 3.530852378355486376e+00
1.674858103341586302e-01 1.007152906041295509e-01 2.714044813614187923e+00
1.282779403891205205e-01 9.026971272994659123e-02 2.948597739870890244e+00
5.583385769754577455e-01 1.790820337959627695e-01 -7.501095923085152606e-01
1.207916967818907228e-01 7.070456464298069399e-02 2.240292368021351344e+00
4.155421055265114960e-01 8.955629151675176258e-01 -2.950386398453817893e+00
2.704119523568500674e-02 5.512736225281673619e-01 3.545262658454959137e+00
8.209649080419282319e-01 7.829128269141485963e-02 2.232624187127169257e+00
4.240629356014598561e-01 8.853638694693962696e-01 -2.479781026460558202e+00
