9.647640304071493089e-01 1.906216031386103460e-01 2.634286330802845910e+00
9.580624159045418864e-01 1.610658550626489771e-01 2.956560448529244933e+00
5.240830631312561882e-01 4.861414815975822479e-01 -2.350430071301722990e+00
9.627763747349421530e-01 2.415412505095540785e-01 1.733620433403338712e+00
9.595571302257360768e-01 2.104623501094814997e-01 3.503087770756235564e+00
3.736968676757863039e-01 6.679378411564382834e-01 -1.939091196918989013e+00
4.701020235652429990e-01 6.610743465720138046e-01 -2.601608885844410857e+00
4.511403203641647583e-03 2.632755620990583911e-01 2.586412772497348023e+00
9.719651076946964618e-01 1.730905507278688790e-02 3.485264566645331907e+00
4.261187783637385151e-01 5.681036187849829444e-01 -2.292805675123442022e+00
9.633849259855606917e-01 2.205870649912983206e-01 2.467226660181679243e+00
3.234799084644080502e-01 8.750165225516250977e-01 3.852597495543689021e+00
7.567697595717247649e-01 4.348944286588933839e-01 1.521213771484371868e+00
9.624405129804916026e-01 1.072780043166003672e-01 3.239333889462740146e+00
9.601695556506160134e-01 1.913241697846125855e-01 3.284757380725198406e+00
9.610148205922214304e-01 2.109683226582565463e-01 3.408123619111545821e+00
6.597870844547852609e-02 1.170285636391078937e-01 2.613789710905803254e+00
9.614889591741281327e-01 1.265255121617234746e-01 2.615658460527065188e+00
3.006778757012442682e-01 7.169016076072208810e-01 -2.982017166533144525e+00
7.783457728645316598e-01 2.042714843977550543e-01 2.001995674593662233e+00
4.352581710577726470e-01 6.603118887879307897e-01 -2.563190471205275323e+00
5.347397411107429610e-01 6.376784683353854399e-01 -2.224838893329614375e+00
4.417113569909961734e-01 6.665408471155184200e-01 -2.308752950145996241e+00
7.066355602440899109e-03 1.395766965673566340e-01 3.212158539288860304e+00
7.398710870985200812e-03 8.817941473684051124e-01 -1.543550768739537560e+00
4.456497420602997112e-04 9.313468125625218308e-01 4.365157620597243771e+00
3.571209241030937065e-01 5.753260022789982164e-01 -2.179645433599195492e+00
6.776877048229313916e-01 8.230701046203078852e-02 5.805074403514741910e+00
3.239677257177920877e-01 6.822193808093811596e-01 -2.033432254862438171e+00
2.733494861396166264e-01 6.466134340490782284e-01 -2.845116797382852170e+00
4.601754758268108980e-01 6.661716225402105618e-01 -1.997165878583799348e+00
8.916404579625503146e-03 8.815417307562628535e-01 -1.280059107277837338e+00
3.499836062099870859e-01 6.851531354918777295e-01 4.704831764004877570e+00
9.654352778042127881e-01 2.326784245015647845e-01 3.209478898452365669e+00
4.528130627399737373e-01 5.523785422928904065e-01 -2.036082300216023100e+00
4.593240944026845685e-01 5.482920127807829891e-01 -1.977698928674089141e+00
1.084323145507166269e-02 8.877837064454504601e-01 4.177547191493318657e+00
9.770479809716601238e-01 1.408347185949269595e-02 2.935850883567503455e+00
7.418939560207817863e-01 3.808602769496453599e-01 1.377423297910770339e+00
9.738230178975706419e-01 2.065501036911891464e-01 9.895847767527778949e-01
1.535783047478368468e-01 1.063350137615838437e-01 2.757575332276230196e+00
1.149756358530757139e-01 9.720142925836303127e-02 2.661214643887849007e+00
5.727526654036493303e-01 1.749306418867023483e-01 -2.804202010070786510e-01
1.085422879291598752e-01 7.936204596023682667e-02 2.526339318491515051e+00
4.005987764841589249e-01 8.968655728861769649e-01 -3.228546034247585794e+00
1.211251905205258141e-02 5.527346589425821133e-01 3.044035551450265054e+00
8.239556085966492915e-01 9.299011632514210535e-02 1.370071112295806470e+00
4.104141274758441593e-01 8.915856085148824439e-01 -3.569296524921119484e+00
