9.755358843458130647e-01 2.010603369087614334e-01 7.696940825798134211e-01
9.729948387760053441e-01 1.624880882319276465e-01 9.495818753001489254e-02
5.170228803705105847e-01 4.790595454650779517e-01 -2.354656293917346765e+00
9.540929155987175614e-01 2.465008409593310024e-01 2.622653719479415724e+00
9.650359241667955112e-01 2.244259748878622840e-01 1.196891836463576109e+00
3.704157846270352272e-01 6.584914400413469648e-01 -1.905096647247503272e+00
4.604644569575290225e-01 6.584065178890065040e-01 -2.871539288218498243e+00
9.918257057703815383e-01 2.712801283353874493e-01 2.578696498365967038e+00
9.584433844275511705e-01 2.380235930766929145e-02 2.693899762303411549e+00
4.189190229751126315e-01 5.611636243798012735e-01 -2.374563398459375474e+00
9.770035855735549335e-01 2.268745216334017989e-01 4.325240819988481200e-01
3.084816660568113766e-01 8.752461411113474643e-01 3.126284151690153390e+00
7.622674788306522675e-01 4.432475767450952397e-01 9.887051531701356311e-01
9.767995045151821598e-01 1.116161331882091490e-01 2.933999960704850030e-01
9.746538862776843448e-01 1.952234218008037370e-01 2.629705616536719415e-01
9.702824195778879668e-01 2.227628811086977134e-01 9.048037138772151433e-01
5.766399478820233293e-02 1.295131756393866629e-01 2.158335144960575214e+00
9.739163849832258579e-01 1.349254578615105837e-01 5.943814306092105593e-01
2.952217632588313712e-01 7.085212235458697716e-01 -2.147914643475243412e+00
7.699405626340234399e-01 2.166953501802303117e-01 2.165601440062448368e+00
4.275221243925610981e-01 6.539752033772709972e-01 -2.455306459581779954e+00
5.335542935412397325e-01 6.277489812358441057e-01 -1.689620503166141319e+00
4.333946279978503346e-01 6.609881883960788684e-01 -2.552910038248099589e+00
9.933801890228818321e-01 1.457158206381473364e-01 2.719933399020814768e+00
9.991172842045752400e-01 8.761889736539806295e-01 -2.546582248482432309e+00
9.952619746482804786e-01 9.172709640082737925e-01 4.359533954636940933e+00
3.487486133742775385e-01 5.698575095195489437e-01 -2.562996328154708792e+00
6.867884137332687100e-01 7.038320665077543725e-02 5.364309178071050788e+00
3.212238737182379622e-01 6.726031821735093397e-01 -1.848746632895053921e+00
2.646727023316393645e-01 6.416421743747477979e-01 -2.621309357786608452e+00
4.512268569227220749e-01 6.617081911573634567e-01 -2.678918008830065478e+00
1.610660555703715552e-03 8.747133997554302764e-01 -2.389959103985146882e+00
3.429976301424821905e-01 6.779979878075703681e-01 -2.344231965141637453e+00
9.726870033115245784e-01 2.458090176780592939e-01 1.066206567813766659e+00
4.452784329339432579e-01 5.458036389714659986e-01 -2.424109597995423027e+00
4.495494877485024521e-01 5.461808366261198255e-01 -2.928874448090167615e+00
1.240008640580167812e-03 8.849947798463392301e-01 -2.858951829928208177e+00
9.636110271628031132e-01 2.075042561204282210e-02 2.681017296622416168e+00
7.408807637405430135e-01 3.908088166114884188e-01 1.672289710747669744e+00
9.595590360129164775e-01 2.019091101774834474e-01 3.456154206524877814e+00
1.389206218877929166e-01 1.095212863761563238e-01 2.927543707939414652e+00
1.015874354212285141e-01 1.039657539989920915e-01 2.673757650727076385e+00
5.859980340458541548e-01 1.678907406422176507e-01 -4.885281866677577134e-01
1.047895771643834184e-01 9.388503332220650421e-02 1.823663230823772574e+00
3.857602890874086699e-01 8.990608614267757703e-01 -3.288472779952867242e+00
9.975796739518858480e-01 5.490203066040770796e-01 3.391819233749972184e+00
8.203063493210913659e-01 1.075394430016503589e-01 1.816546421859845273e+00
3.963169819774432501e-01 8.864601340200756185e-01 -2.792869280734255000e+00
