9.605998261888184508e-01 2.024438710539398500e-01 3.049225759698625193e+00
9.586044490324291401e-01 1.667208985310051350e-01 2.855519291813813254e+00
5.112977618383417466e-01 4.708605810309181572e-01 -2.180362539378418063e+00
9.659223450581261305e-01 2.557238881057396496e-01 6.622208715324802153e-01
9.500675334337844724e-01 2.234526923677740695e-01 3.206523770784570182e+00
3.666520054527235839e-01 6.492267778064342298e-01 -1.956679935757778432e+00
4.563097823785259299e-01 6.493104374615594754e-01 -1.999252980843031935e+00
9.928845835229308525e-01 2.812239092010921926e-01 1.464709673602958118e+00
9.703290039880623219e-01 1.465183759233545761e-02 5.627080822327528153e+00
4.150405590786322985e-01 5.519463841310230379e-01 -1.969090265302941845e+00
9.620643077992845349e-01 2.282228463655007755e-01 3.051582847622852146e+00
2.934817803244773593e-01 8.751875918421635481e-01 3.145495948113620432e+00
7.609328772607277802e-01 4.531581185390414768e-01 1.704655883544418327e+00
9.633595457824711827e-01 1.049552391593999712e-01 3.601717086469152562e+00
9.596679036623176895e-01 1.958717466051487777e-01 3.098357531497887063e+00
9.559251205986125655e-01 2.184191539050512887e-01 3.435382556007268828e+00
5.106455067232586187e-02 1.429834145890647168e-01 2.026353732196488622e+00
9.595550724438591805e-01 1.305950188368124598e-01 3.434457150683173587e+00
2.858355655870925549e-01 7.050716883210829122e-01 -2.789403385822182280e+00
7.709543902686655237e-01 2.316610494130505460e-01 1.503156252033330809e+00
4.181654073094168145e-01 6.504464861279017907e-01 -2.780954160655847662e+00
5.272637880004634736e-01 6.199753372999886603e-01 -2.251127568559933678e+00
4.234590947341748124e-01 6.598545311434681482e-01 -3.027982687786265892e+00
9.809380021120224225e-01 1.540938863382501633e-01 2.548970799559875378e+00
9.893794762073835347e-01 8.739140900504022147e-01 -2.912095017061710145e+00
9.904800295338841432e-01 9.084884244596636016e-01 -2.069394115425987835e+00
3.429120487560803898e-01 5.617375025332459471e-01 -2.194020796464354550e+00
6.721598746160700744e-01 6.706570106727027802e-02 3.364603635426903772e+00
3.131520718729281505e-01 6.667001308464367559e-01 -2.510155842001408733e+00
2.561973346505637683e-01 6.363348075445222074e-01 -2.582123119770708630e+00
4.429867847570216344e-01 6.560423981233699520e-01 -2.539244046523929654e+00
9.925545016207916182e-01 8.704724110327841657e-01 -2.703626044168824016e+00
3.382942898444137869e-01 6.691731031034755528e-01 -2.060465575622687950e+00
9.579728157032065816e-01 2.487232385048365191e-01 2.946067826698241632e+00
4.358995427777554998e-01 5.423342846456346011e-01 -2.787291048927527548e+00
4.475071375902205939e-01 5.363916177690829512e-01 -1.776478514476581116e+00
9.912707937463329788e-01 8.842107170986466258e-01 -3.063105821431077125e+00
9.507246503475441646e-01 2.842774888094051766e-02 2.604288877213797981e+00
7.408783220698840211e-01 4.008088163134006510e-01 1.571040493863226084e+00
9.687684992910901016e-01 2.137491180376148159e-01 9.097232532907630898e-01
1.284264123539461955e-01 1.202391017440249399e-01 2.345653414879465881e+00
8.664705117267723633e-02 1.053017624217352510e-01 3.052407241730714649e+00
5.877920522583323093e-01 1.529984104466674266e-01 -1.450908123138948458e+00
9.014616316327919709e-02 9.713625253847979479e-02 2.923110666019624659e+00
3.711961521881009252e-01 8.954711655652546343e-01 -2.899934365106110246e+00
9.830121443369619350e-01 5.454444037924344180e-01 3.382303996670195545e+00
8.212573108286388424e-01 1.225092683917864411e-01 1.507356347770346883e+00
3.821908578446320814e-01 8.814150753500094027e-01 -2.798567813057230236e+00
