9.482977849149691885e-01 2.110263986825880178e-01 2.532445145671436748e+00
9.456033506564273106e-01 1.742023048839259070e-01 2.619424627168777331e+00
5.021397917269091460e-01 4.668441667796106032e-01 -2.728284164442760229e+00
9.510945601295756058e-01 2.579903377770649819e-01 2.989915093058867601e+00
9.648767095076847822e-01 2.258377089321231268e-01 1.596788033344632707e-01
3.638582752041552570e-01 6.396249513500649186e-01 -1.853937399041027501e+00
4.509671969182765805e-01 6.408572262019296417e-01 -2.134426703569143324e+00
9.780026567979662744e-01 2.793455437007741349e-01 3.267146628346541348e+00
9.553468036930578000e-01 1.538236775623490031e-02 3.092871369482953714e+00
4.056885577312991376e-01 5.484051878925353396e-01 -2.779620131570517128e+00
9.474105558244684255e-01 2.250185440919047486e-01 3.356871812421563739e+00
2.785152635476570993e-01 8.761892782048332773e-01 3.074763829909838098e+00
7.595055553208683863e-01 4.630557319927987026e-01 1.714017653137352548e+00
9.483849835075596202e-01 1.058284428439973945e-01 3.083346145144451711e+00
9.462176379400666359e-01 1.892316899788210605e-01 3.600167274317488175e+00
9.666531514286210713e-01 2.289029201419714166e-01 7.738831655818391164e-01
4.134710420264076092e-02 1.544101916547470921e-01 2.275528419046215056e+00
9.452053085900621321e-01 1.262264633157894056e-01 3.437112326226552383e+00
2.801469966499112174e-01 6.968473230904443927e-01 -2.175911610682010888e+00
7.600956074760578662e-01 2.420093263837817810e-01 2.380262288938569615e+00
4.153156232448725893e-01 6.408611467606456502e-01 -1.859780227213184922e+00
5.232736754077316199e-01 6.108058770379382052e-01 -1.981234621923062100e+00
4.160541632870301543e-01 6.531338920173813678e-01 -2.404600165329855876e+00
9.671354101561210337e-01 1.599665735680357304e-01 2.739317941074479457e+00
9.794100713598590247e-01 8.746957338223046996e-01 -3.219836843498492751e+00
9.804835110234326745e-01 9.082245728532597484e-01 -3.115204430534237456e+00
3.409384600880051019e-01 5.519341894315825670e-01 -1.769459390247109631e+00
6.790636685503752545e-01 5.374888353031155586e-02 5.190669055842722202e+00
3.119923141793274346e-01 6.567676104164484885e-01 -1.687033668825393296e+00
2.511670313777224495e-01 6.276921199426681586e-01 -2.097897771764745567e+00
4.390588685848403894e-01 6.468461230870132805e-01 -1.974461554384955075e+00
9.828919403396887411e-01 8.678965792275352698e-01 3.402112799124743070e+00
3.328981465971287412e-01 6.607539797491838174e-01 -2.140775274573308629e+00
9.727952995093629429e-01 2.510241022157571611e-01 1.539988901923653453e-01
4.318369143409997446e-01 5.331967220502340510e-01 -1.989156769104260425e+00
4.416348491116088848e-01 5.282974082323854681e-01 -2.198427275501995570e+00
9.825240492127337300e-01 8.793636086756844161e-01 3.647625202031718139e+00
9.372267408407681799e-01 2.188508589505417518e-02 3.592939087950722588e+00
7.336025473402794095e-01 4.076690715625912453e-01 2.385580383511626046e+00
9.540869378003954404e-01 2.106747478265063034e-01 3.348013464070310530e+00
1.141526820096920025e-01 1.248500259528487061e-01 2.829138438027298807e+00
7.440498978560038112e-02 1.139696302676960898e-01 2.525491143352960322e+00
6.006664472403036026e-01 1.453010112853796998e-01 -5.388624166592723697e-01
8.198679117313181774e-02 1.097229379133669580e-01 2.145943310826475603e+00
3.562333091575501931e-01 8.944160217631600407e-01 -3.071191592954423122e+00
9.692285844136763195e-01 5.395271852024891013e-01 3.547095893351252638e+00
8.362435888861189381e-01 1.231507276530743600e-01 4.277699562543867823e-02
3.686741652922321810e-01 8.749113054860077066e-01 -2.693125631994409019e+00
