9.621431594808522725e-01 2.167974993688002450e-01 3.949261730598204179e-01
9.596760048465124981e-01 1.793946457862818922e-01 3.534707464758509166e-01
5.013244634987642501e-01 4.568774602082105174e-01 -1.652419753855749240e+00
9.654017325965761342e-01 2.624964243274434672e-01 3.051180450471304706e-01
9.501328152555655882e-01 2.285977057223980424e-01 2.956538476362901235e+00
3.626438123597571783e-01 6.296989712977185683e-01 -1.692543149510258527e+00
4.521115343461988845e-01 6.309229173758936771e-01 -1.456111347487507590e+00
9.666905769875664411e-01 2.891962721186701057e-01 2.425137859303460708e+00
9.410740530336064724e-01 1.076841190326761552e-02 3.454259269702234736e+00
3.984678871604517281e-01 5.414869571572029638e-01 -2.377581846511642727e+00
9.586658419187304991e-01 2.349341144202475029e-01 7.222012985336434543e-01
2.639247167648681724e-01 8.727084816610451989e-01 3.375780525829307877e+00
7.586626328625025728e-01 4.730201427495460687e-01 1.655188711775756216e+00
9.633689418047115538e-01 1.065219799729337086e-01 6.329437605076049245e+00
9.576288059338304848e-01 1.989674613924327928e-01 7.063368723614572575e-01
9.549115794270919277e-01 2.382375592315616741e-01 2.469903273928296006e+00
3.800886173430070153e-02 1.690340125379010960e-01 1.795225100657060535e+00
9.580594602898326873e-01 1.339576200260938210e-01 5.414865469735786752e-01
2.698418479742363263e-01 6.859476024163979613e-01 3.955022880889927261e+00
7.490814407720969292e-01 2.521920633349830076e-01 2.395398506305048691e+00
4.170126105010414919e-01 6.310061868798343410e-01 -1.400272374098616712e+00
5.256531326282170014e-01 6.010930925074402520e-01 -1.330546050294972860e+00
4.083221322022094202e-01 6.467923074123030913e-01 -2.454673000876208544e+00
9.525207561530553146e-01 1.565884249077967305e-01 3.368751129823567503e+00
9.711746735212788417e-01 8.690231486585272558e-01 -2.538419532334359019e+00
9.737705549962621943e-01 9.008126755673230290e-01 -2.306751737773842237e+00
3.356506142942144999e-01 5.434466287183333799e-01 -2.127964250023680393e+00
6.913414598202376471e-01 4.513170060700699704e-02 5.671217985771309422e+00
3.131951423322662520e-01 6.468402137569764232e-01 -1.450221565668475376e+00
2.467229011464606159e-01 6.187338998913641808e-01 -2.031315242767574247e+00
4.308380672048565674e-01 6.411524050863693924e-01 -2.535851159775322827e+00
9.749384981371688186e-01 8.618349988122331329e-01 -2.490371567041147483e+00
3.322151114925099846e-01 6.507773338676333674e-01 -1.639153059253997569e+00
9.580952181174292592e-01 2.540086636693925093e-01 2.941285080421418563e+00
4.250018634003530638e-01 5.258972646293865738e-01 -2.323350088197421393e+00
4.397368126352925732e-01 5.184791875415182272e-01 -1.761758481727053960e+00
9.747662365148709318e-01 8.730535894883223458e-01 -2.458748622872835909e+00
9.436172020525168680e-01 8.314455640672648723e-03 5.152489874979032436e+00
7.242892829241533992e-01 4.113109262982062586e-01 2.768834587703319805e+00
9.651398943280286025e-01 2.208153667424428979e-01 7.423768863142882202e-01
1.007801027376357406e-01 1.316451803743884374e-01 2.671453557377583277e+00
6.125934415936717253e-02 1.211940334312450185e-01 2.639082517504534486e+00
6.049804954424138348e-01 1.309347665391048521e-01 -1.279072951492436827e+00
7.341882280704584152e-02 1.220351236688593660e-01 2.178760839135379879e+00
3.412347677968778359e-01 8.942068398992201184e-01 -3.127646743945263541e+00
9.605333645575059309e-01 5.273045360766710488e-01 4.094051433159085818e+00
8.504944488374243106e-01 1.278318589958462315e-01 3.173767747615148238e-01
3.542140212032927615e-01 8.709232943366864710e-01 -2.872489048874625528e+00
