9.479385649513384360e-01 2.119778008043560757e-01 3.468708589361090944e+00
9.461048891317972442e-01 1.857840759844927858e-01 2.701567731524152638e+00
5.023340402901652624e-01 4.469285529967493287e-01 -1.469666355175468064e+00
9.509375849215720988e-01 2.585229583296432820e-01 3.409690518879170185e+00
9.644614245848864842e-01 2.330351548418470586e-01 3.003242314908421973e-01
3.604922659508932314e-01 6.199331713790993126e-01 -1.787646503306788759e+00
4.455714042761599325e-01 6.233580843528209181e-01 -2.283673498020378112e+00
9.529474058724840546e-01 2.831858438725660676e-01 3.553868168619496615e+00
9.554482582111307742e-01 6.480962135114964190e-03 5.993312872028327298e+00
3.917538200992009001e-01 5.340760662865298158e-01 -2.306901646693349406e+00
9.658156256366442483e-01 2.481204934830174014e-01 1.073953756859746811e+00
2.490494794518284261e-01 8.746391071764545444e-01 3.012526249940547629e+00
7.492826652202512205e-01 4.764865828586951069e-01 2.787601751923435067e+00
9.505303726665864650e-01 1.142789859988164736e-01 2.598093917481426818e+00
9.689017992472059859e-01 2.088628957819172183e-01 7.204136845634997455e-01
9.574507158462781664e-01 2.530210901441942162e-01 1.400701547557985815e+00
2.716301816389299351e-02 1.793958500798743250e-01 2.379012733267743318e+00
9.430602076707781389e-01 1.338078840257905799e-01 3.151575219405659212e+00
2.630391334106516044e-01 6.786179997964469912e-01 -2.318929254007501051e+00
7.354127345927764514e-01 2.583699651943043296e-01 2.717098235947875917e+00
4.083890256882331538e-01 6.259432050532521830e-01 -2.610705966045559823e+00
5.193934296025309871e-01 5.932946235532019497e-01 -2.247171461237300161e+00
3.993701462673628910e-01 6.423356328872440457e-01 -2.679672939462625081e+00
9.673796053353481694e-01 1.545354755713845563e-01 -1.372942085252351063e-01
9.712831104214593170e-01 8.590237366038773192e-01 -1.559952424255284242e+00
9.734618986282503883e-01 8.908174401400563713e-01 -1.601666866582898141e+00
3.303798480036522212e-01 5.349484511072056803e-01 -2.125953210274220240e+00
6.960170582458072852e-01 3.087902438943963129e-02 5.029377528429355593e+00
3.046648056639997271e-01 6.416216549208582087e-01 -2.592567519482280591e+00
2.412460714713371979e-01 6.103670404620629153e-01 -2.150388748799410443e+00
4.220984736460359210e-01 6.362924149190315459e-01 -2.634086755841995142e+00
9.746091107880389126e-01 8.518404250857436466e-01 -1.603741020820825813e+00
3.282746138432889871e-01 6.415864428185302781e-01 -1.975830060550362477e+00
9.707152576621739248e-01 2.621163514957139395e-01 5.710461663679662347e-01
4.242866658869552388e-01 5.159228727924458635e-01 -1.642377190386639096e+00
4.310020643464022028e-01 5.136104944592089216e-01 -2.633090676638811800e+00
9.794106938576953025e-01 8.641975736803709784e-01 -1.087787681878680690e+00
9.514845334683352807e-01 9.955431950766688853e-01 5.264503526027402458e+00
7.144067683230593824e-01 4.097825594707845132e-01 3.295030699292923693e+00
9.519334360533469042e-01 2.137027399534786043e-01 3.635619542594105802e+00
8.617017501186705064e-02 1.350437112110611237e-01 2.913039312353802313e+00
4.824104218696816104e-02 1.286454637473274376e-01 2.621728755870826877e+00
6.103224969216558549e-01 1.169182398582264693e-01 -1.206669579960517380e+00
6.045101811683375320e-02 1.295740918685875931e-01 2.614991497868668358e+00
3.278532125495117189e-01 8.874293787844893533e-01 -2.672776216813018024e+00
9.463651098843997023e-01 5.223790351358524875e-01 3.476166556321913070e+00
8.653464425866248533e-01 1.257298880936434382e-01 -1.405941163345862943e-01
3.393111498629802214e-01 8.692190567317465977e-01 3.255454360952091619e+00
