9.576119098282154241e-01 2.234419361355966527e-01 8.699174263673390417e-01
9.608633372316663923e-01 1.884651596615660174e-01 1.797045731809661095e-01
4.997854660871297594e-01 4.372587665703787096e-01 -1.828496578485233615e+00
9.515079477846559719e-01 2.735121106140259717e-01 1.532762967145658628e+00
9.495487073626589503e-01 2.346509719880235656e-01 3.033662085193285396e+00
3.518763285008223440e-01 6.148571865626852873e-01 -2.609197457031468659e+00
4.376360293167108062e-01 6.172728707778550872e-01 -2.487396752491493501e+00
9.606004518134105830e-01 2.960866534528237559e-01 1.035375448415317479e+00
9.694124250009316102e-01 1.003549802030740713e-03 5.909379758289500906e+00
3.893890324200441899e-01 5.243596997211665833e-01 -1.809536548792821886e+00
9.538876177677005908e-01 2.572156915720322234e-01 2.490134544175660825e+00
2.341952710761235346e-01 8.725528441222980547e-01 3.281129223320724098e+00
7.401588349861404348e-01 4.805799582212934018e-01 2.719864790506453467e+00
9.629799681728118399e-01 1.059119332482134634e-01 5.691448319375533416e+00
9.544528567314138900e-01 2.128913024365806372e-01 2.869694392675114170e+00
9.430763811630110682e-01 2.573081057043973829e-01 2.851750425743081241e+00
2.376460393580741987e-02 1.940058049303981791e-01 1.799341686576013011e+00
9.573795572006211785e-01 1.293406444931278487e-01 -3.024039889089700783e-01
2.534562707758237776e-01 6.757598983773190904e-01 -2.851740924873295224e+00
7.263056002646401943e-01 2.702888621369447519e-01 2.223255508525866730e+00
4.049900352733320497e-01 6.165385857542369230e-01 -1.917605872322529104e+00
5.101839584579863640e-01 5.893977477227705375e-01 -2.741300319662120177e+00
3.961421961375764522e-01 6.328709438823367783e-01 -1.899477428173545590e+00
9.539662984929545564e-01 1.612498779686047934e-01 2.677482984915362074e+00
9.689429645800314850e-01 8.493014057392724858e-01 -1.807001211780865813e+00
9.790139133716585507e-01 8.825002812327744639e-01 -9.821911408593492210e-01
3.225197542817331287e-01 5.287663053079990627e-01 -2.475123484831470932e+00
7.004314005753696781e-01 1.654327949085017749e-02 5.011100980551723261e+00
3.004825813271776447e-01 6.325382084605936095e-01 -2.002283833834933358e+00
2.400430574156794949e-01 6.004396663287943081e-01 -1.691389814173140493e+00
4.215712433549884675e-01 6.263063231800075625e-01 -1.623543812360998650e+00
9.760883307832789457e-01 8.419504347821243906e-01 -1.422329500591232643e+00
3.277574819299486908e-01 6.315998230408375047e-01 -1.622532594946857865e+00
9.557427675472418560e-01 2.630243932118595529e-01 3.081019504420077659e+00
4.162842865783873414e-01 5.099260465150050603e-01 -2.498488201125723673e+00
4.224121699290052656e-01 5.084905614617983849e-01 -2.604088946642775237e+00
9.811039634577135571e-01 8.543419743550303425e-01 -1.400649598921894112e+00
9.500459368795006743e-01 9.806123397811878917e-01 4.616334903928696498e+00
7.078224434328053150e-01 4.173089573967236898e-01 2.289530501206435531e+00
9.631366856106857721e-01 2.236770669661640454e-01 7.274337456707382632e-01
7.579591653218309411e-02 1.458776745207971126e-01 2.334522100160782987e+00
3.596927175834199047e-02 1.372712188184557758e-01 2.528926977760311168e+00
6.246986136433354542e-01 1.126372040017257631e-01 -2.894262549959183417e-01
5.431289471361164245e-02 1.432607072678313831e-01 1.992382467307077576e+00
3.130799587677109419e-01 8.848311153839641952e-01 -2.967496972152010137e+00
9.316305919877525543e-01 5.195694119665669186e-01 3.330013791823812408e+00
8.802861228475162836e-01 1.270737458622827887e-01 8.971080200428091511e-02
3.245628715772305717e-01 8.719555303029847826e-01 2.958133693807003084e+00
