9.429053533984206314e-01 2.204894460039855952e-01 3.339718997506250897e+00
9.459683648992210925e-01 1.902371075207561768e-01 3.023186312833553213e+00
4.910625326889624387e-01 4.323689370302886692e-01 -2.630669227120829401e+00
9.373776139524758744e-01 2.785453665970994419e-01 2.799403210496001382e+00
9.580302472960829929e-01 2.470228546401397607e-01 9.698345563073227371e-01
3.431007668165182989e-01 6.100624480792041782e-01 -2.641537604102184744e+00
4.309966488411993146e-01 6.097949949496939137e-01 -2.296869122065130053e+00
9.462039651246633154e-01 2.918746265036312737e-01 3.426222069453629615e+00
9.544307404219166679e-01 1.744580958531504519e-03 3.092170459556516260e+00
3.871377629260446263e-01 5.146164053262821669e-01 -1.797869655135682310e+00
9.408183955589817238e-01 2.645774461766853269e-01 2.628603717066497314e+00
2.207884621566060246e-01 8.792802117052048727e-01 2.676516159507765114e+00
7.273524512380051821e-01 4.727699303535136122e-01 3.689226454136102618e+00
9.483712125270059579e-01 1.025083676941017374e-01 3.370490617978386894e+00
9.397806968651034598e-01 2.160102325187449879e-01 2.932135782618974229e+00
9.531227780128832539e-01 2.684467730544388142e-01 8.369110678085434074e-01
2.277069104403815769e-02 2.089728399461778519e-01 1.637105768693525532e+00
9.701257477653836281e-01 1.372485282863281641e-01 5.552929464193554487e-01
2.443979250541995774e-01 6.715235824321218461e-01 -2.704141959722003108e+00
7.367243299192182127e-01 2.810800656094410432e-01 8.029576499168715742e-01
4.022463248349690823e-01 6.069223467269239114e-01 -1.848731911808353168e+00
5.061448103708399149e-01 5.802497816794305319e-01 -1.986588581203586168e+00
3.943054873345014366e-01 6.230410659190706024e-01 -1.755515895595979980e+00
9.648785015723647662e-01 1.715418080088698671e-01 7.561540437457168196e-01
9.652392604439757884e-01 8.400125642790814418e-01 -1.950204088467927921e+00
9.828686000548934043e-01 8.732730719811051534e-01 -1.175080638190556970e+00
3.153210070124908837e-01 5.218252652019647053e-01 -2.374418147126551304e+00
7.146710843663036661e-01 1.182826034622182047e-02 5.963429652872496156e+00
2.941591917921382304e-01 6.247912900546624959e-01 -2.255365036807945867e+00
2.319016656592936543e-01 5.946329684488411704e-01 -2.522041509337548337e+00
4.168376276070862585e-01 6.174976409884869177e-01 -2.063899415215578070e+00
9.721679692570001086e-01 8.327509366706363769e-01 -1.973640208588073319e+00
3.270566501311228391e-01 6.216244115310423091e-01 -1.640937004552298406e+00
9.408421287218876605e-01 2.613007451629975053e-01 3.256756921695429519e+00
4.139395377140148713e-01 5.002048247418418025e-01 -1.807474687276255931e+00
4.218684234550177381e-01 4.985053554162515166e-01 -1.625197803939611774e+00
9.813268228285173533e-01 8.443444579784074033e-01 -1.548508544535398990e+00
9.557272834275639672e-01 9.667298939807963398e-01 5.100841234940667768e+00
6.981389557110988520e-01 4.198049673212955746e-01 2.889324469756154645e+00
9.494384318259756483e-01 2.297891732520259966e-01 2.721906621444584840e+00
6.888684567779473911e-02 1.591917550346381438e-01 2.049472702821093950e+00
2.106813201365060478e-02 1.355519066568112718e-01 -3.026719367257391546e+00
6.265498063143423169e-01 9.775187277615975112e-02 -1.447068037279890085e+00
4.627917196414979562e-02 1.559279602764666595e-01 2.135992529924066297e+00
3.012356091530649094e-01 8.756272367338496787e-01 -2.480991167964833544e+00
9.167669765164591089e-01 5.175512605546239708e-01 3.276545339702545245e+00
8.952299340286028473e-01 1.257766308388428012e-01 -8.658247229289800506e-02
3.097790485019605300e-01 8.744929650862083292e-01 2.971612976702691533e+00
