9.557000134976787464e-01 2.283186651824510305e-01 5.491330602800333915e-01
9.492055497269465958e-01 2.048836304661908470e-01 1.353272647021659836e+00
4.874690811020904180e-01 4.230368897901163883e-01 -1.938362412959824477e+00
9.488371854635488933e-01 2.882241175900016050e-01 7.013505620102319371e-01
9.439299152209911226e-01 2.419061530295184836e-01 3.489693780439131920e+00
3.355048140863642336e-01 6.035584875841469854e-01 -2.433486937742461720e+00
4.291960042313864854e-01 5.999584468260301673e-01 -1.751848309764449274e+00
9.326086876931573011e-01 2.982124835200353208e-01 2.705364563850986670e+00
9.589445054109345667e-01 9.874398291038534170e-01 5.018043755388791105e+00
3.788681512121094275e-01 5.089938149890135266e-01 -2.544477653469687350e+00
9.365453693398819723e-01 2.789559456439762997e-01 1.859665479088334461e+00
2.067574647580353309e-01 8.845840887778095851e-01 2.780184462806870371e+00
7.154584539146165989e-01 4.636303008385263547e-01 3.796781042977570131e+00
9.632012235398546007e-01 1.002565299204624255e-01 6.132493112960615278e+00
9.413269866613902526e-01 2.309303192432214658e-01 1.467526884059526138e+00
9.415118028590755417e-01 2.779433648629593967e-01 2.456033256109007468e+00
2.385839424720793620e-02 2.239333513592885183e-01 1.498219080445660989e+00
9.571640788753079665e-01 1.447980408258266183e-01 2.614178188708623729e+00
2.352727085344540336e-01 6.674332983994704094e-01 -2.720203584083895176e+00
7.297454435563804909e-01 2.882421285199855965e-01 2.343241590090471504e+00
3.976429709129676859e-01 5.980448959290430855e-01 -2.049169290698624302e+00
5.047665860036242291e-01 5.703452121484708925e-01 -1.709058859243368200e+00
3.921914255138946315e-01 6.132670829735845652e-01 -1.783809762383424591e+00
9.521400079959041474e-01 1.794620846077312204e-01 2.585327138343174180e+00
9.667800277206964887e-01 8.301319754201628154e-01 -1.416103372145239847e+00
9.844437951010424070e-01 8.633979132195161998e-01 -1.412618033575577359e+00
3.071972467752067670e-01 5.159939257668845203e-01 -2.519011530117655884e+00
7.212849908494820550e-01 9.983651165442797293e-01 5.169020321878551982e+00
2.902504804790054238e-01 6.155868359225269426e-01 -1.972374153184792478e+00
2.292014138016449099e-01 5.850044358552802803e-01 -1.844215515594503030e+00
4.150674004853183718e-01 6.076555733227290146e-01 -1.748756886653623166e+00
9.708942680974810280e-01 8.228323840869051775e-01 -1.698513372165724622e+00
3.237094526137663797e-01 6.122012343184561889e-01 -1.912104138025680911e+00
9.385520945904332057e-01 2.761249059715145671e-01 1.724064639943874599e+00
4.088475881935028644e-01 4.915983126678040716e-01 -2.105045463990749877e+00
4.140628597781207954e-01 4.922545014197237667e-01 -2.466351716751146395e+00
9.846487687337793782e-01 8.349123492320817963e-01 -1.232166978999014617e+00
9.513808156154185403e-01 9.523734244441036667e-01 4.418408186375319069e+00
6.887738426348666287e-01 4.233113410990585468e-01 2.783341049203392092e+00
9.514595795733259420e-01 2.446523815794155177e-01 1.435642049323611502e+00
5.511413402862499339e-02 1.651341799461388260e-01 2.734259970795091199e+00
6.661587650371208341e-03 1.397294034561951670e-01 2.859360911304398734e+00
6.268793931977210132e-01 8.275549413042315727e-02 -1.548822099508702532e+00
3.415633395227472835e-02 1.647618042041029685e-01 2.511867158154112101e+00
2.868179408856687540e-01 8.797661788367689972e-01 2.862036070134623689e+00
9.023372740173587481e-01 5.216480502474759584e-01 2.864958511864773349e+00
9.099171792779895407e-01 1.288237322458141432e-01 2.045638200660048200e-01
2.952011429715482027e-01 8.780263303866512326e-01 2.903800291185737681e+00
