9.407030783073143665e-01 2.280154575044316678e-01 3.161807875605554319e+00
9.568691630457587527e-01 2.177781653899376335e-01 1.034556124037399050e+00
4.787320763117687283e-01 4.181722472242236366e-01 -2.633554341197896775e+00
9.339482185171423811e-01 2.864023977243761454e-01 3.263341195633684855e+00
9.496574260109147403e-01 2.557696165271913791e-01 1.179016432206249965e+00
3.344504416337687469e-01 5.936142279972693725e-01 -1.676429913744583278e+00
4.245403941425912042e-01 5.911082889347206715e-01 -2.055064729430131187e+00
9.184362375981203197e-01 2.932990673659032210e-01 3.475313734484705819e+00
9.635418833909781267e-01 9.731617299408481525e-01 5.023894309098422717e+00
3.724025407534280463e-01 5.013651924792421610e-01 -2.273864141136312522e+00
9.225348419870700312e-01 2.735982294051196306e-01 3.506840799622882976e+00
1.917591060827135985e-01 8.843621945543573837e-01 3.156386141399799339e+00
7.004660509869720109e-01 4.631529598124727309e-01 3.173420762184684829e+00
9.503488509000864726e-01 1.079906438017380343e-01 2.599876034987774975e+00
9.490826404776033787e-01 2.437697052831790667e-01 1.027402911352367942e+00
9.295322674917091410e-01 2.869705866051133203e-01 2.495821131292377260e+00
1.569242019920076558e-02 2.365157544623238683e-01 2.146467927179917634e+00
1.881729255882352847e-01 1.881729255882352847e-01 -1.708948147633457593e+00
2.274957336628349314e-01 6.611469113730295000e-01 -2.461791103188172070e+00
7.198002632738511597e-01 2.871964760213084333e-01 3.246349398012304377e+00
3.948129916755805935e-01 5.884536907119727323e-01 -1.857714701797090306e+00
4.994866133926280649e-01 5.618527514198522477e-01 -2.127036903464412099e+00
3.920470718466028681e-01 6.032681249269309376e-01 -1.585232194910926928e+00
9.563097470660658628e-01 1.938708762325263568e-01 1.289103028971017029e+00
9.701511318009931051e-01 8.207173242168622762e-01 -1.226950372676499867e+00
9.905604063415642813e-01 8.554867143892299630e-01 -9.126377237414405874e-01
3.078351726126785648e-01 5.060142939787930505e-01 -1.506960396367755584e+00
7.206741616569126707e-01 9.833775587813383678e-01 4.671655771096112630e+00
2.886622661469054885e-01 6.057137626808604125e-01 -1.730293146560047957e+00
2.257578001992729677e-01 5.756160640391686512e-01 -1.922354781459458373e+00
4.110372375295636149e-01 5.985036452990795119e-01 -1.985606594025212113e+00
9.670625942849875312e-01 8.135955948290163331e-01 -1.964019287855614637e+00
3.231382413827501021e-01 6.022175617612475218e-01 -1.627948558276604452e+00
9.253176685499919785e-01 2.690644550383170519e-01 3.631672943272979293e+00
4.091401702586212052e-01 4.816025937974490745e-01 -1.541533944295428338e+00
4.149231884991496644e-01 4.822915784303710707e-01 -1.484656968690792667e+00
9.903843329719641542e-01 8.267206886635733998e-01 -9.599555191791401265e-01
9.477643256050256593e-01 9.378159177892974041e-01 4.468890538802421375e+00
6.788193658689939403e-01 4.223582449246351955e-01 3.237047161636358528e+00
9.371281446145992566e-01 2.402240667731054269e-01 3.441279460187789407e+00
5.266534121053494111e-02 1.799329438720236596e-01 1.734783174194894029e+00
9.920571802869301292e-01 1.363072278963112782e-01 3.371764701394059482e+00
6.280468515678553354e-01 6.780099510992758371e-02 -1.492886976137735022e+00
2.586241239627291508e-02 1.772602387149882497e-01 2.156670648481762598e+00
2.743584896366255133e-01 8.881185482354914118e-01 2.551034622999485357e+00
8.880764802336358343e-01 5.169972695970764809e-01 3.456840426562052038e+00
9.246157223532505132e-01 1.258316039957721733e-01 -2.008223452964373879e-01
2.802832601028434900e-01 8.795937393044537256e-01 3.036907624051635946e+00
