9.281413832891182158e-01 2.362132510045038547e-01 2.563390086699163462e+00
9.418916936517769400e-01 2.169563317374639810e-01 3.196409011965608116e+00
4.784578359670861314e-01 4.081760083198482381e-01 -1.598223799927687372e+00
9.190435646248191759e-01 2.847138207050918801e-01 3.254403580379574557e+00
9.348690554544334397e-01 2.532588205808435911e-01 3.309770717109818072e+00
3.272334562826981208e-01 5.866921529873874164e-01 -2.377049312078149068e+00
4.260693610817395949e-01 5.812258671617446248e-01 -1.417297556208559905e+00
9.041808354249217805e-01 2.979663480388823893e-01 2.825187642059967974e+00
9.642443363207710005e-01 9.581781869725971568e-01 4.759236309579528701e+00
3.750461285581097037e-01 4.917209484176819911e-01 -1.303257337896880808e+00
9.087617887518786297e-01 2.795398625628114364e-01 2.734317457222640968e+00
1.791004298239924630e-01 8.763149642620835511e-01 3.707855553335590137e+00
6.855591019621450899e-01 4.614847659474762276e-01 3.253036116096079677e+00
7.641036904885158965e-01 7.641036904885158965e-01 -1.808789324538642163e-01
9.358565655354662560e-01 2.366936229189768870e-01 3.632854434824978718e+00
9.162816891486865734e-01 2.799404960242301565e-01 3.629380299588543579e+00
7.060377676400003341e-03 2.487831030709091729e-01 2.183974445758567917e+00
2.024275934184017189e-01 1.928424485886731377e-01 3.165623122627798658e-01
2.259000125475605636e-01 6.512750486246791093e-01 -1.731053522062560912e+00
7.103289255100125876e-01 2.839880868673426151e-01 -2.814977557831192634e+00
3.957447230871483090e-01 5.784971914990616471e-01 -1.477487846615463729e+00
4.947539561870058500e-01 5.530435541934262123e-01 -2.063790600498855987e+00
3.949462751618856293e-01 5.936976170962746657e-01 -1.276652733820125452e+00
9.569253422360362027e-01 2.088582389954246055e-01 1.529745119841797285e+00
9.762142373662294759e-01 8.127650446125727068e-01 -9.193834664999118722e-01
9.879368740901444124e-01 8.458369952987195850e-01 -1.836256370493285051e+00
3.107708890229530230e-01 4.964549232276167512e-01 -1.272835349355801782e+00
7.298856224303342799e-01 9.715391048949681974e-01 5.373630772217296681e+00
2.898902278137860944e-01 5.957894435533498401e-01 -1.447689441918314390e+00
2.295055792005689932e-01 5.663449178016506380e-01 -1.186639124216220198e+00
4.120437772960672818e-01 5.885544303703302838e-01 -1.469971612611560507e+00
9.646090080628876295e-01 8.039012709923208932e-01 -1.818685932112038550e+00
3.185339536041110198e-01 5.933405952719857934e-01 -2.049274487802160483e+00
9.128195299183708977e-01 2.773588224490832754e-01 2.555682658631887705e+00
4.080796859109762087e-01 4.716589841435859243e-01 -1.677044549207352020e+00
4.088548546404745521e-01 4.743432877852287177e-01 -2.222866810454108055e+00
9.938516413018894102e-01 8.173410419247441050e-01 -1.216712862375597837e+00
9.560773253976619923e-01 9.253301645301772460e-01 5.299790526658714640e+00
6.697734379741062671e-01 4.266210126312423023e-01 -3.581965501988334744e+00
9.223542241097605343e-01 2.428185364523856582e-01 2.967753762949482788e+00
4.551645034185394789e-02 1.931198070072688844e-01 2.067571188010302041e+00
9.869237459876212260e-01 1.222129789878139278e-01 -1.920084397102122198e+00
6.307158847760638842e-01 5.304036295092165454e-02 -1.391908206436284434e+00
2.727106888595684162e-02 1.921939484648819974e-01 1.476747308110521129e+00
2.605397463340374253e-01 8.822839673990322540e-01 -2.742077139266306141e+00
8.734771356660154806e-01 5.135535596505369504e-01 3.373239469622708597e+00
9.363392573946484054e-01 1.164743220115036504e-01 -6.736192994874641293e-01
2.676114397265988432e-01 8.876202558809139775e-01 -3.706220077214056552e+00
