9.136014166037251805e-01 2.325268748994840096e-01 3.389894671030934781e+00
9.289786610911037190e-01 2.093239277854319902e-01 3.675414236182092953e+00
4.804274956728271651e-01 3.983719050643954596e-01 -1.372534026218328540e+00
9.044450462472393149e-01 2.881610313426166692e-01 2.909706046653342426e+00
9.229357150123435050e-01 2.623470209468775627e-01 2.490721076226490194e+00
3.250430933219563556e-01 5.769349858728909375e-01 -1.791622999365302338e+00
4.304442633950369967e-01 5.722336355283231812e-01 -1.117990595533560061e+00
8.894402629072014621e-01 3.007440308591172728e-01 2.955338791934025267e+00
9.727940866509849904e-01 9.458533433918044908e-01 5.318874578014901822e+00
3.771788909744742679e-01 4.819510290487545867e-01 -1.355869190477649422e+00
8.952762441516803893e-01 2.861079739227125884e-01 2.688359999149783519e+00
1.651237065861843878e-01 8.817602564979251101e-01 2.770086250006952966e+00
6.716351905869497596e-01 4.559058151486516386e-01 3.522680024946571287e+00
7.720347753186886930e-01 7.580128864843960201e-01 -6.549005862009384948e-01
9.212120771657332785e-01 2.334472464175903761e-01 3.359743943878788386e+00
9.014132999693458270e-01 2.819231717949159943e-01 3.009026326879217006e+00
9.460375205496729042e-03 2.635898586865168536e-01 1.410105840719739545e+00
2.156512382367465064e-01 1.857618258958400603e-01 5.791580208236128513e+00
2.297561854937639481e-01 6.420484604031874154e-01 -1.174919558828163568e+00
7.004879217560630034e-01 2.857642189330265037e-01 2.963032091463841500e+00
3.939917187206585236e-01 5.686520416428599844e-01 -1.747007248761393683e+00
4.931237875923590863e-01 5.431773213584973892e-01 -1.734543974751221684e+00
3.982789018532965630e-01 5.842692768745975096e-01 -1.231034367042089794e+00
9.436179515906532034e-01 2.019362917107963284e-01 3.621236401340772737e+00
9.789980493274593742e-01 8.031603379036453827e-01 -1.288688057957000366e+00
9.936421019230837759e-01 8.376241775499652098e-01 -9.636540666217467965e-01
3.124374035540656291e-01 4.865947645413891132e-01 -1.403363676916382419e+00
7.283332162672032650e-01 9.566196533264730295e-01 4.608709587153538401e+00
2.885658926700655491e-01 5.858775246459381192e-01 -1.703620045921564463e+00
2.243098035455781125e-01 5.578006849312868720e-01 -2.117152794198471355e+00
4.155284077396446119e-01 5.791812051691684893e-01 -1.214865453746036827e+00
9.692306224776083834e-01 7.950333129296299761e-01 -1.090365310984048097e+00
3.124789217022181376e-01 5.853821664906835309e-01 -2.221194315538609132e+00
8.980040222143257367e-01 2.797041862740317630e-01 2.984590855418813860e+00
4.046025580318760584e-01 4.622829731734353076e-01 -1.925926893739744239e+00
4.115716147880054132e-01 4.647194000936152869e-01 -1.295662207031628377e+00
9.993545154735635760e-01 8.089912888834427385e-01 -9.880879055981524051e-01
9.496134931584727656e-01 9.117943279182932903e-01 4.266874554870498493e+00
6.599189638157657578e-01 4.283208182267736475e-01 -3.312402595151873186e+00
9.095432920587241954e-01 2.350159714905458441e-01 3.688643808726463025e+00
4.149426348371035300e-02 2.075704821775914422e-01 1.842264146276658021e+00
9.768188579215705269e-01 1.332986110028407112e-01 2.309945291076815899e+00
6.251274885313956586e-01 3.912023984038205671e-02 -1.952562151950181235e+00
1.598946202339608658e-02 2.020795615768049003e-01 2.422049858056838811e+00
2.467694182503678835e-01 8.882319136385423697e-01 -3.549326260029015412e+00
8.589544647963293089e-01 5.097996242740595596e-01 3.394543880837678884e+00
9.305264088109361786e-01 1.303022210327879071e-01 1.968739697346557849e+00
2.535606400894651613e-01 8.928714490364858536e-01 -3.499248673159783163e+00
