9.106963351301409215e-01 2.472428696545740379e-01 1.765700066614248609e+00
9.219661245716813669e-01 2.225838045406574595e-01 2.057259660643572019e+00
4.785433560022819277e-01 3.885510080736986338e-01 -1.760343265048078587e+00
8.900029226170526053e-01 2.922138161938520051e-01 2.868006798962714488e+00
9.081877066213353000e-01 2.650849487214454459e-01 2.958035091339210165e+00
3.304742817363889307e-01 5.685384275060996195e-01 -9.966492320461902699e-01
4.288335330861199890e-01 5.623642106275533736e-01 -1.732574110893177810e+00
8.749479899730330246e-01 2.968744022979284969e-01 3.402518569491969291e+00
9.693092894434950368e-01 9.312637516078418054e-01 4.477926903574990014e+00
3.793754856104367690e-01 4.721952629586281813e-01 -1.349330931696865798e+00
8.803334571720440316e-01 2.847991128601052302e-01 3.228961166401547622e+00
1.501309089591096879e-01 8.812954777187376187e-01 3.172582865762533455e+00
6.592571619082824297e-01 4.474332472952738948e-01 3.741829404942277115e+00
7.807185318543886643e-01 7.530538167703580976e-01 -5.188789664392567946e-01
9.069257426926213839e-01 2.380189689947350418e-01 2.831883642375444765e+00
8.867266385187005939e-01 2.849730857992990307e-01 2.936837330402886082e+00
5.326676491836907813e-03 2.780090311643217960e-01 1.849989251189906314e+00
2.282791815430106896e-01 1.776664538936540139e-01 5.713114729493794286e+00
2.342325083012832820e-01 6.331062831446623296e-01 -1.106680558641445877e+00
6.915436774065395475e-01 2.812920278575000155e-01 3.605246425262348176e+00
3.986322414448598694e-01 5.597939634739697023e-01 -1.088231917814592276e+00
4.971429126152451805e-01 5.340205405895583901e-01 -1.157191817071174800e+00
4.011297086957132385e-01 5.746842416452814239e-01 -1.281705722371814238e+00
9.289694274373904159e-01 2.051644088293774482e-01 2.924688034699047812e+00
9.795894840649824742e-01 7.931778429774632988e-01 -1.511618318497720992e+00
9.949402561640062759e-01 8.277087957839022181e-01 -1.440613500446628281e+00
3.162339097678922295e-01 4.773434651424734998e-01 -1.181377713160725706e+00
7.332844466738043243e-01 9.424603695359435873e-01 5.048779451735366131e+00
2.858282601604434925e-01 5.762595535375254485e-01 -1.848099920320714462e+00
2.223597799909524109e-01 5.479926571919090383e-01 -1.767056178523951360e+00
4.187942259478776297e-01 5.697295158264756854e-01 -1.238111496249304944e+00
9.706675924008777434e-01 7.851370955997801770e-01 -1.426600153011196026e+00
3.078398626319745479e-01 5.765233217046636938e-01 -2.053195509120648854e+00
8.831406788937705699e-01 2.817243410540694604e-01 3.006505182879277260e+00
4.045091410304265112e-01 4.522834095197632021e-01 -1.580138162816108860e+00
4.070793025042783175e-01 4.557852448260214517e-01 -2.036700993417349004e+00
9.977316123921866620e-01 7.991238583370209314e-01 -1.733807617512207466e+00
9.432196683532109160e-01 9.041054395487292394e-01 -2.264491191648585477e+00
6.550625099333882151e-01 4.195792591159319129e-01 -2.077897641964092212e+00
9.120683697707957505e-01 2.498019101671398734e-01 1.401652440911884234e+00
3.490955485085904531e-02 2.210479304605734163e-01 2.025260096113417507e+00
9.641799260776199310e-01 1.413768163631897723e-01 2.572880901567526912e+00
6.352667025378301302e-01 2.806599453227876656e-02 -8.285465401932459173e-01
2.179760836911600816e-02 2.159094363422068008e-01 1.173192986354357537e+00
2.322388816499070252e-01 8.919552865855713275e-01 -3.392439987957252434e+00
8.447786971340561779e-01 5.147034606482925323e-01 2.808547437372968858e+00
9.301498979131848088e-01 1.452974949397185245e-01 1.595899689829927359e+00
2.385750954640561972e-01 8.935298199652765838e-01 -3.185498153536571841e+00
