1.296601839012673230e-01 5.727547532616972248e-01 2.277463089311524413e-01
2.870868015809813212e-02 2.669124202195780615e-01 1.192703031929273294e+00
7.874681390716568030e-01 5.395407434552560444e-01 5.591651768100822650e-01
6.683284150924542200e-01 1.909445606234015935e-01 -2.164698640287032738e-01
4.308587493089253151e-01 9.594922965140952886e-01 4.080016849023730963e-01
9.763106246121382448e-01 7.612055937496020608e-02 -1.623973871946077452e+00
3.570747078278388997e-01 1.175618181322131139e-01 -2.321957674069456079e+00
2.043426686938342174e-01 1.829282979947388643e-01 -2.647315500972176494e+00
5.957839242402076518e-01 1.657266910540792226e-01 -3.115642185432219158e-01
6.933435651102842767e-01 8.608437500238274032e-01 -7.075340604611022322e-01
4.201935172288188136e-01 2.238572200634405540e-01 -1.829299600811311377e+00
7.182711111734643161e-01 9.723035909218418205e-01 2.847116014338873846e+00
8.810364497142114670e-01 3.217861156260641842e-01 -1.802513949571225460e+00
4.714907144378318593e-01 3.033309919158362344e-01 1.158575474400934446e+00
2.397272360462818774e-01 6.157721114302012744e-01 -1.086680323956307426e+00
2.141438766234415869e-01 5.817645035903981077e-01 1.570622443572400329e-01
3.085860652734386811e-01 5.942974356538017755e-01 -1.671827736061567427e+00
4.522459241793103102e-01 5.821044162542171607e-01 -4.049965216967215120e-01
6.577066757169942601e-01 3.460830625720395792e-01 1.777996069835582560e+00
3.984202007215095209e-01 5.232166740994159682e-01 -3.542612657485957328e-01
5.840016838108709196e-01 4.288352915511477459e-01 -2.896181100156220101e+00
8.170107490438736075e-01 3.930151116495914643e-01 -1.991012041135094446e+00
8.572342311979724849e-01 7.471644231473990594e-01 -2.593889056976861340e+00
2.242210320457812545e-01 6.189248735625902942e-01 -1.740832931506686165e-02
7.795820193281139954e-01 7.870099423832200847e-01 -2.493973003358071594e+00
6.120196209852245550e-01 2.760427781459738883e-01 1.832337316034944763e+00
5.441532820527429370e-01 7.716745174471975055e-01 -2.615894306575504036e+00
2.877235934277944107e-01 2.712076466997953572e-01 -6.753103406438394352e-01
9.004011733659759154e-01 2.149169904370074047e-02 1.553194479111562387e+00
8.940300234950799840e-01 3.393758866459966050e-01 2.587824415695690661e+00
8.425483855835392832e-01 6.621085695864438181e-01 -1.535794297450525647e-01
8.791777166726486570e-01 9.357023676462531414e-01 -3.276947092584494570e-01
6.956681372660833418e-01 2.724830112898541934e-01 1.846704957776171163e+00
2.371111486275662150e-01 8.207488851876895142e-01 1.692950866803224486e-01
8.634424151808172132e-01 8.550584927387929746e-01 -2.297292951171378661e+00
5.624012701515531676e-01 1.758797318469179638e-01 -2.819438239861018047e+00
2.009911732886590086e-01 5.506796816552941287e-01 -2.166270064961803854e-01
3.480859854851304780e-01 5.131566675530170318e-01 -2.082785242649714430e+00
9.140465650146030185e-01 5.218275332130565269e-01 -1.086501001270763211e+00
6.070421497957743107e-01 9.743877701847725170e-01 -2.106835853031201466e+00
8.251354959022036972e-01 6.844902316959878830e-01 -4.171785543781361127e-01
