1.395236618107642823e-01 5.711079978066082585e-01 -1.654290569490146356e-01
3.240017122421908619e-02 2.762061220497827319e-01 1.192703031929273294e+00
7.958517290095342700e-01 5.340895582856328705e-01 -5.765304760349118096e-01
6.721362974805281665e-01 2.001911833430001786e-01 1.180147718489954922e+00
4.400379046906534586e-01 9.634600548835138278e-01 4.080016849023730963e-01
9.663168861116520070e-01 7.647438247186001681e-02 3.106202957172536028e+00
3.522381010670421198e-01 1.088092622174294394e-01 -2.075628637440383617e+00
2.034387382898199537e-01 1.729692363007488964e-01 -1.661312920808007965e+00
5.951264963951026221e-01 1.757050570840703319e-01 1.636586561617097146e+00
6.869760232849085879e-01 8.531330813691586634e-01 -2.261077722764441855e+00
4.229334993698573020e-01 2.142399180578471729e-01 -1.293248428819560480e+00
7.098369927315364425e-01 9.669309150422142896e-01 -2.574398612451197721e+00
8.736556149650311909e-01 3.150390215548885542e-01 -2.401021735033097126e+00
4.756095919246409176e-01 3.124433378403859152e-01 1.146271593647930409e+00
2.476035345543705357e-01 6.096106244496518611e-01 -6.638435597258312004e-01
2.234308948131430161e-01 5.780562299834275386e-01 -3.798997411462713969e-01
3.165028390369744038e-01 5.881880418068646810e-01 -6.572466235763950726e-01
4.592115890382272858e-01 5.749294937408202522e-01 -8.001954540433242613e-01
6.542406806478479053e-01 3.554631946702913603e-01 1.924739783084229883e+00
4.044719010369201007e-01 5.152557116392318948e-01 -9.208168950654731510e-01
5.751582963871066934e-01 4.335037494199956432e-01 2.655871995053798340e+00
8.111635827996289683e-01 3.849027354926220501e-01 -2.195327027896494254e+00
8.555583241037597597e-01 7.373058565471489745e-01 -1.739181630788040778e+00
2.336159063791863333e-01 6.154990399035334958e-01 -3.496652847765479577e-01
7.785948614492030906e-01 7.770587857005974985e-01 -1.669673149567664883e+00
6.100190099379527719e-01 2.858406123677564858e-01 1.772216612733252816e+00
5.355035449523252167e-01 7.666563456592195847e-01 -2.615894306575504036e+00
2.912207587935075614e-01 2.618390910798047977e-01 -1.213527809219472342e+00
8.999113257651766284e-01 3.147969430441203281e-02 1.619800697934634881e+00
8.848827436434087979e-01 3.353351848115116440e-01 -2.725630546603698967e+00
8.488063064884612263e-01 6.543086704878823268e-01 -8.946496932764611554e-01
8.887502784132476075e-01 9.328099531319726800e-01 -2.934343231586160061e-01
6.946243352581520369e-01 2.824283859619436399e-01 1.675367003936249155e+00
2.469681864367771762e-01 8.224337607403002792e-01 1.692950866803224486e-01
8.635308717347492946e-01 8.450588839745428738e-01 -1.561950556041998839e+00
5.591434800007797357e-01 1.853341912885531073e-01 1.902631903791425660e+00
2.101818009462496084e-01 5.467385697234238284e-01 -4.051005707409083278e-01
3.550425004883123181e-01 5.059728733597994577e-01 -8.014699209310792716e-01
9.206236701723242710e-01 5.142948253503900613e-01 -8.530210050643828312e-01
6.002784426754873559e-01 9.670221564295596872e-01 -2.313620403741296183e+00
8.251354959022036972e-01 6.844902316959878830e-01 -4.171785543781361127e-01
