1.487631567042219105e-01 5.672828528271636195e-01 -3.925162353226170353e-01
3.609166229034004025e-02 2.854998238799874022e-01 1.192703031929273294e+00
8.005481320057272754e-01 5.252609797535390257e-01 -1.081913020240917955e+00
6.714867887962515658e-01 2.101700679735112043e-01 1.635792949255608253e+00
4.492170600723816021e-01 9.674278132529323670e-01 4.080016849023730963e-01
9.591978473628983703e-01 8.349715167593782517e-02 2.363001827553585343e+00
3.511041234881470130e-01 9.887376550863007096e-02 -1.684438533129972049e+00
2.047685470157282750e-01 1.630580502590837366e-01 -1.437420365013740042e+00
5.935967251612996876e-01 1.855873543864302033e-01 1.724376484285953248e+00
6.810179627756508536e-01 8.451017978498186478e-01 -2.209065241295797843e+00
4.279247447075408828e-01 2.055746154099847289e-01 -1.048208157866282075e+00
7.027010730453859821e-01 9.599252994209565015e-01 -2.365408509357501909e+00
8.660162399230411090e-01 3.085861191871304143e-01 -2.440189509149651936e+00
4.813108519521399065e-01 3.206589104983837979e-01 9.641371091189091524e-01
2.562766882115730116e-01 6.046330341050618618e-01 -5.210130586615580039e-01
2.324323205603014142e-01 5.737002760674185797e-01 -4.506996124347437682e-01
3.246817160388231205e-01 5.824342629626068080e-01 -6.130660978334303568e-01
4.662926225542086689e-01 5.678684056982060691e-01 -7.839878049826958240e-01
6.508068260420614148e-01 3.648551402912114106e-01 1.921315502358897476e+00
4.115816583495209291e-01 5.082235461864059722e-01 -7.799115628493257235e-01
5.723270352733540456e-01 4.430945763137390525e-01 1.857848355661940509e+00
8.056912094218239284e-01 3.765329607277977386e-01 -2.149856228680807835e+00
8.585006250990698806e-01 7.277485104273834216e-01 -1.272146466968753442e+00
2.425973313286443611e-01 6.111019947733065116e-01 -4.552696490095464177e-01
7.808599048780539009e-01 7.673186841474606279e-01 -1.342309083488428811e+00
6.090909172146824480e-01 2.957974514192332482e-01 1.663739354611839749e+00
5.268538078519074963e-01 7.616381738712416638e-01 -2.615894306575504036e+00
2.945355256880148875e-01 2.524044569885918188e-01 -1.232928001764850734e+00
9.012889320968131557e-01 4.138434981558630071e-02 1.432596193110391214e+00
8.772537530990085486e-01 3.288700086133363731e-01 -2.438581763028580429e+00
8.541545316973906399e-01 6.458590262874102095e-01 -1.006498636916768330e+00
8.984030405597024371e-01 9.301976394172806195e-01 -2.642976506021917360e-01
6.915753025749242777e-01 2.919522192078908285e-01 1.880633186413483759e+00
2.568252242459881374e-01 8.241186362929110443e-01 1.692950866803224486e-01
8.677731270527949681e-01 8.360033182927915085e-01 -1.132689852681382670e+00
5.586950442344911227e-01 1.953241314967582298e-01 1.615654946712030693e+00
2.190843664298626203e-01 5.421839755801458605e-01 -4.728881931683258655e-01
3.631118343349406530e-01 5.000664487838264449e-01 -6.318547807964702834e-01
9.261894615284953503e-01 5.059868793599798797e-01 -9.805338148220991146e-01
5.936451964547758697e-01 9.595388386776920742e-01 -2.296049099996252174e+00
8.251354959022036972e-01 6.844902316959878830e-01 -4.171785543781361127e-01
