1.577304251715506977e-01 5.628570087003500477e-01 -4.584786816899554807e-01
3.978315335646099432e-02 2.947935257101920725e-01 1.192703031929273294e+00
8.034089908703416771e-01 5.156789399625155701e-01 -1.280656838150772581e+00
6.701597688028362310e-01 2.200816277870357995e-01 1.703890921655957680e+00
4.550823988902087391e-01 9.593285663402811858e-01 -9.440237075469395389e-01
9.559857874752502038e-01 9.296724519597032721e-02 1.897799010331988390e+00
3.531346349702266241e-01 8.908208418614296797e-02 -1.366323345498126951e+00
2.071030268536814267e-01 1.533343573450623165e-01 -1.335174183389295388e+00
5.921343996897121542e-01 1.954798568107486423e-01 1.717555125625314094e+00
6.762576935918644949e-01 8.363074907538676772e-01 -2.066927698091860943e+00
4.364187143425824478e-01 2.002970705414884312e-01 -5.559547317413761069e-01
6.964740518846900263e-01 9.521007094978841678e-01 -2.242987668860351391e+00
8.590378121983615056e-01 3.014236093971598973e-01 -2.343177554929692707e+00
4.861978170051751702e-01 3.293834490288971573e-01 1.060201255865435899e+00
2.649810474376921299e-01 5.997102167752521584e-01 -5.147091837902563194e-01
2.411411208690507346e-01 5.687853195892462743e-01 -5.138063205174903114e-01
3.329602053417590746e-01 5.768247518554625586e-01 -5.955342474539857545e-01
4.739550125859933183e-01 5.614428489907442588e-01 -6.978289644611243014e-01
6.484808418863917678e-01 3.745808689378257172e-01 1.805544852266240508e+00
4.193808407069625210e-01 5.019647320371144472e-01 -6.762611587705907867e-01
5.722306525639629937e-01 4.530941118216179064e-01 1.580434746966802972e+00
7.989248487386308994e-01 3.691697845717533677e-01 -2.313980727012022953e+00
8.635564058950229160e-01 7.191207018676579743e-01 -1.040744473870146791e+00
2.513646874009539678e-01 6.062922684296009335e-01 -5.017637568743508192e-01
7.848647336508625116e-01 7.581556417214710963e-01 -1.158752557807953387e+00
6.084053535126625611e-01 3.057739238624604949e-01 1.639406513109823438e+00
5.182040707514897759e-01 7.566200020832637430e-01 -2.615894306575504036e+00
2.973638442541977622e-01 2.428127619304602525e-01 -1.284051092577073172e+00
9.055159392100295968e-01 5.044704317158249518e-02 1.134373038819461499e+00
8.701190642056585434e-01 3.218631395268536366e-01 -2.365232838472157262e+00
8.596767780924124969e-01 6.375220727219482741e-01 -9.857660316536934753e-01
9.083012832706525153e-01 9.287746878245963789e-01 -1.427797847321562175e-01
6.880658037200861887e-01 3.013161616355166106e-01 1.929381645505064080e+00
2.666822620551991263e-01 8.258035118455218093e-01 1.692950866803224486e-01
8.741172292715694292e-01 8.282733527664944972e-01 -8.835510222606235420e-01
5.600086521337145351e-01 2.052374777676749251e-01 1.439054786731531976e+00
2.278141661577405830e-01 5.373064150514448301e-01 -5.095174564951637786e-01
3.714137291234640981e-01 4.944916355205603575e-01 -5.913488446267829435e-01
9.308851706225170775e-01 4.971579317384158259e-01 -1.081991615868063139e+00
5.902160261795460494e-01 9.501451817101698172e-01 -1.920816787405515313e+00
8.251354959022036972e-01 6.844902316959878830e-01 -4.171785543781361127e-01
