1.665078939045283035e-01 5.580657622402313001e-01 -4.996571668162714253e-01
4.347464442258194839e-02 3.040872275403967429e-01 1.192703031929273294e+00
8.052286516068697386e-01 5.058458918692771977e-01 -1.387810789055737182e+00
6.690114730644334262e-01 2.300154798544447876e-01 1.685879763760175454e+00
4.564617478814081974e-01 9.494241533662338695e-01 -1.432420247476227315e+00
9.565326176052598717e-01 1.029522828428154069e-01 1.516086024575724833e+00
3.588605002041866943e-01 8.088364120454410999e-02 -9.611390386197515845e-01
2.096852696189781540e-01 1.436735073668733986e-01 -1.309612637983184280e+00
5.910223382308604778e-01 2.054178304126323129e-01 1.682232968543967200e+00
6.734195086102164884e-01 8.267187105389525170e-01 -1.858570358730651240e+00
4.462419858789873350e-01 1.984253503909162719e-01 -1.882824898952686621e-01
6.922495205845993205e-01 9.430368617887402438e-01 -2.006946444825619125e+00
8.520764528241698832e-01 2.942445094770198555e-01 -2.340797300164092487e+00
4.911730826481154888e-01 3.380579364363568984e-01 1.050051281706718687e+00
2.735973410797858385e-01 5.946348366049383216e-01 -5.323250203754847920e-01
2.497446060123159617e-01 5.636882573579590217e-01 -5.348432930879480907e-01
3.413254001398988158e-01 5.713453799946397460e-01 -5.798962921265223835e-01
4.831453301273077594e-01 5.575010139498263184e-01 -4.051792510306785888e-01
6.469155215693142003e-01 3.844575977639576037e-01 1.727974743095631371e+00
4.278359519263847943e-01 4.966251539388748526e-01 -5.632746511270972922e-01
5.767604915247519504e-01 4.620092988072799778e-01 1.100686841727196885e+00
7.917695764480273679e-01 3.621839361302738314e-01 -2.368174852039680367e+00
8.697707443261543103e-01 7.112860354508050431e-01 -9.002248224172664237e-01
2.600112499676830446e-01 6.012686287351522996e-01 -5.263306101449911623e-01
7.900589176971027916e-01 7.496104411917127175e-01 -1.024626127561685029e+00
6.081495347293391918e-01 3.157706511644378100e-01 1.596380996218032866e+00
5.095543336510720556e-01 7.516018302952858221e-01 -2.615894306575504036e+00
3.000693458862740415e-01 2.331857031418772819e-01 -1.296831865280128726e+00
9.119138613696243789e-01 5.813252246956819580e-02 8.765684508510032114e-01
8.630347572947149049e-01 3.148053356480570164e-01 -2.358068538664616742e+00
8.655335858458629295e-01 6.294166545995364404e-01 -9.450766220712497612e-01
9.182803440462271594e-01 9.281278910733777865e-01 -6.472485770875988087e-02
6.847616834923564433e-01 3.107545295834569510e-01 1.907536408885519119e+00
2.765392998644101152e-01 8.274883873981325744e-01 1.692950866803224486e-01
8.815771142713089148e-01 8.216137645066498019e-01 -7.287783911408421966e-01
5.628103184986442686e-01 2.148369915876358893e-01 1.286828633511351017e+00
2.363957310312193583e-01 5.321725330580333591e-01 -5.391283787581281350e-01
3.800154585485581715e-01 4.893916109228284572e-01 -5.351876498995024045e-01
9.350807801613416625e-01 4.880806600889759927e-01 -1.137834737122453976e+00
5.878812379613200800e-01 9.404215628377523561e-01 -1.806450184637559131e+00
8.251354959022036972e-01 6.844902316959878830e-01 -4.171785543781361127e-01
