1.751538192478951927e-01 5.530410259330280631e-01 -5.264574412590368180e-01
4.716613548870290246e-02 3.133809293706014132e-01 1.192703031929273294e+00
8.066027242965073674e-01 4.959407455178297952e-01 -1.432952950031632033e+00
6.683954199335584434e-01 2.399964857426275522e-01 1.632440674147696003e+00
4.559755507445066303e-01 9.394359797421888425e-01 -1.619435216056893223e+00
9.601904022135909766e-01 1.122593023313013111e-01 1.196327237713364022e+00
3.672539958419431816e-01 7.544772076923945969e-02 -5.747107642575101094e-01
2.123291958025375903e-01 1.340293560648723459e-01 -1.303222251631656503e+00
5.925620798094068942e-01 2.152985791631721879e-01 1.416207180722735437e+00
6.722883656640987748e-01 8.167828907119101256e-01 -1.684153234191367865e+00
4.542145179302534141e-01 2.044618007296116202e-01 6.480652286589385636e-01
6.896631873998038120e-01 9.333771060642290784e-01 -1.832403441196951643e+00
8.450090217901125023e-01 2.871698067568454471e-01 -2.355680304313287454e+00
4.952889676622594384e-01 3.471716343987838460e-01 1.146599966898516509e+00
2.821787155940848613e-01 5.895006364291233147e-01 -5.391654566031620632e-01
2.583209585789087992e-01 5.585456727302162694e-01 -5.401427948276021906e-01
3.499606736282237507e-01 5.663023598894019184e-01 -5.285734739938507953e-01
4.928077202930266076e-01 5.549245403354806649e-01 -2.605865683767676355e-01
6.449264080706057500e-01 3.942577726342982314e-01 1.771043274442596349e+00
4.367414196560650552e-01 4.920762370880604752e-01 -4.722505829164530544e-01
5.830701581202826222e-01 4.697673982815871452e-01 8.879977451404922340e-01
7.844428782624596197e-01 3.553780935154613463e-01 -2.393032872258709975e+00
8.767044471642869707e-01 7.040802207881543540e-01 -8.046405624915102806e-01
2.686225926795868246e-01 5.961848529043213274e-01 -5.332996938222582806e-01
7.960678850608831070e-01 7.416171745740511856e-01 -9.261738257238487648e-01
6.084873714604541739e-01 3.257649428523519686e-01 1.537006223956940643e+00
5.009045965506543352e-01 7.465836585073079013e-01 -2.615894306575504036e+00
3.027440734475740913e-01 2.235500489101802102e-01 -1.300027058455892615e+00
9.196622180302259641e-01 6.445414955917973254e-02 6.843412283565174503e-01
8.558742350072107152e-01 3.078248685741317159e-01 -2.368926660438633203e+00
8.717168910204241561e-01 6.215574728916075653e-01 -9.041796480119898005e-01
9.282727097658494131e-01 9.277372156002310355e-01 -3.907749210525243017e-02
6.821677039359382855e-01 3.204122348005820076e-01 1.833195095053159029e+00
2.863963376736211042e-01 8.291732629507433394e-01 1.692950866803224486e-01
8.899031545578380831e-01 8.160750775551157687e-01 -5.870035961366095734e-01
5.656467037504259165e-01 2.244263043212720021e-01 1.283209980867954236e+00
2.450006343526011932e-01 5.270778653721414075e-01 -5.345649933058743697e-01
3.888506461219927712e-01 4.847076531367006669e-01 -4.874741837280058276e-01
9.390917719183685675e-01 4.789203137459023818e-01 -1.158079867394240292e+00
5.862403654276486797e-01 9.305571045491162208e-01 -1.735628978607148154e+00
8.251354959022036972e-01 6.844902316959878830e-01 -4.171785543781361127e-01
