1.837579017403649928e-01 5.479449721202456214e-01 -5.347260866907473931e-01
5.085762655482385652e-02 3.226746312008060835e-01 1.192703031929273294e+00
8.078504152781920133e-01 4.860188874653165181e-01 -1.445701219388012548e+00
6.687015568296109658e-01 2.499917986542314341e-01 1.540177853323759560e+00
4.549102185348547489e-01 9.294928883072739456e-01 -1.677532097332020689e+00
9.660855830085731677e-01 1.203368541506630029e-01 9.403342330349406808e-01
3.756474914796996689e-01 7.001180033393480939e-02 -5.747107642575101094e-01
2.149885260686906774e-01 1.243894409959766523e-01 -1.301624655043774448e+00
5.944148287198389724e-01 2.251254464908047648e-01 1.384444737681249871e+00
6.724620541095948090e-01 8.067843992094932970e-01 -1.553426608830588140e+00
4.585810707881748938e-01 2.134580897500343022e-01 1.118918904752198129e+00
6.883029322621804225e-01 9.234700527202438503e-01 -1.707244850892999599e+00
8.378232789685408077e-01 2.802153046105928524e-01 -2.372546403852654251e+00
4.982433984200453914e-01 3.567252378497047793e-01 1.270877062661851964e+00
2.908154705738235646e-01 5.844601539700765569e-01 -5.282796293910068108e-01
2.669655425648848057e-01 5.535186290950956378e-01 -5.267243307832063515e-01
3.588111908568166197e-01 5.616474329526626175e-01 -4.841912132567453564e-01
5.026048668758494875e-01 5.529205645784710521e-01 -2.017637116082555693e-01
6.437087586656445870e-01 4.041833622856286778e-01 1.692864188156906646e+00
4.467365861899598167e-01 4.923871164210993356e-01 3.109294302153704781e-02
5.892828735135012819e-01 4.776033517936278949e-01 9.004319664759355968e-01
7.753480836647956842e-01 3.512206049434622446e-01 -2.712826614427453098e+00
8.841663326982890370e-01 6.974228741487302763e-01 -7.284779414859346991e-01
2.772826776280435945e-01 5.911845600443468296e-01 -5.236325924854573488e-01
8.026991079360225045e-01 7.341320638079884553e-01 -8.458139020215601489e-01
6.091389941654371531e-01 3.357436896599601539e-01 1.505587853473529414e+00
4.922548594502366148e-01 7.415654867193299804e-01 -2.615894306575504036e+00
3.054111032121880620e-01 2.139122611850503841e-01 -1.300825856749833420e+00
9.282648073449465409e-01 6.955272358357671159e-02 5.350190209228548044e-01
8.479579405351350685e-01 3.017148536943311532e-01 -2.484267582443553390e+00
8.782041070480335332e-01 6.139472148006406282e-01 -8.648929295760471314e-01
9.382679513919884862e-01 9.274287600360122674e-01 -3.085044984292160258e-02
6.799890375185725366e-01 3.301720202819254935e-01 1.790424396056900402e+00
2.962533754828320931e-01 8.308581385033541045e-01 1.692950866803224486e-01
8.985590195505761546e-01 8.110674831997898293e-01 -5.244759184298550814e-01
5.678308186866503071e-01 2.341848719387741584e-01 1.350609960560861911e+00
2.536932690390026335e-01 5.221343744791822061e-01 -5.170858649021747855e-01
3.981017479425799643e-01 4.809106655010705333e-01 -3.894706524801241354e-01
9.431195071899179938e-01 4.697673170463336212e-01 -1.156251308859813198e+00
5.848844973951454751e-01 9.206494498378116065e-01 -1.706802037904152414e+00
8.251354959022036972e-01 6.844902316959878830e-01 -4.171785543781361127e-01
