1.924056742826263378e-01 5.429234155829446573e-01 -5.260897038454001029e-01
5.454911762094481059e-02 3.319683330310107539e-01 1.192703031929273294e+00
8.087121852806379296e-01 4.760560890400303835e-01 -1.484512303272205624e+00
6.673245032719780090e-01 2.598965310332213008e-01 1.708940651182663473e+00
4.536994887576137891e-01 9.195664522194072488e-01 -1.692167067618086662e+00
9.734859148737107226e-01 1.270625577038854703e-01 7.376766269788976871e-01
3.840409871174561562e-01 6.457587989863015909e-02 -5.747107642575101094e-01
2.176517062964890559e-01 1.147505888301706134e-01 -1.301225255896803823e+00
5.953551386394666523e-01 2.350811391967418951e-01 1.476626212942568683e+00
6.735517654217867412e-01 7.968439500618903493e-01 -1.461608368205809860e+00
4.612145281367053262e-01 2.231051049564839739e-01 1.304307601654086657e+00
6.877571486642128917e-01 9.134849578151270633e-01 -1.625401819290003935e+00
8.296761705097223105e-01 2.744166303000070140e-01 -2.523026691350916728e+00
5.024916911283593413e-01 3.657779727438948414e-01 1.132023043554896136e+00
2.995942520039249768e-01 5.796713131288596665e-01 -4.993831198114148662e-01
2.757640355455301395e-01 5.487661012130591320e-01 -4.952513179550930289e-01
3.680738397881211377e-01 5.578787017636014367e-01 -3.864181727306334468e-01
5.125997632792129721e-01 5.526011183607255628e-01 -3.195005729967391461e-02
6.431826183796705010e-01 4.141695115134078620e-01 1.623434660356059878e+00
4.565604225800744542e-01 4.942558696365504378e-01 1.879804673167204954e-01
5.954902712001328702e-01 4.854435184984882690e-01 9.011104132229027508e-01
7.654285389278480123e-01 3.524865560529816255e-01 3.014656938149971044e+00
8.919641761510562761e-01 6.911623919399755289e-01 -6.764750533267894772e-01
2.860996937761984826e-01 5.864664856232322254e-01 -4.913396039379096525e-01
8.097213602701452961e-01 7.270125152158439796e-01 -7.922781020557679854e-01
6.097144551842942350e-01 3.457271181600184429e-01 1.513218416316074899e+00
4.836051223498188945e-01 7.365473149313520596e-01 -2.615894306575504036e+00
3.080762082615363107e-01 2.042739410473947415e-01 -1.301025556323318622e+00
9.374079952340020894e-01 7.360267608026453690e-02 4.169736351268945596e-01
8.387041381293363074e-01 2.979244525236854346e-01 -2.752833862638451645e+00
8.859276501118393821e-01 6.075952952056256073e-01 -6.882570327807372434e-01
9.482575923949820851e-01 9.269737076969235545e-01 -4.552095337530803754e-02
6.783135430703483015e-01 3.400306570210476775e-01 1.739139774346099454e+00
3.061104132920430820e-01 8.325430140559648695e-01 1.692950866803224486e-01
9.073678906410873601e-01 8.063342189867170884e-01 -4.930631810823802863e-01
5.693902752158443992e-01 2.440625283072430374e-01 1.414211579965878096e+00
2.625355733516583912e-01 5.174638654659815540e-01 -4.859526137655864053e-01
4.076468301148436502e-01 4.779288193741326740e-01 -3.027901790077779376e-01
9.475576039971707054e-01 4.608061063731347384e-01 -1.110950805404210096e+00
5.838463854527898844e-01 9.107034796189169557e-01 -1.674794889234944906e+00
8.251354959022036972e-01 6.844902316959878830e-01 -4.171785543781361127e-01
