2.011834036847671425e-01 5.381326466944682529e-01 -4.996027588126002450e-01
5.824060868706576466e-02 3.412620348612154242e-01 1.192703031929273294e+00
8.061811814106590868e-01 4.663816888307072417e-01 -1.826679978123002535e+00
6.654139234837075367e-01 2.697123185651849053e-01 1.763036194367826770e+00
4.525750254787476723e-01 9.096298742201923693e-01 -1.683480978426515895e+00
9.818651703533748387e-01 1.325204032134724430e-01 5.773251310528961788e-01
3.924344827552126436e-01 5.913995946332550185e-02 -5.747107642575101094e-01
2.203158489483431071e-01 1.051120026303915128e-01 -1.301125406110061222e+00
5.957138313369795268e-01 2.450747041036582807e-01 1.534919360992920589e+00
6.733863514390209248e-01 7.868453182447713301e-01 -1.587338479501359423e+00
4.634388549676005109e-01 2.328545854631242917e-01 1.346487371005789857e+00
6.871736715695838660e-01 9.035019946037331495e-01 -1.629177194108089921e+00
8.201102321140948392e-01 2.715023855245873863e-01 -2.845877038635457268e+00
5.074923998231276601e-01 3.744378175779590756e-01 1.047115716240213379e+00
3.085917115350701456e-01 5.753071726653313789e-01 -4.516092850981566209e-01
2.847911282340090389e-01 5.444635905978937318e-01 -4.447708785245831908e-01
3.776173763831974228e-01 5.548919126417450887e-01 -3.033080786911706017e-01
5.225711392851418724e-01 5.533572007295093353e-01 7.568045990174097903e-02
6.427913152289663756e-01 4.241618526727282679e-01 1.609936634688344359e+00
4.662323965168389539e-01 4.967961294985622223e-01 2.568405222390839904e-01
6.016422353119510458e-01 4.933272573048479437e-01 9.081612499403087790e-01
7.561854483546445183e-01 3.563030042257668839e-01 2.750017499376549157e+00
9.001402773930939905e-01 6.854046694319043675e-01 -6.135483563455546019e-01
2.951207597839457519e-01 5.821513531705876376e-01 -4.461695625270831744e-01
8.170302067450248007e-01 7.201875050908227438e-01 -7.511790892823438925e-01
6.097677603080698949e-01 3.557269760871981656e-01 1.565465789173154709e+00
4.749553852494011741e-01 7.315291431433741387e-01 -2.615894306575504036e+00
3.107408321154582209e-01 1.946354878666654575e-01 -1.301075481216689811e+00
9.469069745510720892e-01 7.672827873157468670e-02 3.178871470621498219e-01
8.287566826444219270e-01 2.969006706252093619e-01 -3.039034772268658813e+00
8.940794126708380141e-01 6.018031654434649047e-01 -6.177628945826901807e-01
9.582311302162318523e-01 9.262466978427260633e-01 -7.276518092406171478e-02
6.765653146172783128e-01 3.498766560701983552e-01 1.746522166519711927e+00
3.159674511012540710e-01 8.342278896085756346e-01 1.692950866803224486e-01
9.162799084176843634e-01 8.017981480933535909e-01 -4.708086336334814659e-01
5.706346392128820444e-01 2.539848041672903012e-01 1.446036531035322481e+00
2.715889240294152018e-01 5.132168851851749425e-01 -4.386283123682033769e-01
4.175993353177361866e-01 4.769553512511838789e-01 -9.750122124958220116e-02
9.485756465780381674e-01 4.508580618766750980e-01 -1.468815391763606426e+00
5.829307750055152670e-01 9.007454849659337626e-01 -1.662485789099181765e+00
8.251354959022036972e-01 6.844902316959878830e-01 -4.171785543781361127e-01
