2.101609379548929069e-01 5.337276633314216312e-01 -4.561536904738150988e-01
6.193209975318671873e-02 3.505557366914200945e-01 1.192703031929273294e+00
8.005552294283325709e-01 4.581143637317071637e-01 -2.168317888910083369e+00
6.633529923215168989e-01 2.794976424098367107e-01 1.778377000547090692e+00
4.515549324093235395e-01 8.996820397759671684e-01 -1.672983383762848941e+00
9.908800280366266700e-01 1.368484906606846352e-01 4.476061390575230003e-01
4.008279783929691309e-01 5.370403902802084461e-02 -5.747107642575101094e-01
2.229802322020612015e-01 9.547348293713432688e-02 -1.301100443663375517e+00
5.957258942714515060e-01 2.550746968279362092e-01 1.569590033055147105e+00
6.728312552820391312e-01 7.768607367184126034e-01 -1.626334489217945656e+00
4.655992577143774902e-01 2.426184299913681786e-01 1.353039186786553882e+00
6.864888514331171088e-01 8.935254710919736665e-01 -1.639331981389929194e+00
8.101103214870604141e-01 2.714601072639318269e-01 -3.137364814929080925e+00
5.116899228444617975e-01 3.835142045510541720e-01 1.137623927550427183e+00
3.178880996855379393e-01 5.716224518677889277e-01 -3.773649209539030047e-01
2.941263180742058614e-01 5.408783108811232587e-01 -3.666905554643350440e-01
3.873889286775253904e-01 5.527666442447624062e-01 -2.141601501717172729e-01
5.324171736895395579e-01 5.551052300506071902e-01 1.757056151022419743e-01
6.422885155286675030e-01 4.341492042967264875e-01 1.621097506221288453e+00
4.756232322584522110e-01 5.002330182186168761e-01 3.508422495734677127e-01
6.073301615895756456e-01 5.015520670084403498e-01 9.657591817273908363e-01
7.486511752549174226e-01 3.628783162988725164e-01 2.424055346974804070e+00
9.085372487897465099e-01 6.799741196104037710e-01 -5.740710424903985309e-01
3.043950906764068542e-01 5.784114619292356485e-01 -3.833065628875977349e-01
8.254700724261068157e-01 7.148238619925830761e-01 -5.661234249214419645e-01
6.096897152075287929e-01 3.657266715306745075e-01 1.578600916080454164e+00
4.663056481489834537e-01 7.265109713553962179e-01 -2.615894306575504036e+00
3.134053356694858072e-01 1.849970014289214759e-01 -1.301087962440032664e+00
9.561833980288847457e-01 8.046297650519509959e-02 3.827466430598364666e-01
8.189517636320942096e-01 2.988662654872537017e-01 2.943744942132763054e+00
9.026366408529070684e-01 5.966288204762246750e-01 -5.438501696706642408e-01
9.678640575521907374e-01 9.235621660511212916e-01 -2.717869072787716389e-01
6.749724099099703167e-01 3.597489736599761567e-01 1.730768232129120898e+00
3.258244889104650599e-01 8.359127651611863996e-01 1.692950866803224486e-01
9.252398576362153015e-01 7.973575051217393073e-01 -4.601296731263825879e-01
5.712011760865675081e-01 2.639687430678823166e-01 1.514112289243671583e+00
2.809020207598655894e-01 5.095746016584193905e-01 -3.728041072079185669e-01
4.275992733655931133e-01 4.769905512373060485e-01 3.520005881283946522e-03
9.461232168264932518e-01 4.411634454163019803e-01 -1.818566640336844786e+00
5.820571807968546452e-01 8.907837163900936828e-01 -1.658267247360414309e+00
8.251354959022036972e-01 6.844902316959878830e-01 -4.171785543781361127e-01
