2.194052473598517572e-01 5.299141683956194449e-01 -3.912556677563723828e-01
7.144645081415730570e-02 3.474772429219594727e-01 -3.129318042037855796e-01
7.924757459166803519e-01 4.522218306444059643e-01 -2.511458306548593811e+00
6.598971640834361274e-01 2.888815249319532374e-01 1.923656131181760820e+00
4.555589137111362708e-01 8.905186269982552361e-01 -1.158845043887325010e+00
3.047990822624413454e-05 1.408820040851745392e-01 4.151763910586797057e-01
4.092214740307256182e-01 4.826811859271618738e-02 -5.747107642575101094e-01
2.256446756059859171e-01 8.583497987144605990e-02 -1.301094203051704090e+00
5.953215427091349543e-01 2.650665184743654645e-01 1.611242509733998851e+00
6.721266912222194634e-01 7.668855881237494065e-01 -1.641311155546624434e+00
4.672557988292766473e-01 2.524802691471569327e-01 1.404375077023325868e+00
6.857344980590793782e-01 8.835539641352956330e-01 -1.646303392032985702e+00
8.005610733134510548e-01 2.744285848735523170e-01 2.840202734752536262e+00
5.153880203156324669e-01 3.928052795746303505e-01 1.191992083950349945e+00
3.274387365889586676e-01 5.686584453328740185e-01 -3.009217406669875694e-01
3.037090000460315742e-01 5.380196037910479623e-01 -2.899149328632830702e-01
3.973032357681674509e-01 5.514603077978834644e-01 -1.310080743439603623e-01
5.420697260954914221e-01 5.577183186542242765e-01 2.643779278670317923e-01
6.416930852993180112e-01 4.441314616988363273e-01 1.630374589671477414e+00
4.847040929718460789e-01 5.044208540205484814e-01 4.321053632431245406e-01
6.125968868428467440e-01 5.100527496343567613e-01 1.016114891334879422e+00
7.419323295543569508e-01 3.702848750444749926e-01 2.307546648264832356e+00
9.172534924047215377e-01 6.750723753040973607e-01 -5.122898630104967266e-01
3.139133233123581612e-01 5.753449904247355251e-01 -3.116684693299779374e-01
8.342462683380988953e-01 7.100302844857170337e-01 -4.999227577092008601e-01
6.092974148488254915e-01 3.757189735891874327e-01 1.610036432116549232e+00
4.576559110485657333e-01 7.214927995674182970e-01 -2.615894306575504036e+00
3.160698091484749339e-01 1.753585066771584378e-01 -1.301091082745868377e+00
9.653980470446636986e-01 8.434759276886961976e-02 3.989615170592581417e-01
8.099130789088611060e-01 3.031443700294538246e-01 2.699523685706682219e+00
9.114442815908777584e-01 5.918932672212354751e-01 -4.933230556734312100e-01
9.772018702651209532e-01 9.199837231302074869e-01 -3.659582902025771411e-01
6.708150873657701130e-01 3.688438441518240296e-01 1.999544110777927264e+00
3.346252447088891580e-01 8.311644288866050223e-01 -4.947749786035012254e-01
9.342021553817368984e-01 7.929216039595605725e-01 -4.596005196854676123e-01
5.708332837049143738e-01 2.739619735363305053e-01 1.607593868739041643e+00
2.904562822263772048e-01 5.066222995347317015e-01 -2.996964622555318702e-01
4.375632480220015275e-01 4.778386131728103448e-01 8.490817960425633970e-02
9.436707870749483362e-01 4.314688289559288625e-01 -1.818566640336844786e+00
5.828710710200050160e-01 8.808168922868669926e-01 -1.489317179742997599e+00
8.251354959022036972e-01 6.844902316959878830e-01 -4.171785543781361127e-01
