2.289017457519946508e-01 5.267810360511393508e-01 -3.186799349973482576e-01
8.096080187512788573e-02 3.443987491524988509e-01 -3.129318042037855796e-01
7.837494557577846521e-01 4.571056672574347335e-01 2.631356126088687741e+00
6.559801215009393172e-01 2.980824367023652832e-01 1.973279461869126505e+00
4.605130968120951240e-01 8.818320816664116935e-01 -1.052480000312897124e+00
9.213332147156265764e-03 1.448411990485449774e-01 4.070689540589689237e-01
4.176149696684821055e-01 4.283219815741153014e-02 -5.747107642575101094e-01
2.283091340474460718e-01 7.619648096270867366e-02 -1.301092642898786345e+00
5.940282271100476574e-01 2.749825325304848800e-01 1.700491175213360018e+00
6.719111103830059939e-01 7.568879121487157580e-01 -1.592356080922355144e+00
4.681971268563032140e-01 2.624358656408650736e-01 1.476523948605205749e+00
6.856823729142587087e-01 8.735540999877545731e-01 -1.576008864881522697e+00
7.928141849904551952e-01 2.807520112636536780e-01 2.457019186183989401e+00
5.185031482056360330e-01 4.023076991732863483e-01 1.254011704898603030e+00
3.371877632577292561e-01 5.664321302133098479e-01 -2.245128984442248954e-01
3.134819402229871987e-01 5.359007266597241026e-01 -2.135061280280908524e-01
4.072896988439363430e-01 5.509401585536228829e-01 -5.203840787866128442e-02
5.514916937847594847e-01 5.610689193261021446e-01 3.416689816544760117e-01
6.407649717127441580e-01 4.540882988055894853e-01 1.663741449986231302e+00
4.934575457773391904e-01 5.092558373692276374e-01 5.046468415144153008e-01
6.173957767344245839e-01 5.188260418219288184e-01 1.070268151478146690e+00
7.363043828157194159e-01 3.785508423506684372e-01 2.168559190672912695e+00
9.261396966145913900e-01 6.704859415325825633e-01 -4.764679341829778925e-01
3.236342003973826653e-01 5.729988129596137458e-01 -2.368253200002062298e-01
8.431651107223954167e-01 7.055076469229581981e-01 -4.693018832084281944e-01
6.082674615862528888e-01 3.856657919889027730e-01 1.673974624215097906e+00
4.490061739481480130e-01 7.164746277794403762e-01 -2.615894306575504036e+00
3.187342751087003934e-01 1.657200098469052973e-01 -1.301091862822327361e+00
9.745968732523853095e-01 8.826953060623186909e-02 4.030152355591135604e-01
8.022627823213328568e-01 3.095843205046402979e-01 2.441883710279345809e+00
9.203866591275451370e-01 5.874173445239911917e-01 -4.640710244872531254e-01
9.863619641159918627e-01 9.159721547781490836e-01 -4.127794049440223767e-01
6.668361451443860499e-01 3.780181571396660778e-01 1.980016729637222417e+00
3.417790519942522920e-01 8.241770802246385363e-01 -7.736274894581991468e-01
9.431867867184027254e-01 7.885311142665761830e-01 -4.545398909761475537e-01
5.698729391621588647e-01 2.839157536403512649e-01 1.666979011904802910e+00
3.002939424016564107e-01 5.048277404591576811e-01 -1.804333523286394125e-01
4.474935957661611008e-01 4.790168294857447551e-01 1.180959471280342982e-01
9.412183573234034206e-01 4.217742124955557448e-01 -1.818566640336844786e+00
5.848273949415015993e-01 8.710101192847944374e-01 -1.373894065618273652e+00
8.251354959022036972e-01 6.844902316959878830e-01 -4.171785543781361127e-01
