2.386274068809224325e-01 5.244547695992333169e-01 -2.347775512879626825e-01
9.047515293609846576e-02 3.413202553830382291e-01 -3.129318042037855796e-01
7.780423401559249941e-01 4.653171733012131939e-01 2.178168461748383411e+00
6.517618629953151332e-01 3.071492054310651088e-01 2.006254488847427186e+00
4.653454546372176592e-01 8.730771791626725786e-01 -1.066449401919210338e+00
1.840419024922617525e-02 1.487817735431606891e-01 4.050420948090412421e-01
4.260084653062385929e-01 3.739627772210687290e-02 -5.747107642575101094e-01
2.309735962482890870e-01 6.655798309321267481e-02 -1.301092252860556853e+00
5.929351670630002014e-01 2.849226140056815848e-01 1.680321171243560840e+00
6.724767715371562371e-01 7.469039235941006272e-01 -1.514200001855476208e+00
4.687054790897291490e-01 2.724229361826591145e-01 1.519939183051942644e+00
6.865086110164208000e-01 8.635882919122127577e-01 -1.488078218694448340e+00
7.863878398429349215e-01 2.884137400532248430e-01 2.268728193102048873e+00
5.212010542958961379e-01 4.119368893120330943e-01 1.297620756351383964e+00
3.470803616925438595e-01 5.649704543916913568e-01 -1.466931282054877161e-01
3.233902689446798151e-01 5.345497929297131634e-01 -1.355076987439439440e-01
4.172867218500672104e-01 5.511841483380193196e-01 2.440139991497180388e-02
5.597796529580456593e-01 5.666644293780940256e-01 5.938439573668875537e-01
6.400411616563416173e-01 4.640620693565020161e-01 1.643240682702587829e+00
5.017252033674846068e-01 5.148813007254420260e-01 5.974624600137589114e-01
6.203741156462481143e-01 5.283722189272583858e-01 1.268373563579218599e+00
7.317298546615811361e-01 3.874431813099634692e-01 2.045924936885504586e+00
9.351165268386987250e-01 6.660795235851388885e-01 -4.563134938903606885e-01
3.335192697242252424e-01 5.714870575549545473e-01 -1.517573730510721475e-01
8.521596315665979082e-01 7.011374530161382790e-01 -4.522821896853110868e-01
6.070115490626093457e-01 3.955866127076213545e-01 1.696720106739715073e+00
4.403564368477302926e-01 7.114564559914624553e-01 -2.615894306575504036e+00
3.213987391892346723e-01 1.560815124970305334e-01 -1.301092057841442218e+00
9.837917201290166114e-01 9.220078879099960489e-02 4.040286651840774290e-01
7.959632606946979161e-01 3.173506598788602417e-01 2.252287941086345224e+00
9.294021394891616161e-01 5.830905542760929094e-01 -4.474622483208721690e-01
9.954363047740485415e-01 9.117702097973645614e-01 -4.336596479600849374e-01
6.637471755385542238e-01 3.875291122323077930e-01 1.884829383743623854e+00
3.433658011741724803e-01 8.143037714054015552e-01 -1.411447904054837332e+00
9.521947391900145163e-01 7.841886734472691689e-01 -4.491989393963080057e-01
5.687897411141303872e-01 2.938569146383809838e-01 1.679329080510469252e+00
3.102428033713655053e-01 5.038177080807665353e-01 -1.011757643923548861e-01
4.572703758658508977e-01 4.811179175092006877e-01 2.116862449089074449e-01
9.387659275718585050e-01 4.120795960351826270e-01 -1.818566640336844786e+00
5.874064215756081841e-01 8.613484102423646371e-01 -1.309945526722925413e+00
8.251354959022036972e-01 6.844902316959878830e-01 -4.171785543781361127e-01
