2.485091072967270942e-01 5.229211474514127156e-01 -1.539698472718207256e-01
9.998950399706904579e-02 3.382417616135776073e-01 -3.129318042037855796e-01
7.738648587353125219e-01 4.744028020070561458e-01 2.001761747150995419e+00
6.481633333250487183e-01 3.164792956885177366e-01 1.938906625354538615e+00
4.683765109333801746e-01 8.635476095118702622e-01 -1.262846414282689178e+00
2.759704391875486551e-02 1.527176903881452275e-01 4.045353799965592523e-01
4.344019609439950802e-01 3.196035728680221566e-02 -5.747107642575101094e-01
2.336380593889777479e-01 5.691948548352725179e-02 -1.301092155350999535e+00
5.919275070967385810e-01 2.948717155426242020e-01 1.671733633393642338e+00
6.738058818399395022e-01 7.369926438683015446e-01 -1.437490832848869582e+00
4.689876998295205435e-01 2.824189529620583783e-01 1.542570505060408603e+00
6.880911779998947209e-01 8.537143118766435945e-01 -1.411871475757713545e+00
7.811119500085460521e-01 2.969087377845601727e-01 2.126556222197312440e+00
5.229810959653539149e-01 4.217771866477335596e-01 1.391838473483300698e+00
3.570591252783905656e-01 5.643190886743100210e-01 -6.518271984845804001e-02
3.333759807603906000e-01 5.340154152228667739e-01 -5.346323619665913768e-02
4.272039112831301777e-01 5.524684200182895522e-01 1.287828506975613740e-01
5.665352096057286735e-01 5.740375192581881336e-01 8.290782455961321906e-01
6.403062087631998800e-01 4.740585562409602716e-01 1.544288511869140734e+00
5.082816649569451561e-01 5.224319835704520631e-01 8.557582616628943706e-01
6.225180692357169532e-01 5.381396885589595502e-01 1.354723574563470923e+00
7.281478907926988153e-01 3.967796439614188486e-01 1.937131707712708151e+00
9.441448375922948388e-01 6.617795695230005437e-01 -4.444876887284475719e-01
3.434973017452701560e-01 5.708245796406035133e-01 -6.629634510575847794e-02
8.611980877352513053e-01 6.968588656222275413e-01 -4.421223891307912712e-01
6.059414773327976844e-01 4.055291951937291528e-01 1.678008774168705308e+00
4.360710502269748989e-01 7.024212215445512220e-01 -2.013671105315170795e+00
3.240632027998461284e-01 1.464430150172504330e-01 -1.301092106596220876e+00
9.929855706971730811e-01 9.613437643212417727e-02 4.042820225903183129e-01
7.915517383653561945e-01 3.263249827356399790e-01 2.027678517496817712e+00
9.384589496329397429e-01 5.788509564154983300e-01 -4.378130330478404719e-01
4.477724240978142589e-03 9.074978879434979495e-01 -4.414292936781964993e-01
6.613963986777923187e-01 3.972488780808715592e-01 1.808094819989013669e+00
3.434826852122211949e-01 8.043044545226515352e-01 -1.559107656831075994e+00
9.612238156842795034e-01 7.798903275257883516e-01 -4.443095742945905036e-01
5.677694711196058508e-01 3.038047309383672956e-01 1.673001169067052540e+00
3.202417538638117067e-01 5.036728321006658238e-01 -1.448810485946956141e-02
4.667088920094813465e-01 4.844216143788344087e-01 3.366952274319915395e-01
9.363134978203135894e-01 4.023849795748095093e-01 -1.818566640336844786e+00
5.898086156366025845e-01 8.516412240541161305e-01 -1.328204457668557881e+00
8.251354959022036972e-01 6.844902316959878830e-01 -4.171785543781361127e-01
