2.584841486494330876e-01 5.222150667111248312e-01 -7.066687547101985212e-02
1.095038550580396258e-01 3.351632678441169855e-01 -3.129318042037855796e-01
7.709684819555683299e-01 4.839741656272389392e-01 1.864644594881992079e+00
6.453354418479277932e-01 3.260711166727535693e-01 1.857497034340865660e+00
4.702415867040908859e-01 8.537230742877740530e-01 -1.383190185124055116e+00
3.679039611136260268e-02 1.566524426627712296e-01 4.044087012934388103e-01
4.427954565817515675e-01 2.652443685149756189e-02 -5.747107642575101094e-01
2.363025227646277926e-01 4.728098793879449008e-02 -1.301092130973610317e+00
5.910303365087644645e-01 3.048313884758120373e-01 1.660634181329107673e+00
6.755791026070505634e-01 7.271511151196220490e-01 -1.392531590274843856e+00
4.690241384320434359e-01 2.924188865732503251e-01 1.567152458478865640e+00
6.900117333952134890e-01 8.439004712944091491e-01 -1.377540076626077248e+00
7.770672414122812288e-01 3.060542466480024593e-01 1.987196503861841990e+00
5.245485775559572961e-01 4.316535727004918721e-01 1.413399081865821305e+00
3.670554101187139540e-01 5.645916494769218641e-01 2.725945611921013270e-02
3.433677517414002178e-01 5.344210168291926299e-01 4.057128997374714191e-02
4.368658030610503284e-01 5.550467619800469876e-01 2.607799362246813746e-01
5.723854203162791476e-01 5.821477001835535514e-01 9.458902882844520965e-01
6.406970877119825269e-01 4.840509140031402646e-01 1.531698471572169762e+00
5.149148039425905932e-01 5.299153963745883988e-01 8.455578833853050202e-01
6.245062891897810164e-01 5.479400447470917923e-01 1.370640554701687774e+00
7.255178490861144969e-01 4.064275909254950192e-01 1.836931006990684345e+00
9.532043192028645251e-01 6.575456832529468221e-01 -4.371824856456380526e-01
3.534930280868684438e-01 5.711169063480352470e-01 2.923683580347692657e-02
8.702637457882062000e-01 6.926382206398944419e-01 -4.357213895536087289e-01
6.051696296870789915e-01 4.154993632570969098e-01 1.648057935437740040e+00
4.392374704808167385e-01 6.929357704337152368e-01 -1.248609072885674243e+00
3.267276662929768927e-01 1.368045175049940054e-01 -1.301092118784915597e+00
2.179172095996939618e-03 1.000685463978911727e-01 4.043453619418785894e-01
7.882863277536444890e-01 3.357768129042856819e-01 1.903438033463893397e+00
9.475196030456644047e-01 5.746195784207452917e-01 -4.369056361319453297e-01
1.351298159115427687e-02 9.032125496119203234e-01 -4.428694339863935570e-01
6.596687438926209790e-01 4.070985079695158548e-01 1.744433006485201609e+00
3.452127654497944009e-01 7.944552503735053950e-01 -1.396913393708581141e+00
9.702712440561159779e-01 7.756307454035036297e-01 -4.400207208836186545e-01
5.669569516622716687e-01 3.137716668833532840e-01 1.652137941759449280e+00
3.302042031609581096e-01 5.045386288445886658e-01 8.668820835172069694e-02
4.758143305993498551e-01 4.885557392059451942e-01 4.261986289743635581e-01
9.338610680687686738e-01 3.926903631144363915e-01 -1.818566640336844786e+00
5.918718532114226605e-01 8.418563862573077428e-01 -1.362979945984067021e+00
8.251354959022036972e-01 6.844902316959878830e-01 -4.171785543781361127e-01
