2.684815868428703789e-01 5.224414062092286315e-01 2.263588280183233617e-02
1.190182061190102059e-01 3.320847740746563637e-01 -3.129318042037855796e-01
7.689247425208916020e-01 4.937630945330563348e-01 1.776620435603066150e+00
6.431977699596899134e-01 3.358399630170378902e-01 1.786225999643068496e+00
4.721279011032494255e-01 8.439025947685485640e-01 -1.381027944937359253e+00
4.598387291168880980e-02 1.605869037849408099e-01 4.043770316176586443e-01
4.511889522195080549e-01 2.108851641619290812e-02 -5.747107642575101094e-01
2.389669861990182109e-01 3.764249041029989196e-02 -1.301092124879263068e+00
5.903484231804150273e-01 3.148081110946192585e-01 1.639040619465384596e+00
6.774982468591846940e-01 7.173369984839028657e-01 -1.377683865729186552e+00
4.690516339251228906e-01 3.024188487730719022e-01 1.568046774022499035e+00
6.919794259474632003e-01 8.340959730400454575e-01 -1.372734668113550160e+00
7.740392057938771941e-01 3.155847765542393879e-01 1.878429275828062961e+00
5.262148657744800673e-01 4.415137696342661955e-01 1.403386629097796989e+00
3.770549217937142483e-01 5.644928250794617464e-01 -9.882600610564958032e-03
3.532937946697912168e-01 5.356349656682050098e-01 1.216950390370821339e-01
4.463663642073611437e-01 5.581675532106821214e-01 3.173806694890292102e-01
5.779470755022320105e-01 5.904584156517045379e-01 9.810315889831660030e-01
6.414285871198975864e-01 4.940241235475256731e-01 1.497580991912456083e+00
5.207041114017486594e-01 5.380691635495411518e-01 9.533796096158916322e-01
6.264751525255554121e-01 5.577443079608699339e-01 1.372615253786929834e+00
7.236443745806488970e-01 4.162505280258418372e-01 1.759257411443102770e+00
9.622797426596377823e-01 6.533460774285568817e-01 -4.334018863311365766e-01
3.634929575910977873e-01 5.711544551222316191e-01 3.754886243094649693e-03
8.793423421505389692e-01 6.884454783284903456e-01 -4.326457438649238818e-01
6.062742253783278690e-01 4.254381694408834735e-01 1.460110889952477731e+00
4.482766720597137766e-01 6.886587580633724004e-01 -4.419481382863615360e-01
3.293921297567374840e-01 1.271660199846184891e-01 -1.301092121832089221e+00
1.137271119672460251e-02 1.040028619423526979e-01 4.043611967797686169e-01
7.858748750123207838e-01 3.454817032012628686e-01 1.814342105167808361e+00
9.565911764101935333e-01 5.704116624648395417e-01 -4.343177547821786000e-01
2.255433362366850505e-02 8.989400850510198548e-01 -4.414450774350061613e-01
6.586376714479200700e-01 4.170452104187589715e-01 1.674087141464862594e+00
3.498852779516427036e-01 7.856140045947663797e-01 -1.084617119542294006e+00
9.793320128947288206e-01 7.713996145790995573e-01 -4.368783567776555743e-01
5.666885705732007672e-01 3.237680648141595952e-01 1.597637658590525866e+00
3.401093812077890521e-01 5.059124730353826704e-01 1.378203081007822461e-01
4.842577209582202835e-01 4.939138320800687265e-01 5.654659422767365218e-01
9.314086383172237582e-01 3.829957466540632738e-01 -1.818566640336844786e+00
5.938443217112147066e-01 8.320528477115922694e-01 -1.372247526285268027e+00
8.251354959022036972e-01 6.844902316959878830e-01 -4.171785543781361127e-01
