2.784663604921968072e-01 5.229930357694562160e-01 5.519097076974512767e-02
1.285325571799807998e-01 3.290062803051957419e-01 -3.129318042037855796e-01
7.675905775846609824e-01 5.036736951164182408e-01 1.704611826175221445e+00
6.418964444789083679e-01 3.457549290781531948e-01 1.701298990178762960e+00
4.749988224078803278e-01 8.343235650231820566e-01 -1.279606537793333443e+00
5.517738086250389279e-02 1.645212921183796806e-01 4.043691141987136306e-01
4.595824478572645422e-01 1.565259598088825435e-02 -5.747107642575101094e-01
2.416314496480937157e-01 2.800399288586483473e-02 -1.301092123355676033e+00
5.902788734008984628e-01 3.248078692331028972e-01 1.577751360818475890e+00
6.794513545175566716e-01 7.075295844274449575e-01 -1.374222018348225216e+00
4.689481476175379471e-01 3.124183132879417846e-01 1.581145142275278248e+00
6.939438495437360022e-01 8.242908192965080483e-01 -1.373068070863066481e+00
7.718809925362505320e-01 3.253491052835788544e-01 1.788329227790993459e+00
5.290739853021121375e-01 4.510963285579938642e-01 1.280838353767508320e+00
3.868847509697780906e-01 5.663297949674576115e-01 1.847461292090309681e-01
3.631003015684212132e-01 5.375926230557789287e-01 1.970382370136076478e-01
4.555223686387234738e-01 5.621884465010932308e-01 4.137976280834039788e-01
5.832479100781067238e-01 5.989378703982793928e-01 1.012097341184796662e+00
6.426968689374829014e-01 5.039433705568092670e-01 1.443625646636958137e+00
5.263353169993473246e-01 5.463329110963610624e-01 9.726391598151129525e-01
6.289858231190890159e-01 5.674240049174262834e-01 1.317013860429339323e+00
7.226687442775566739e-01 4.262028215058236147e-01 1.668514800192507197e+00
9.713657092294503137e-01 6.491693309085667662e-01 -4.308845358095526601e-01
3.733928354702066854e-01 5.725659854898577095e-01 1.416260162479990314e-01
8.884304104834419569e-01 6.842733069541954150e-01 -4.303810542631580915e-01
6.080189544790103318e-01 4.352847891839847216e-01 1.395425884428614483e+00
4.577463872130747014e-01 6.854455828558547736e-01 -3.271204587361387639e-01
3.320565932131555043e-01 1.175275224622132075e-01 -1.301092122593882516e+00
2.056623472256801505e-02 1.079372138813337184e-01 4.043651554892411237e-01
7.842964576648986386e-01 3.553563474316823734e-01 1.729300932256005341e+00
9.656730597269245209e-01 5.662260447778925121e-01 -4.318611143598261037e-01
3.160541765419583315e-02 8.946882762744715611e-01 -4.391617171063308955e-01
6.583760855747330387e-01 4.270417884748213821e-01 1.596957898296045952e+00
3.560669610419069375e-01 7.777535469635885601e-01 -9.043860247940863628e-01
9.884035498181050761e-01 7.671916200629647076e-01 -4.343264148440908468e-01
5.670632218659369395e-01 3.337610441701300279e-01 1.533322427413824185e+00
3.498191257849233016e-01 5.083043050208724267e-01 2.415245454956199689e-01
4.923180637101034485e-01 4.998325206782435193e-01 6.333754585067108422e-01
9.214185971221203753e-01 3.834419270213331732e-01 3.096959799549373393e+00
5.961157777227698018e-01 8.223142396186680081e-01 -1.341650663850878722e+00
8.251354959022036972e-01 6.844902316959878830e-01 -4.171785543781361127e-01
