2.883320974676388260e-01 5.246262026107177956e-01 1.640515452986074374e-01
1.380469082409513937e-01 3.259277865357351200e-01 -3.129318042037855796e-01
7.670112257545523837e-01 5.136568985830891609e-01 1.628763968622371605e+00
6.413646512575873482e-01 3.557407788652147129e-01 1.624000746424040020e+00
4.806456149985047777e-01 8.260704605504113340e-01 -9.707517555591271829e-01
6.437089660085115739e-02 1.684556622545973215e-01 4.043671348439774049e-01
4.679759434950210295e-01 1.021667554558360058e-02 -5.747107642575101094e-01
2.442959131008404783e-01 1.836549536244466360e-02 -1.301092122974779386e+00
5.908559883882970043e-01 3.347912022582663627e-01 1.513052744127761917e+00
6.878024934872342122e-01 7.020288137624260960e-01 -5.824565176885022622e-01
4.692310228596139332e-01 3.224143115671243565e-01 1.542505028690725810e+00
6.984344570424220189e-01 8.153558070249583567e-01 -1.105082467610126962e+00
7.705674513845531814e-01 3.352624603989168284e-01 1.702531133763853566e+00
5.319392597562779823e-01 4.606770489015956094e-01 1.280195987058107443e+00
3.964697060948754181e-01 5.691808711239064733e-01 2.891187018844978418e-01
3.726641098379284700e-01 5.405138507744110532e-01 2.964456761542680896e-01
4.643290573045795733e-01 5.669257700854266613e-01 4.935240658053119955e-01
5.896700439630558899e-01 6.066031294522049588e-01 8.734139830042508823e-01
6.445702725281364787e-01 5.137663211820809872e-01 1.382342461450088322e+00
5.320411354587297748e-01 5.545453185210186264e-01 9.635821496237556572e-01
6.328050000711763490e-01 5.766659683131905023e-01 1.178925930892146257e+00
7.224644181961069611e-01 4.362007338305261550e-01 1.591230356946997881e+00
9.804475834842498738e-01 6.449836935592484499e-01 -4.318632793712437468e-01
3.830969516394802654e-01 5.749805515737003159e-01 2.438665925781711152e-01
8.975237240438863617e-01 6.801125800355622975e-01 -4.291221340977456333e-01
6.102991238117979611e-01 4.450213608503267859e-01 1.340755850990721143e+00
4.675728530040473840e-01 6.835907054855566711e-01 -1.865681895085918029e-01
3.347210566677378818e-01 1.078890249393004847e-01 -1.301092122784331062e+00
2.975975435466785002e-02 1.118715749189349851e-01 4.043661451666092921e-01
7.816322763890867220e-01 3.649949229555662367e-01 1.840471254704282966e+00
9.747587576836860279e-01 5.620487139747959437e-01 -4.309488428635832036e-01
4.066675461305958167e-02 8.904583622661340625e-01 -4.367440659752108711e-01
6.585984175218264625e-01 4.370393165945768432e-01 1.548561299977911920e+00
3.637626748228828255e-01 7.713679389736397551e-01 -6.926266780456847849e-01
9.974806016715982437e-01 7.629955350246228063e-01 -4.330139738350479717e-01
5.679362097740847659e-01 3.437228658967133588e-01 1.483386268805189312e+00
3.592570559558722620e-01 5.116096755127070850e-01 3.368725512956752266e-01
5.001584263450784551e-01 5.060396708900627427e-01 6.696543489727511123e-01
9.135982794326215073e-01 3.896743126990099282e-01 2.468715527126827958e+00
6.003011138227298815e-01 8.132322265306808351e-01 -1.138966217565328343e+00
8.251354959022036972e-01 6.844902316959878830e-01 -4.171785543781361127e-01
