2.979801524051422512e-01 5.272558481995596180e-01 2.660936232198969353e-01
1.475612593019219876e-01 3.228492927662744982e-01 -3.129318042037855796e-01
7.674312643345636564e-01 5.236480730681686291e-01 1.528780107574045033e+00
6.412685579779644485e-01 3.657403171586366408e-01 1.580405802649581748e+00
4.879501821410717199e-01 8.192408706022715759e-01 -7.518058864275526387e-01
7.356441428607582433e-02 1.723900278415072540e-01 4.043666400052933763e-01
4.763694391327775168e-01 4.780755110278945945e-03 -5.747107642575101094e-01
2.469603765545050622e-01 8.726997839278214861e-03 -1.301092122879555335e+00
5.918622772746655603e-01 3.447404425648009085e-01 1.469996828652920140e+00
6.973994699415221321e-01 6.992184680655688656e-01 -2.848719555952551330e-01
4.699520979639908447e-01 3.323882802202657860e-01 1.498626182614213764e+00
7.050295075513470788e-01 8.078388057089596064e-01 -8.506361958317602001e-01
7.694920035612781151e-01 3.452044628118823844e-01 1.678549503920899300e+00
5.350467580600316575e-01 4.701819662758902618e-01 1.254814509189488225e+00
4.057792410764394786e-01 5.728322487306508615e-01 3.737807768222505822e-01
3.819417728708652815e-01 5.442454682048664116e-01 3.824146037395532161e-01
4.729081677645219361e-01 5.720637525412265445e-01 5.396062693108842900e-01
5.971008011139360416e-01 6.132952029847241748e-01 7.331415637710015920e-01
6.476691582224011201e-01 5.232740500094025249e-01 1.255720496584257662e+00
5.388263551677775487e-01 5.618911196005436093e-01 8.250476401262146764e-01
6.374960165099593512e-01 5.854974101417408372e-01 1.082523048670448240e+00
7.227157473782932495e-01 4.461975750137290309e-01 1.545660761899039226e+00
9.895320770949785905e-01 6.408037442968016473e-01 -4.312370576930601440e-01
3.925571764228556471e-01 5.782215617631335514e-01 3.300612986910003155e-01
9.066204545689787730e-01 6.759593290494247952e-01 -4.283001534538770083e-01
6.131507003452669746e-01 4.546061671224310152e-01 1.281625420085344524e+00
4.774384042670852257e-01 6.852249937943847291e-01 1.641652193326365861e-01
3.373855201218614042e-01 9.825052741626089103e-02 -1.301092122831943199e+00
3.895327301333038894e-02 1.158059382311907026e-01 4.043663925859513619e-01
7.796675666460131104e-01 3.748000193663860724e-01 1.768553766117912263e+00
9.838477396542909537e-01 5.578785333146782932e-01 -4.301620182659888769e-01
4.973596479238949486e-02 8.862453554155416136e-01 -4.348790199051293381e-01
6.597343885505433381e-01 4.469745855804632129e-01 1.456953478990272943e+00
3.728277370603347296e-01 7.671460144561804695e-01 -4.358625350904103968e-01
6.562499899392504332e-03 7.588099496916033138e-01 -4.318575518937688984e-01
5.693159166700521023e-01 3.536272290201665780e-01 1.432384111496295853e+00
3.684133430381761332e-01 5.156299251152113294e-01 4.137273268973191143e-01
5.076194140990568648e-01 5.126980236694657078e-01 7.286127868281094822e-01
9.083898481947411119e-01 3.982108368183615577e-01 2.118634646622369999e+00
6.075588125847366516e-01 8.063528509282030798e-01 -7.586434844629257324e-01
8.251354959022036972e-01 6.844902316959878830e-01 -4.171785543781361127e-01
