3.073627567235758251e-01 5.307151452674205849e-01 3.532294878305603514e-01
1.570756103628925815e-01 3.197707989968138764e-01 -3.129318042037855796e-01
7.687344774548201531e-01 5.335627911964460068e-01 1.440103278183387125e+00
6.420108025074290348e-01 3.757127327666265337e-01 1.496503550576030683e+00
4.969422406107437129e-01 8.148656123838345922e-01 -4.528453108207775024e-01
8.275793245801950360e-02 1.763243922910901207e-01 4.043665162956223691e-01
4.847629347705340042e-01 9.993448346749742583e-01 -5.747107642575101094e-01
2.496248400083991015e-01 9.990885003161752431e-01 -1.301092122855749267e+00
5.934327185692729323e-01 3.546163584281622483e-01 1.413099399935644040e+00
7.073182169745634296e-01 6.979462820357233976e-01 -1.275642897337327109e-01
4.711766603843247081e-01 3.423130193543038047e-01 1.448031951519393568e+00
7.133789304901789752e-01 8.023354306909812328e-01 -5.827684057498276893e-01
7.684461740612199554e-01 3.551496244826048976e-01 1.675570868938677904e+00
5.386776196811420281e-01 4.794995219579534784e-01 1.199218360675471828e+00
4.147576150545302376e-01 5.772355203222679920e-01 4.559630266098010365e-01
3.909144297573194371e-01 5.486603779885388388e-01 4.572596864520630522e-01
4.812612224898515922e-01 5.775616136485707264e-01 5.821081551517117703e-01
6.045881313260093037e-01 6.199239197757310249e-01 7.246476651823255954e-01
6.514125998285901220e-01 5.325469484204201631e-01 1.187106918067032613e+00
5.461353137782828382e-01 5.687160096384797914e-01 7.511626590338417175e-01
6.429714727864488388e-01 5.938651684176623480e-01 9.913680434226588289e-01
7.236069324247987877e-01 4.561577853133604865e-01 1.481559433744095156e+00
9.986201114607375917e-01 6.366314989340763342e-01 -4.303891955497204935e-01
4.016237542545618155e-01 5.824402305604693408e-01 4.355034147818148127e-01
9.157201839625523920e-01 6.718126526738521509e-01 -4.275775282500580143e-01
6.165635981368497998e-01 4.640057484250321718e-01 1.222507603881254790e+00
4.870214078798155155e-01 6.880826224893691334e-01 2.898023989197343053e-01
3.400499835758701850e-01 8.861202989318958667e-02 -1.301092122843846122e+00
4.814679142863351191e-02 1.197403021121099947e-01 4.043664544407868378e-01
7.787345721506860885e-01 3.847564002988177467e-01 1.664231667955603289e+00
9.929399956242886960e-01 5.537154957967065361e-01 -4.293762475938695533e-01
5.881152935260831882e-02 8.820460545316681777e-01 -4.333682858994491460e-01
6.615436246544669219e-01 4.568095570964493812e-01 1.388870848160354443e+00
3.826188692550612780e-01 7.651128567285584436e-01 -2.047432433328128520e-01
1.564882728436504250e-02 7.546339881672238237e-01 -4.307981410360489649e-01
5.712942104393735621e-01 3.634295937227403628e-01 1.371653290020381499e+00
3.772403545520974788e-01 5.203292727011108454e-01 4.892168654632542690e-01
5.149657605491773094e-01 5.194826529028728768e-01 7.456683069094797167e-01
9.059395561799301611e-01 4.079059938074027225e-01 1.818346138871893558e+00
6.164224652635547086e-01 8.017229847109911267e-01 -4.813617605712404157e-01
8.251354959022036972e-01 6.844902316959878830e-01 -4.171785543781361127e-01
