3.164177128080591372e-01 5.349587015953227720e-01 4.382501485886100001e-01
1.665899614238631754e-01 3.166923052273532546e-01 -3.129318042037855796e-01
7.708313147157971335e-01 5.433404838435370587e-01 1.359544843023969385e+00
6.433671843610202501e-01 3.856203171476574876e-01 1.434738754480678447e+00
5.067092306756960651e-01 8.127194751395929728e-01 -2.162963217386035530e-01
9.195145075164290471e-02 1.802587564563412070e-01 4.043664853682045757e-01
4.931564304082904915e-01 9.939089142396696497e-01 -5.747107642575101094e-01
2.522893034623505115e-01 9.894500027930880348e-01 -1.301092122849797583e+00
5.955825514673330767e-01 3.643825357002794529e-01 1.354121607256218551e+00
7.173177791069841325e-01 6.978527023378308103e-01 -9.358106376704335844e-03
4.729623739192907461e-01 3.521522890005244766e-01 1.391262051719915904e+00
7.227397226342890946e-01 7.988175377939806809e-01 -3.594818912696335356e-01
7.683833900777252701e-01 3.651494273892334497e-01 1.577074766392383420e+00
5.427467875836103905e-01 4.886341742546487787e-01 1.151720102028722437e+00
4.234562364294125469e-01 5.821684693567139579e-01 5.158735479556619818e-01
3.995767599263874148e-01 5.536567802984069253e-01 5.231833999202557539e-01
4.894053556916236336e-01 5.833644659120523768e-01 6.190788700811712397e-01
6.120951524694283608e-01 6.265303282971789178e-01 7.216721109125370237e-01
6.556629188659085505e-01 5.415987321165216528e-01 1.131799195681131520e+00
5.534013776857095168e-01 5.755865493038329062e-01 7.574267286902528484e-01
6.487219485837941724e-01 6.020463680915576488e-01 9.581340225295699176e-01
7.252311657349987950e-01 4.660249969840421502e-01 1.407650224530816896e+00
7.711705264923596204e-03 6.324670155207722244e-01 -4.295352783103809080e-01
4.103658653830618563e-01 5.872956906845930858e-01 5.069876367207748480e-01
9.248227490067353340e-01 6.676722046767848973e-01 -4.268931773531279839e-01
6.204041361704960567e-01 4.732388555733391122e-01 1.176613509730954910e+00
4.963086190146961396e-01 6.917904128470011571e-01 3.798477067571179311e-01
3.427144470298502665e-01 7.897353237011035809e-02 -1.301092122846821741e+00
5.734030978309677395e-02 1.236746661351951909e-01 4.043664699044957622e-01
7.789612698060841556e-01 3.947538303772447632e-01 1.548124619071449715e+00
2.035473886089711471e-03 5.495595031127492591e-01 -4.286015679584136984e-01
6.789248282339689633e-02 8.778584198697888530e-01 -4.320832134677490832e-01
6.640048575708487055e-01 4.665019423824003364e-01 1.322117862075474548e+00
3.926175335709676806e-01 7.649494189794910914e-01 -1.634450261628275433e-02
2.473920394353315219e-02 7.504668485973927661e-01 -4.298274530791609260e-01
5.738271575128385260e-01 3.731034853451963840e-01 1.314711809830021227e+00
3.857751483065139930e-01 5.255405389166838415e-01 5.481704532558983045e-01
5.222030019581926918e-01 5.263835468150869223e-01 7.616125610751275365e-01
9.051718072752074074e-01 4.178764783301978647e-01 1.647646841475747026e+00
6.260684067133706066e-01 7.990855970741953529e-01 -2.668961575816684029e-01
8.251354959022036972e-01 6.844902316959878830e-01 -4.171785543781361127e-01
