3.251621855593129773e-01 5.398099072498563356e-01 5.065010385909801682e-01
1.761043124848337693e-01 3.136138114578926328e-01 -3.129318042037855796e-01
7.736173676387547715e-01 5.529445407524937739e-01 1.288454730944169402e+00
6.454085039765325993e-01 3.954097509529050924e-01 1.365219411195652821e+00
5.167041079110028523e-01 8.123994297503956963e-01 -3.201000509721777659e-02
1.011449690756862363e-01 1.841931205505093483e-01 4.043664776363502522e-01
5.015499260460469788e-01 9.884729938043650410e-01 -5.747107642575101094e-01
2.549537669163162712e-01 9.798115052700048233e-01 -1.301092122848309662e+00
5.982901061134812126e-01 3.740090172921239908e-01 1.296618604339705660e+00
7.272799031164293160e-01 6.987222339476271138e-01 8.706310880979334366e-02
4.753064174672335662e-01 3.618736808682226358e-01 1.334190519977604517e+00
7.325773031163502758e-01 7.970225419001223388e-01 -1.804777551689216442e-01
7.693104747640249208e-01 3.751063603499613097e-01 1.477954539161801639e+00
5.471545808160568347e-01 4.976103292677933054e-01 1.114329623287092286e+00
4.315858835126908932e-01 5.879915989535324794e-01 6.215708937521168265e-01
4.079206986159718551e-01 5.591684667140565113e-01 5.837641784610914097e-01
4.973032822548162923e-01 5.894982050654902217e-01 6.603254409762483457e-01
6.195229506168888900e-01 6.332256859934174420e-01 7.335836207004922116e-01
6.602591017343113489e-01 5.504798977517409986e-01 1.093230976844186353e+00
5.605219315205732800e-01 5.826077823212456597e-01 7.783750633098408533e-01
6.546228947634766815e-01 6.101197090471033313e-01 9.396202930025471245e-01
7.275670591167940904e-01 4.757483504235138216e-01 1.335028809761452218e+00
1.680671466711578313e-02 6.283099968806846736e-01 -4.287143693465037542e-01
4.187789720934852467e-01 5.927012096679127318e-01 5.710929695127741068e-01
9.339280039589329396e-01 6.635376754102926267e-01 -4.262430467644371390e-01
6.246054469172069856e-01 4.823134898915676372e-01 1.137206570834123243e+00
5.052440575419345770e-01 6.962801721196062443e-01 4.656189286102868086e-01
3.453789104838231871e-01 6.933503484702914499e-02 -1.301092122847565813e+00
6.653382812235007771e-02 1.276090301938218596e-01 4.043664737704229517e-01
7.801740467837963156e-01 4.046800165533313010e-01 1.449219346167541111e+00
1.113406066353027704e-02 5.454103202229041436e-01 -4.278529948628011503e-01
7.697815366737795206e-02 8.736810300968764764e-01 -4.309553332734549769e-01
6.670489235175730558e-01 4.760273642896962754e-01 1.261480929706044529e+00
4.025229985077226069e-01 7.663211931543169042e-01 1.376113279114513088e-01
3.383329574628747560e-02 7.463078229563229193e-01 -4.289350510560073770e-01
5.768794768509468707e-01 3.826262657510552945e-01 1.260614350200869760e+00
3.939858264893216777e-01 5.312488454762832601e-01 6.075171775034021726e-01
5.292672964565885430e-01 5.334613814585308367e-01 7.863555963819018890e-01
9.056309363667541801e-01 4.278659327936455981e-01 1.524867271620552689e+00
6.360202947104902638e-01 7.981058393016898789e-01 -9.813320729247591856e-02
8.251354959022036972e-01 6.844902316959878830e-01 -4.171785543781361127e-01
