3.335372208811904771e-01 5.452742263618137741e-01 5.780979005034242446e-01
1.860938639304969000e-01 3.140708255872691756e-01 4.571733671628235018e-02
7.785132269121095572e-01 5.616640913129014034e-01 1.059181515654013417e+00
6.480857229369895167e-01 4.050447132588910204e-01 1.299768488717021997e+00
5.266356592535523795e-01 8.135674571174994485e-01 1.170699682030166833e-01
1.103384874073345540e-01 1.881274846269067602e-01 4.043664757033866297e-01
5.099434216838034661e-01 9.830370733690604323e-01 -5.747107642575101094e-01
2.576182303702855836e-01 9.701730077469226110e-01 -1.301092122847937738e+00
6.015048282412807090e-01 3.834782074180553835e-01 1.243512509062490112e+00
7.368397485042424977e-01 7.016564043859465638e-01 2.977992582618584350e-01
4.781790015184080866e-01 3.714522121162239787e-01 1.279432951339399827e+00
7.425265622171620672e-01 7.960164388512679379e-01 -1.007808195963867115e-01
7.710949851334939487e-01 3.849458482808069681e-01 1.391384332355857234e+00
5.521628675327787672e-01 5.062657936783900858e-01 1.046240418968559238e+00
4.394294097887104233e-01 5.941947510198123394e-01 6.691445078898992094e-01
4.159622213044594230e-01 5.651127002937991195e-01 6.365483778471965337e-01
5.049839041104496884e-01 5.959019577083368713e-01 6.949867519806800509e-01
6.267670666966087545e-01 6.401193629675397956e-01 7.606158399459409525e-01
6.652753081709302796e-01 5.591307747584509658e-01 1.045325179964180506e+00
5.675322365991299911e-01 5.897390951530854242e-01 7.939548081034509819e-01
6.607146331490978408e-01 6.180500762164813366e-01 9.157779226917462934e-01
7.307448270262432155e-01 4.852300059284178069e-01 1.247412511440301408e+00
2.590495549229791111e-02 6.241600554489306063e-01 -4.279363656486416256e-01
4.267710706583596192e-01 5.987117304880523738e-01 6.448168608916345912e-01
9.430357950775708487e-01 6.594087359654400293e-01 -4.256292206705030168e-01
6.291867733266292007e-01 4.912023283044498756e-01 1.094903059245403876e+00
5.138334115971433524e-01 7.014010115931954559e-01 5.376092384758619502e-01
3.480433739377943314e-01 5.969653732394743229e-02 -1.301092122847751664e+00
7.572734645780088147e-02 1.315433942613338791e-01 4.043664747369047907e-01
7.822439890243678695e-01 4.144634382002142514e-01 1.362294686724454973e+00
2.023560543276859552e-02 5.412676299359588938e-01 -4.271395272037549207e-01
8.606803962833715904e-02 8.695128202632960157e-01 -4.299451921647311492e-01
6.710841010127208683e-01 4.851770824592713249e-01 1.155438071780894749e+00
4.121785258924528517e-01 7.689232675042778631e-01 2.632370321818286452e-01
4.293080981007615232e-02 7.421562885581555191e-01 -4.281114577422600043e-01
5.805292152778923631e-01 3.919364434837775968e-01 1.197191619262210294e+00
4.018881683513411129e-01 5.373768951738441269e-01 6.596052689541088698e-01
5.360034913013510538e-01 5.408521648414609251e-01 8.317011063421945183e-01
9.070724058531606238e-01 4.377614957245636318e-01 1.426145462932767227e+00
6.460058943718004487e-01 7.986423086894856027e-01 5.367270475800484109e-02
8.251354959022036972e-01 6.844902316959878830e-01 -4.171785543781361127e-01
