3.415722010197856928e-01 5.512273007080974452e-01 6.376482147638418141e-01
1.958417114972067496e-01 3.163022977058914664e-01 2.250419062098344969e-01
7.849285982924169014e-01 5.693350110786618012e-01 8.742958851107609508e-01
6.514612426274729584e-01 4.144577821962333597e-01 1.226481318529436537e+00
5.363438161645396329e-01 8.159657251157953484e-01 2.421874402553163275e-01
1.195320057408841147e-01 1.920618486988614759e-01 4.043664752201457380e-01
5.183369173215599535e-01 9.776011529337558237e-01 -5.747107642575101094e-01
2.602826938242558397e-01 9.605345102238406207e-01 -1.301092122847844701e+00
6.053359528196707862e-01 3.927152244941928272e-01 1.177632826583045800e+00
7.462543699785726403e-01 7.050275914906740660e-01 3.438547727735166148e-01
4.816335100833298299e-01 3.808365805326323072e-01 1.218077150659560015e+00
7.525221000741647570e-01 7.957177367434320470e-01 -2.987465441511464453e-02
7.737550473500549586e-01 3.945855613991536281e-01 1.301548725113962357e+00
5.576965342174544649e-01 5.145951713876136813e-01 9.843955695312014420e-01
4.470211366747187665e-01 6.007036436205746011e-01 7.087552035447682863e-01
4.236895530583120739e-01 5.714600102725145847e-01 6.876603524998776695e-01
5.124339632526827559e-01 6.025725363022244041e-01 7.302526196084566656e-01
6.336979723687637955e-01 6.473278681221255049e-01 8.050286718130698072e-01
6.706989278621233730e-01 5.675322240051763334e-01 9.975503773369233107e-01
5.742267968312436688e-01 5.971676120507307672e-01 8.373200630159156610e-01
6.671496802671831317e-01 6.257044977222532278e-01 8.717281475813158931e-01
7.347584484479913192e-01 4.943892003844213012e-01 1.157792778898738106e+00
3.500623255958798530e-02 6.200167770676943135e-01 -4.272041429315889260e-01
4.344371824731204090e-01 6.051328464069238855e-01 6.972495486107641582e-01
9.521459655333109895e-01 6.552850489904915587e-01 -4.250525952629718440e-01
6.341750129614690534e-01 4.998693615538041812e-01 1.048554989687621175e+00
5.220641425176489880e-01 7.070803661792582906e-01 6.039953451069557389e-01
3.507078373917650316e-01 5.005803980086559468e-02 -1.301092122847798294e+00
8.492086479230107066e-02 1.354777583310672606e-01 4.043664749785252921e-01
7.851917049305059404e-01 4.240191156192515964e-01 1.271579846970401606e+00
2.933994074326795945e-02 5.371310759892546915e-01 -4.264654219166975624e-01
9.516174346300136644e-02 8.653529463989326764e-01 -4.290283249534955767e-01
6.759136061280521801e-01 4.939335589390540515e-01 1.066775214040417419e+00
4.215044357944291997e-01 7.725326170994569752e-01 3.692702389120289252e-01
5.203148605780159863e-02 7.380116906483352723e-01 -4.273491305116335903e-01
5.847835865548886014e-01 4.009863233193040610e-01 1.131351475547222041e+00
4.094879403243104621e-01 5.438763925358613971e-01 7.075182962936281683e-01
5.424979700651169079e-01 5.484562259660833439e-01 8.639382058711081447e-01
9.094274264343999992e-01 4.474802342261356980e-01 1.333061203257869254e+00
6.558899440605389097e-01 8.001607163259749633e-01 1.524303652642148565e-01
8.251354959022036972e-01 6.844902316959878830e-01 -4.171785543781361127e-01
