3.492988372263334806e-01 5.575754573642981438e-01 6.877699266217498497e-01
2.053505913362339841e-01 3.193976497386886160e-01 3.147041907149901729e-01
7.918631929092333488e-01 5.765399675324108797e-01 8.045167969170732292e-01
6.555296162782450198e-01 4.235927882628817698e-01 1.151807049653027715e+00
5.457662111731720334e-01 8.193151239127886010e-01 3.415414236253468960e-01
1.287255240749089757e-01 1.959962127697055245e-01 4.043664750993354873e-01
5.267304129593164408e-01 9.721652324984512150e-01 -5.747107642575101094e-01
2.629471572782263178e-01 9.508960127007587415e-01 -1.301092122847821386e+00
6.097713995278539745e-01 4.016777471579782155e-01 1.111246513781524614e+00
7.555869872209693971e-01 7.086195624547715344e-01 3.674074309935155824e-01
4.856859715342643491e-01 3.899786566747725503e-01 1.153548268041777902e+00
7.625201382305419884e-01 7.959158100218556298e-01 1.980862324000293856e-02
7.772497634318510373e-01 4.039550309416429785e-01 1.213789233129610512e+00
5.634333360847815220e-01 5.227859652645850952e-01 9.598044271502790270e-01
4.543496472945613429e-01 6.075075345731733023e-01 7.482934375036899288e-01
4.309369022483414691e-01 5.783502881854714062e-01 7.601467278113243076e-01
5.196039089281412338e-01 6.095433238481888782e-01 7.713150914899159494e-01
6.405645600252849459e-01 6.545976668783024532e-01 8.139133578836192928e-01
6.764246450261608423e-01 5.757307703981320302e-01 9.611570992428585258e-01
5.808532830400678915e-01 6.046569164593031953e-01 8.464465365654683104e-01
6.735275791424363279e-01 6.334066017164254880e-01 8.791709742830005059e-01
7.394293488374829026e-01 5.032312979608704051e-01 1.084799450713481717e+00
4.411035109871659643e-02 6.158797460519180866e-01 -4.265178227493918728e-01
4.418018412933401584e-01 6.118975932951495889e-01 7.429652512433098099e-01
9.612583609509358640e-01 6.511662810008070901e-01 -4.245127168310628973e-01
6.394969821739026061e-01 5.083355675341657554e-01 1.009602941474930349e+00
5.299912145469002356e-01 7.131763918553084558e-01 6.555591333180936786e-01
3.533723008457356207e-01 4.041954227778372932e-02 -1.301092122847809840e+00
9.411438312656360272e-02 1.394121224013559757e-01 4.043664750389303619e-01
7.889366600868092938e-01 4.332914028709105581e-01 1.186943689708098937e+00
3.929960160768886102e-02 5.362337714335307925e-01 -8.985130556134485191e-02
1.042589367106086240e-01 8.612007090483361216e-01 -4.281887277325645558e-01
6.811520121985563669e-01 5.024517219945786595e-01 1.019442867527826202e+00
4.304864878582415066e-01 7.769283810516006694e-01 4.551270064598629261e-01
6.113509038906962678e-02 7.338735282325137277e-01 -4.266420996896654327e-01
5.895258596626880010e-01 4.097903477269850825e-01 1.076710157307016358e+00
4.167737923554187818e-01 5.507259443592140702e-01 7.545421837909502827e-01
5.489362493030721657e-01 5.561079290741576253e-01 8.713058173176447818e-01
9.126321160061364735e-01 4.569528244077493695e-01 1.244571813411077255e+00
6.653284397454325427e-01 8.034644716447364443e-01 3.367014200570042637e-01
8.251354959022036972e-01 6.844902316959878830e-01 -4.171785543781361127e-01
