3.566919629384588952e-01 5.643090813666248318e-01 7.387474311916438774e-01
2.147111954650198218e-01 3.229160428867261512e-01 3.595353329071628856e-01
7.990659770338024437e-01 5.834768184645598987e-01 7.665927386424933321e-01
6.601503672807432777e-01 4.324611962470078508e-01 1.090462671651902804e+00
5.547838659446620024e-01 8.236373805481844723e-01 4.469594392005007966e-01
1.379190424090526723e-01 1.999305768402719063e-01 4.043664750691329246e-01
5.351239085970729281e-01 9.667293120631466063e-01 -5.747107642575101094e-01
2.656116207321968514e-01 9.412575151776768623e-01 -1.301092122847815613e+00
6.146590545494239333e-01 4.104018991735108868e-01 1.060122170442668210e+00
7.647818670087181969e-01 7.125507436626081770e-01 4.040202934521284206e-01
4.902505476836280796e-01 3.988761082524244217e-01 1.096786561101664503e+00
7.724803159042881173e-01 7.968073596320334184e-01 8.927349511625104483e-02
7.814255942746157757e-01 4.130414183851000565e-01 1.140012567937402466e+00
5.694075855350446691e-01 5.308052135776147873e-01 9.305101663005644896e-01
4.614450597276603672e-01 6.145541736588809867e-01 7.819493600924757315e-01
4.379477330569899185e-01 5.854810841699674695e-01 7.938810840703047766e-01
5.265979019223904212e-01 6.166906353704602051e-01 7.962396328605950702e-01
6.474025638164120355e-01 6.618943581937228871e-01 8.178379586028120540e-01
6.823685472982776723e-01 5.837725379761912192e-01 9.342891479337595007e-01
5.874362181199378474e-01 6.121845300077140006e-01 8.522467955773039838e-01
6.800143285048235731e-01 6.410172575823523955e-01 8.649542485248729040e-01
7.445835835441150241e-01 5.118006540970657658e-01 1.029294582355070542e+00
5.352960475245692462e-02 6.125215232173670810e-01 -3.424780759396675034e-01
4.489363031254781644e-01 6.189046935774180636e-01 7.763922200995604372e-01
9.706839031377707538e-01 6.478257489347738485e-01 -3.406005535222735858e-01
6.450980099600897022e-01 5.166197988043779166e-01 9.762864666301709349e-01
5.376507991653011187e-01 7.196052924979966514e-01 6.982654532622899479e-01
3.560367642997061544e-01 3.078104475470185702e-02 -1.301092122847812727e+00
1.033079014607667101e-01 1.433464864717835241e-01 4.043664750540316710e-01
7.933075477704647493e-01 4.422855865946772047e-01 1.118437002390680002e+00
4.928246142365525634e-02 5.368190148826725849e-01 5.855780512394647558e-02
1.133593382211325051e-01 8.570555079256817477e-01 -4.274154137111149665e-01
6.867153609491648547e-01 5.107613038540408379e-01 9.808277942355292378e-01
4.390980140797356990e-01 7.820118460250727876e-01 5.332635956135304278e-01
7.040576118011657170e-02 7.301245733002653671e-01 -3.842840435402627985e-01
5.946718298898440169e-01 4.183646692990526939e-01 1.030258725402617870e+00
4.238294909402786081e-01 5.578123480648751187e-01 7.875693450168586018e-01
5.553733492366447200e-01 5.637606243147379459e-01 8.714599304495138643e-01
9.165552015665995311e-01 4.661511611968263136e-01 1.167656319487063499e+00
6.744673006725999675e-01 8.075241786481903716e-01 4.180407481117144330e-01
8.251354959022036972e-01 6.844902316959878830e-01 -4.171785543781361127e-01
