3.638312083438852707e-01 5.713113078012025392e-01 7.757093074658309995e-01
2.239905878505396852e-01 3.266433578661122605e-01 3.819509039881479051e-01
8.064580114837427427e-01 5.902116404140175243e-01 7.389094784221290624e-01
6.652161811548158443e-01 4.410831177145958515e-01 1.039581200361268554e+00
5.642583676457197939e-01 8.268364143893077722e-01 3.256275109013045399e-01
1.471125607432260951e-01 2.038649409107688715e-01 4.043664750615822978e-01
5.450464557027292489e-01 9.654871128295167138e-01 -1.245416266781027431e-01
2.682760841861673851e-01 9.316190176545949830e-01 -1.301092122847814281e+00
6.199238498804237052e-01 4.189037772085501543e-01 1.016341906818193586e+00
7.738831973648754303e-01 7.166939049855705068e-01 4.271912812276303373e-01
4.952454054361038471e-01 4.075393291333977430e-01 1.047791225086770472e+00
7.823903712647480857e-01 7.981455684171705478e-01 1.342235432777509063e-01
7.861449950742455117e-01 4.218577246463669495e-01 1.079306282856868027e+00
5.755631058770981356e-01 5.386861760390510012e-01 9.077100862785861812e-01
4.683823854780940210e-01 6.217565004657101824e-01 8.041376645664249923e-01
4.448128225959662174e-01 5.927522976602892513e-01 8.141194119758864423e-01
5.334739943615071089e-01 6.239514447446775636e-01 8.126051151515106818e-01
6.545028660288711997e-01 6.689360702363832401e-01 7.812552009081629167e-01
6.885295434848771601e-01 5.916492203989315302e-01 9.070150783169453890e-01
5.940376511816370941e-01 6.196959267840735919e-01 8.497867969336043714e-01
6.866404943826370788e-01 6.485068454054372378e-01 8.464893075535709910e-01
7.502479185763013536e-01 5.200417285805992718e-01 9.686246493850040329e-01
6.321049146445699429e-02 6.100154441145810846e-01 -2.533081531175457313e-01
4.558328845525094764e-01 6.261460445991768875e-01 8.097794707340247866e-01
9.804189539442595969e-01 6.455390950923478588e-01 -2.307065229615348767e-01
6.509558454074774181e-01 5.247244742371962589e-01 9.449498252785799579e-01
5.452804937429066579e-01 7.260696378362699877e-01 7.029019873504267490e-01
3.587012277536766880e-01 2.114254723161998126e-02 -1.301092122847813393e+00
1.125014197949549682e-01 1.472808505422457670e-01 4.043664750578069289e-01
7.985947121267887860e-01 4.507735718131620217e-01 1.013708688167139993e+00
5.918159487846688660e-02 5.354022732535005380e-01 -1.421524325763427188e-01
1.225470107848582318e-01 8.531075118692296178e-01 -4.058497286256889103e-01
6.925925134993963228e-01 5.188519823114575713e-01 9.425643147409102918e-01
4.477728578889416111e-01 7.869864902219859681e-01 5.206734058971216328e-01
7.990270627180078022e-02 7.269927952229529033e-01 -3.185373313492536607e-01
6.001596173565176828e-01 4.267243456516766065e-01 9.898936765248838032e-01
4.307189352654720027e-01 5.650604896811834976e-01 8.107646123727244580e-01
5.618593015579124161e-01 5.713719594463848583e-01 8.650589708465467043e-01
9.212076693460909960e-01 4.750029713823643029e-01 1.086882947878737182e+00
6.836126851325626808e-01 8.115691685220308704e-01 4.164309330907997597e-01
8.251354959022036972e-01 6.844902316959878830e-01 -4.171785543781361127e-01
