3.707774234954099857e-01 5.785050616939020340e-01 8.029026895552716647e-01
2.332276233569114121e-01 3.304744380080602006e-01 3.931586895248650460e-01
8.140741141750660326e-01 5.966919937836431265e-01 7.050019792612433056e-01
6.707099013728896608e-01 4.494388964434473110e-01 9.891838243405319808e-01
5.735783915426816426e-01 8.304609356763275052e-01 3.708975844401273814e-01
1.563060790774069286e-01 2.077993049812484894e-01 4.043664750596945856e-01
5.549706875044471133e-01 9.667157800528815015e-01 1.231779788810123399e-01
2.709405476401379187e-01 9.219805201315131038e-01 -1.301092122847813837e+00
6.255196375591144387e-01 4.271915489389377929e-01 9.769188714543183272e-01
7.829967378307800541e-01 7.208101387224129519e-01 4.242346238056209362e-01
5.006074277499934500e-01 4.159802246253079261e-01 1.004864929274171814e+00
7.922854597211339556e-01 7.995902913803365486e-01 1.449796531138463351e-01
7.914350152363909263e-01 4.303439303169888097e-01 1.013372200164489367e+00
5.818160781813248583e-01 5.464900428602220694e-01 8.952839761226442095e-01
4.752283369581297712e-01 6.290457355650190818e-01 8.167481837203475203e-01
4.515733687585187783e-01 6.001208128149181364e-01 8.284013159582388486e-01
5.403161124633403256e-01 6.312442782050389223e-01 8.172739497457195412e-01
6.616865125629335376e-01 6.758927377197156972e-01 7.693476316553100602e-01
6.948982338198779196e-01 5.993589404597942094e-01 8.803659709457913873e-01
6.006840878604171596e-01 6.271675316635466624e-01 8.437795251230172378e-01
6.939665951034165170e-01 6.553133311527957749e-01 7.486475642249502682e-01
7.563694336765122150e-01 5.279491335201411673e-01 9.120177120636425716e-01
7.293286353198148719e-02 6.076754694607398033e-01 -2.361872773539932246e-01
4.626601641886305405e-01 6.334527711419049023e-01 8.193066768415661061e-01
9.901512712590826437e-01 6.432408349496320232e-01 -2.318989079662636676e-01
6.571082556631870908e-01 5.326078648811665150e-01 9.081046582959211300e-01
5.528744532920935040e-01 7.325759254386831065e-01 7.084121175295600148e-01
3.613656912076472216e-01 1.150404970853810549e-02 -1.301092122847813615e+00
1.216949381291395210e-01 1.512152146127166974e-01 4.043664750587507850e-01
8.043943830191957467e-01 4.589199708667174304e-01 9.521080358531218701e-01
6.897540399084935159e-02 5.333820497336358990e-01 -2.034224116107060387e-01
1.318982292712150839e-01 8.495642488504264733e-01 -3.621935299874712855e-01
6.987953750189367375e-01 5.266957383612977939e-01 9.016888612343582077e-01
4.563843653215335916e-01 7.920699870242288165e-01 5.332672916837248867e-01
8.949311982636050378e-02 7.241601343091622622e-01 -2.871979839776402921e-01
6.060463705837068060e-01 4.348080413684993206e-01 9.413771682427887200e-01
4.375197629443505765e-01 5.723918430952673608e-01 8.229208022634503239e-01
5.684246040884719520e-01 5.789149563761355477e-01 8.545867858902775893e-01
9.264630294765675567e-01 4.835106849353112968e-01 1.017451304360953657e+00
6.927249248893463385e-01 8.156882808796742657e-01 4.245505083100822863e-01
8.251354959022036972e-01 6.844902316959878830e-01 -4.171785543781361127e-01
