3.776138360781609027e-01 5.858032438647172713e-01 8.180560089163452231e-01
2.424430449755813899e-01 3.343572210808251621e-01 3.987625822922798435e-01
8.219618104156211080e-01 6.028388830795987641e-01 6.619915316512110515e-01
6.765808136512437843e-01 4.575341042245898437e-01 9.433353904146435376e-01
5.826583710002475325e-01 8.346506818560120999e-01 4.323157475346006140e-01
1.654995974115896218e-01 2.117336690517237496e-01 4.043664750592227408e-01
5.645874441584995962e-01 9.694576756484025726e-01 2.777468632078064492e-01
2.736050110941084523e-01 9.123420226084312246e-01 -1.301092122847813615e+00
6.314272692795404041e-01 4.352599990661813467e-01 9.387919412630234550e-01
7.921898929815117674e-01 7.247453513436795669e-01 4.044587756911349197e-01
5.063289008391297363e-01 4.241817333700627080e-01 9.616746676011078687e-01
8.021807368945770289e-01 8.010337212056959366e-01 1.448489695449804993e-01
7.971975596117624185e-01 4.385166338061577407e-01 9.566580964812104737e-01
5.882011554017674282e-01 5.541861970224634115e-01 8.782386162725718259e-01
4.820447560140331822e-01 6.363625949496400924e-01 8.207920277363196515e-01
4.583040635555624132e-01 6.075166053721123838e-01 8.324450307622182077e-01
5.471622105253707291e-01 6.385333756337377986e-01 8.167280741509758135e-01
6.690046419968245228e-01 6.827077932285738893e-01 7.498179583570957485e-01
7.015433264569853611e-01 6.068317407277166176e-01 8.439593973435348673e-01
6.074686875139513331e-01 6.345139054316899507e-01 8.251320463519233872e-01
7.015070898317291581e-01 6.618815074028889800e-01 7.165905825843743582e-01
7.628447494639467585e-01 5.355695196949358250e-01 8.664555998801500847e-01
8.264701724804646155e-02 6.053016081377764479e-01 -2.396741798143540159e-01
4.694847106680364868e-01 6.407620505421213197e-01 8.196806718568840910e-01
9.998633509900850536e-01 6.408585026263293738e-01 -2.405462994484003636e-01
6.635225611665772627e-01 5.402796759391357284e-01 8.744348273796145321e-01
5.604335729426820345e-01 7.391226582198561212e-01 7.137503174005711548e-01
3.640301546616177553e-01 1.865552185456229722e-03 -1.301092122847813615e+00
1.308884564633231440e-01 1.551495786831897927e-01 4.043664750589867629e-01
8.106086835102359611e-01 4.667546673769248922e-01 9.002296649997412192e-01
7.871687562791300496e-02 5.311229060143731751e-01 -2.278815725682658000e-01
1.413757075714424938e-01 8.463740443007590208e-01 -3.246957569825557610e-01
7.052844742303903125e-01 5.343043907665475656e-01 8.646454501214555499e-01
4.648585593651222148e-01 7.973792275830664522e-01 5.596906284567954026e-01
9.912271429436017578e-02 7.214636717409314004e-01 -2.730256625385258373e-01
6.122064174692802840e-01 4.426854662248553840e-01 9.071355930510408561e-01
4.442946156870092866e-01 5.797472064659846547e-01 8.264579997893175545e-01
5.751026061779896947e-01 5.863583620544791097e-01 8.395468276684885378e-01
9.322136839022490129e-01 4.916917590503887547e-01 9.581121883592845778e-01
7.018108256005057832e-01 8.198651706635866621e-01 4.309003034706369029e-01
8.251354959022036972e-01 6.844902316959878830e-01 -4.171785543781361127e-01
