3.844105165801828261e-01 5.931384421683376651e-01 8.234863307974814584e-01
2.516475510838288576e-01 3.382658099954125031e-01 4.015645286757513199e-01
8.300621737179109116e-01 6.087026800040254981e-01 6.265822574583441718e-01
6.827708496127088411e-01 4.653879857360317396e-01 9.033229358104040152e-01
5.915155816309599635e-01 8.392928602070877098e-01 4.827513240103932790e-01
1.746931157457727868e-01 2.156680331221979274e-01 4.043664750591047241e-01
5.738731662869829275e-01 9.731691934716919512e-01 3.802490936090998641e-01
2.791077504192391312e-01 9.039921806985709019e-01 -9.881040552765030238e-01
6.376117364925153463e-01 4.431182663873939886e-01 9.040317819798665555e-01
8.011997821535499220e-01 7.290837723822130023e-01 4.487527393700954104e-01
5.123530071120131479e-01 4.321635967873986850e-01 9.242785166355198534e-01
8.120565678400012422e-01 8.026046964242786741e-01 1.577509903282051651e-01
8.033489417578369984e-01 4.464008267066995606e-01 9.082350663106597555e-01
5.947352353648646117e-01 5.617562564037266171e-01 8.587186467660291589e-01
4.888838312945457121e-01 6.436582819842847636e-01 8.176911025718247572e-01
4.650576613961522332e-01 6.148914895208689169e-01 8.293438830427110053e-01
5.540593504205653108e-01 6.457741947356153700e-01 8.097023458061710643e-01
6.764022601340896612e-01 6.894364815030599170e-01 7.380800235605340376e-01
7.089874869357690734e-01 6.135089014091825721e-01 7.311364641222953820e-01
6.144144001391189658e-01 6.417081445247828642e-01 8.029725431279438608e-01
7.092191400690645020e-01 6.682473758539972941e-01 6.900643947685896062e-01
7.696780273692405139e-01 5.428706369429344702e-01 8.184854373867136434e-01
9.234770787576786211e-02 6.028733162802687451e-01 -2.452812700361398368e-01
4.763495770974284782e-01 6.480334746740645802e-01 8.141500954860064754e-01
9.560627726931558712e-03 6.384166132166678720e-01 -2.466832261969143791e-01
6.702878911133266504e-01 5.476437991531792893e-01 8.277519028783782984e-01
5.679672314047651271e-01 7.456986745045595111e-01 7.176307781833116684e-01
3.681642759263016318e-01 9.927601119781467309e-01 -1.144598089062158319e+00
1.400819747975065310e-01 1.590839427536634432e-01 4.043664750590457158e-01
8.171748114589443279e-01 4.742969457966857982e-01 8.544773522698897450e-01
8.843037715816079447e-02 5.287463774490338553e-01 -2.399487618290600255e-01
1.500316897951936845e-01 8.413666525902870896e-01 -5.244525073112809022e-01
7.120760528622588348e-01 5.416443130881493095e-01 8.241816395555090491e-01
4.728583884649105173e-01 8.033794554432547308e-01 6.435295916210553857e-01
1.086085761142193545e-01 7.182984820887086119e-01 -3.220575210202170080e-01
6.186269584139160171e-01 4.503520595998985465e-01 8.736217778959702862e-01
4.510955138826433508e-01 5.870784944655534909e-01 8.229111837024394305e-01
5.819641288310674065e-01 5.936329415530687825e-01 8.146098473656687711e-01
9.383752547828211332e-01 4.995679919242749789e-01 9.069421148099969798e-01
7.108078462949831700e-01 8.242302157519157957e-01 4.517098297972831911e-01
8.251354959022036972e-01 6.844902316959878830e-01 -4.171785543781361127e-01
