3.912216328543905997e-01 6.004602380613698331e-01 8.215165179798737949e-01
2.608465723326212626e-01 3.421872903363381013e-01 4.029655018674280220e-01
8.383633327873273311e-01 6.142785887285515667e-01 5.914808036347776188e-01
6.892675418841173185e-01 4.729901557900769160e-01 8.636470742158105507e-01
6.001178762294337998e-01 8.443919314598814507e-01 5.350768217658152803e-01
1.838866340799560628e-01 2.196023971926718277e-01 4.043664750590752477e-01
5.828440420377615228e-01 9.775877213107003749e-01 4.576629576874576277e-01
2.854223892110554495e-01 8.962381277629192233e-01 -8.873566740648601847e-01
6.440750369431387234e-01 4.507488461350259712e-01 8.680312816286135380e-01
8.102670899026106488e-01 7.333008721182665557e-01 4.353303618228923089e-01
5.186576740555669529e-01 4.399257598062266128e-01 8.886420192700126286e-01
8.219239000660949479e-01 8.042281971911071636e-01 1.630718625578053693e-01
8.098531317424908504e-01 4.539965829326146896e-01 8.626603984682145176e-01
6.014853652332081690e-01 5.691343148719482103e-01 8.298140227663532986e-01
4.957929543280579776e-01 6.508876677747783557e-01 8.080460961998181535e-01
4.718889217304251815e-01 6.221944945356138179e-01 8.187617389639985088e-01
5.610430502948380305e-01 6.529315640893712525e-01 7.976787587368403543e-01
6.844632592654890102e-01 6.953542761094634317e-01 6.332645506459642082e-01
7.167333800175138547e-01 6.198335468827390615e-01 6.847308417882111975e-01
6.215643956237616452e-01 6.486993936670741867e-01 7.741728661375169018e-01
7.171592697427920937e-01 6.743263840596498415e-01 6.534141471773278198e-01
7.768168377258257706e-01 5.498733069117900385e-01 7.757714355713835053e-01
1.020025889104749506e-01 6.002688447013004858e-01 -2.634853157958129688e-01
4.833027233984330540e-01 6.552205294614462661e-01 8.019387453018754774e-01
1.920355015704286114e-02 6.357682086012708123e-01 -2.680384723879631892e-01
6.773595244171796148e-01 5.547143014278297368e-01 7.853181875554862135e-01
5.755246738473794865e-01 7.522473433560568079e-01 7.140064695999587263e-01
3.734321700566993196e-01 9.842601536587829436e-01 -1.015977381563509141e+00
1.492754931316898626e-01 1.630183068241372324e-01 4.043664750590604817e-01
8.240586791648241149e-01 4.815503839750909232e-01 8.115337174106050933e-01
9.810154485848195105e-02 5.262030498428720282e-01 -2.571577141598051508e-01
1.584114383281620686e-01 8.359095641244278507e-01 -5.772347863371084520e-01
7.191375942412638889e-01 5.487248945157299218e-01 7.867444985503686539e-01
4.806738294779707155e-01 8.096179554048943405e-01 6.736592162569369213e-01
1.179769240938152164e-01 7.148007605255760621e-01 -3.573278867680172999e-01
6.253104749683603414e-01 4.577905141750416851e-01 8.388057288299959335e-01
4.579744816870741642e-01 5.943365797465076650e-01 8.122090291759742620e-01
5.890479234395340491e-01 6.006912596207857336e-01 7.835966989505445124e-01
9.448967521562345873e-01 5.071488937181620749e-01 8.603796089512729672e-01
7.198374872195961727e-01 8.285273758341740180e-01 4.441782427948640644e-01
8.251354959022036972e-01 6.844902316959878830e-01 -4.171785543781361127e-01
