3.980985288790255816e-01 6.077202863440164249e-01 8.124944349786872300e-01
2.700428443803291612e-01 3.461152135057173895e-01 4.036659884632516349e-01
8.468474794101749081e-01 6.195719105666815940e-01 5.578132376972605444e-01
6.961572238442220728e-01 4.802380715241764131e-01 8.107318262287910304e-01
6.085644910923196926e-01 8.497449397130111270e-01 5.648638559217027399e-01
1.930801524141393666e-01 2.235367612631456724e-01 4.043664750590678647e-01
5.915653124859454604e-01 9.824805161939581533e-01 5.112634068045801561e-01
2.921907634364508399e-01 8.888768024511969346e-01 -8.273384311125044910e-01
6.508258257513758194e-01 4.581263016900653517e-01 8.297247083728229722e-01
8.194592839606612555e-01 7.372383292163362523e-01 4.047029349688789912e-01
5.252395389256099278e-01 4.474543091241559023e-01 8.523889579376088266e-01
8.318044706554966750e-01 8.057690816215073992e-01 1.547048116138066975e-01
8.166901822268779476e-01 4.612941675106748685e-01 8.179685997864550862e-01
6.084453085608929612e-01 5.763147876192968866e-01 8.009925802561983499e-01
5.028143585565245655e-01 6.580080527826603909e-01 7.923972185740103535e-01
4.788379707052403678e-01 6.293855110385583318e-01 8.025086862898882512e-01
5.682129585523046922e-01 6.599023901221676702e-01 7.713204593035772882e-01
6.927188914236668271e-01 7.009973725705263004e-01 5.995967926343569454e-01
7.247026782189313066e-01 6.258742658943208248e-01 6.486007597387081214e-01
6.288994420182734135e-01 6.554962381106641534e-01 7.473323462132931416e-01
7.252928314080115957e-01 6.801440446408518747e-01 6.208983308532500800e-01
7.848501875931186422e-01 5.558285810372746161e-01 6.379220178518265616e-01
1.115950073486615818e-01 5.974429804960108559e-01 -2.864893599101225874e-01
4.903844818668121053e-01 6.622808904292397658e-01 7.838851310437099373e-01
2.916520226263658033e-02 6.348932872750246981e-01 -8.760414242582904853e-02
6.847380677145004091e-01 5.614639013277913371e-01 7.409104760575656590e-01
5.831347189967001077e-01 7.587348091806528361e-01 7.059362213988469303e-01
3.794771729735463284e-01 9.762941044664096291e-01 -9.216579063380065939e-01
1.584690114658731663e-01 1.669526708946110494e-01 4.043664750590642010e-01
8.313420487441874895e-01 4.884025754180093548e-01 7.549045393933830894e-01
1.078808312469214659e-01 5.241136581292669128e-01 -2.104900627970014426e-01
1.667363548217249969e-01 8.303691882007919745e-01 -5.872064640100170818e-01
7.265135480242471688e-01 5.554773241370807302e-01 7.412940501420000050e-01
4.884362795795710310e-01 8.159222688822022063e-01 6.821087712859845720e-01
1.274388460339940798e-01 7.115647084249506760e-01 -3.295372472959028909e-01
6.322789099454514394e-01 4.649627463220132872e-01 7.998092982925389949e-01
4.649840448809225424e-01 6.014686217985041328e-01 7.940588347807190361e-01
5.963348341531685692e-01 6.075396851516299268e-01 7.543876087764530558e-01
9.522274011838344210e-01 5.139504806531464132e-01 7.479790923910367706e-01
7.287736310648950111e-01 8.330157311204818837e-01 4.654618091940956326e-01
8.251354959022036972e-01 6.844902316959878830e-01 -4.171785543781361127e-01
