4.050865930529504166e-01 6.148733946964117791e-01 7.970688141065571664e-01
2.792377401352453825e-01 3.500463573667613737e-01 4.040162317611598053e-01
8.554414828991103725e-01 6.246849433293543141e-01 5.367006022725692160e-01
7.034171294285503917e-01 4.871151181945602704e-01 7.583226419852933109e-01
6.168965727510939967e-01 8.552745342037054721e-01 5.859119412710026564e-01
2.022736707483226704e-01 2.274711253336194894e-01 4.043664750590660328e-01
6.000979312490206663e-01 9.876953428491804798e-01 5.485876740377914063e-01
2.993072254152974732e-01 8.818514221124800212e-01 -7.789576743346672272e-01
6.578709426686647488e-01 4.652232255040660291e-01 7.890614723886523185e-01
8.287216570389792647e-01 7.410077383156580266e-01 3.864913613357431887e-01
5.321073066176971178e-01 4.547229931128516922e-01 8.137510251857477117e-01
8.416873703047593747e-01 8.072949566237939134e-01 1.531859057691525861e-01
8.240540266081075593e-01 4.680598009569261198e-01 7.430856379536641132e-01
6.156295657067358817e-01 5.832708245127014024e-01 7.692598540725076317e-01
5.099807871388086777e-01 6.649824560815112973e-01 7.718195081220041720e-01
4.859433166470441545e-01 6.364221337403445089e-01 7.805386773675060397e-01
5.755443806714212185e-01 6.667031437356526480e-01 7.478654220248067697e-01
7.010283059228522573e-01 7.065609712872497061e-01 5.899986145341824528e-01
7.329106769886034600e-01 6.315864245228132168e-01 6.079864076165699682e-01
6.364161090310204161e-01 6.620916696370678922e-01 7.202108195203457131e-01
7.337128094810461132e-01 6.855388541138190961e-01 5.698205338249429097e-01
7.931991348410653009e-01 5.613326776798676088e-01 5.828548362943857253e-01
1.213348620527383986e-01 5.951768758330544529e-01 -2.285961998246976157e-01
4.976155552953098193e-01 6.691882471647554453e-01 7.625059371101980954e-01
3.915873599277990003e-02 6.345337270095784410e-01 -3.596377859542654321e-02
6.923732853070247995e-01 5.679217223468973064e-01 7.020471748631387232e-01
5.908099480121794533e-01 7.651450244313244831e-01 6.958284646930069650e-01
3.860746917513296905e-01 9.687792694065566756e-01 -8.503077903363367440e-01
1.676625298000564701e-01 1.708870349650848663e-01 4.043664750590651447e-01
8.390217604938469131e-01 4.948074194787295266e-01 6.951288605962464562e-01
1.177556011990948670e-01 5.225360275034062196e-01 -1.584249350917649179e-01
1.751799878845371750e-01 8.250114778035620988e-01 -5.654206439569495757e-01
7.341753291619903532e-01 5.619036068726381838e-01 6.979237203976199622e-01
4.962019166322102492e-01 8.222226562644729952e-01 6.816030947123812300e-01
1.370221574416402022e-01 7.087081121174406695e-01 -2.896946695547250594e-01
6.395233091601576492e-01 4.718561257557862820e-01 7.605747673662770492e-01
4.721449836048022819e-01 6.084486616689375182e-01 7.726063339457939216e-01
6.038130247078828949e-01 6.141787111364700458e-01 7.260253910046691184e-01
9.607886079605749696e-01 5.191182401798554169e-01 5.430807722085531086e-01
7.377380404043065720e-01 8.374473634603166738e-01 4.591242668808714900e-01
8.251354959022036972e-01 6.844902316959878830e-01 -4.171785543781361127e-01
