4.122174420162433295e-01 6.218841716193144187e-01 7.769076859881819397e-01
2.884319473207772599e-01 3.539791113928243416e-01 4.041913534101129191e-01
8.643144251995192873e-01 6.292969813749057506e-01 4.793514349504301997e-01
7.109964338966965336e-01 4.936384719163156576e-01 7.106616153470669550e-01
6.251823192571019927e-01 8.608733202183854738e-01 5.942392778472797010e-01
2.114671890825059741e-01 2.314054894040933064e-01 4.043664750590655887e-01
6.085093050237678769e-01 9.931035580096095883e-01 5.714134759425355536e-01
3.067474966944412351e-01 8.751699280211298060e-01 -7.317187382503681503e-01
6.651943803519445586e-01 4.720325764642616106e-01 7.490387318810922679e-01
8.380715013250542578e-01 7.445546259409079326e-01 3.625811663956721720e-01
5.392553466207731239e-01 4.617162415793674701e-01 7.744525303211922118e-01
8.515824265876960064e-01 8.087398999297810143e-01 1.450019210481116316e-01
8.319406678060654592e-01 4.742080438453188940e-01 6.621631512123020702e-01
6.230962344534596298e-01 5.899228060089699577e-01 7.277591655316544283e-01
5.173098766015528094e-01 6.717857235058517507e-01 7.482083583291566642e-01
4.932239591940845158e-01 6.432772226604260846e-01 7.553024348496357732e-01
5.830315726344492688e-01 6.733320166797335249e-01 7.246685210162914226e-01
7.094871022863729060e-01 7.118947095710888018e-01 5.625841171224850168e-01
7.413391567501681489e-01 6.369679418654308201e-01 5.682426888111713481e-01
6.441325483863041823e-01 6.684522170723307122e-01 6.893746298239825654e-01
7.423308728336891482e-01 6.906112287105766745e-01 5.319762317868776957e-01
8.018032947236389818e-01 5.664286008263750283e-01 5.347109002153106472e-01
1.311764575843701042e-01 5.934040257571127075e-01 -1.782270706328688281e-01
5.050142508313073542e-01 6.759157507407939081e-01 7.379198892904397233e-01
4.915446619566087721e-02 6.342415323634723601e-01 -2.922362402720347918e-02
7.002519110313404349e-01 5.740802332623825555e-01 6.634657648237615168e-01
5.985898473361420669e-01 7.714277918557168601e-01 6.793362124503343757e-01
3.931059435398120971e-01 9.616686085169513509e-01 -7.910132642933525027e-01
1.768560481342397739e-01 1.748213990355586833e-01 4.043664750590653667e-01
8.471743740614307017e-01 5.005983513569032262e-01 6.176159544022680192e-01
1.276812852519229324e-01 5.213191478530567746e-01 -1.219903091985777982e-01
1.838118813238267812e-01 8.199626744153571956e-01 -5.292433328971725137e-01
7.421275972345657834e-01 5.679667275626704148e-01 6.514147622410331184e-01
5.040196984561905458e-01 8.284582225861989446e-01 6.732839078627919083e-01
1.466956113662379879e-01 7.061734939669723765e-01 -2.562572617990545587e-01
6.470385325411118771e-01 4.784532021942065061e-01 7.204296758274110202e-01
4.794700105580655403e-01 6.152563029736749511e-01 7.488053073560154704e-01
6.114985805966246524e-01 6.205765412905946965e-01 6.942159046655832499e-01
9.697581395747560951e-01 5.235394959542033488e-01 4.579670684317653229e-01
7.467720109588436017e-01 8.417354138354590232e-01 4.431696176532051723e-01
8.251354959022036972e-01 6.844902316959878830e-01 -4.171785543781361127e-01
