4.195109182010495208e-01 6.287256045936017168e-01 7.534284358725299446e-01
2.976258101158790192e-01 3.579126704561718109e-01 4.042789142345892817e-01
8.733988569388446699e-01 6.334770651029593136e-01 4.312518594057776489e-01
7.188928255500230957e-01 4.997741869404408455e-01 6.605756411621608315e-01
6.334785739955195449e-01 8.664565233595299398e-01 5.923597858946867412e-01
2.206607074166892779e-01 2.353398534745671233e-01 4.043664750590654777e-01
6.168635774535984329e-01 9.985995685780285624e-01 5.818866309186111474e-01
3.144972255285589102e-01 8.688499831639617810e-01 -6.841241392925229148e-01
6.727992567760768816e-01 4.785261005131641876e-01 7.067325743681510675e-01
8.475104151045419476e-01 7.478571865631218341e-01 3.365748458521831687e-01
5.466812329095054324e-01 4.684137196739055486e-01 7.338691253904862100e-01
8.614953154120309486e-01 8.100569554169858577e-01 1.320893204594008330e-01
8.402082771573873288e-01 4.798335780967420416e-01 5.974710350442099527e-01
6.307871062541899887e-01 5.963142448880277557e-01 6.933845965323958138e-01
5.248116544588741217e-01 6.783980853364992569e-01 7.224654200756629452e-01
5.006838686477825817e-01 6.499367835275273730e-01 7.287747191407332181e-01
5.906916400614794505e-01 6.797603420459039647e-01 6.981903501834868520e-01
7.181000328505814378e-01 7.169757947992780878e-01 5.329872739509863289e-01
7.499642497550947917e-01 6.420283539688436125e-01 5.305887257899999376e-01
6.520443040432721826e-01 6.745681080478498348e-01 6.580675625334500012e-01
7.511228340956856986e-01 6.953758291311316064e-01 4.966239415902024557e-01
8.106349768994552951e-01 5.711191647525323267e-01 4.882220400053675635e-01
1.410694319210333836e-01 5.919448962994833252e-01 -1.464357321720785587e-01
5.125883471287260296e-01 6.824451508110476183e-01 7.114596339926498869e-01
5.915197622529545785e-02 6.340183884472301301e-01 -2.231624388117009472e-02
7.083628207251644326e-01 5.799294335443554438e-01 6.247814564339406740e-01
6.064986151023995520e-01 7.775475461334151461e-01 6.585559537198981683e-01
4.005070012346559905e-01 9.549437036850900729e-01 -7.375687017929376532e-01
1.860495664684230777e-01 1.787557631060325003e-01 4.043664750590654222e-01
8.556585040948186949e-01 5.058916997845588348e-01 5.578163717250943510e-01
1.376343453310399645e-01 5.203513694375674348e-01 -9.692955124434979308e-02
1.926343805290756661e-01 8.152548609341981889e-01 -4.901762002283817643e-01
7.506580757459681008e-01 5.731850545327350499e-01 5.489979529850267381e-01
5.119262320721830184e-01 8.345808630443003473e-01 6.589209395398114566e-01
1.564358244917908869e-01 7.039089303735162062e-01 -2.284379796880390556e-01
6.548586628643410235e-01 4.846858229694270825e-01 6.729071892263367438e-01
4.869717126770212734e-01 6.218687507291174033e-01 7.224768740576760218e-01
6.194173524712140999e-01 6.266833450370902225e-01 6.569194987045779976e-01
9.789424718331198871e-01 5.274952564332994198e-01 4.066949735792855236e-01
7.558913874404614708e-01 8.458387018568529481e-01 4.228145862646953135e-01
8.251354959022036972e-01 6.844902316959878830e-01 -4.171785543781361127e-01
