4.269778434578989090e-01 6.353772981530364516e-01 7.277206032359693211e-01
3.068195006893324472e-01 3.618466320268526326e-01 4.043226946468274074e-01
8.826688486892421137e-01 6.372276987757623523e-01 3.844651309794351879e-01
7.270998520850036062e-01 5.054877423531524139e-01 6.081565912367540294e-01
6.418266369028797769e-01 8.719619611890541133e-01 5.830154862449811182e-01
2.298542257508725817e-01 2.392742175450409403e-01 4.043664750590654777e-01
6.252147464524455689e-01 4.100293653206632527e-03 5.824510585817961328e-01
3.225336513791015047e-01 8.628988606186993593e-01 -6.374053236299864755e-01
6.807263048275090656e-01 4.846221573690576712e-01 6.555630666607459300e-01
8.570348277510001500e-01 7.509044088621981139e-01 3.096467755387984355e-01
5.544099448949535436e-01 4.747593489607447315e-01 6.874428722833402228e-01
8.714274145149744077e-01 8.112203158122675006e-01 1.166000674917587326e-01
8.488129904265183656e-01 4.849285667675871103e-01 5.346022962813746782e-01
6.387275790306652379e-01 6.023928049219547942e-01 6.533577045169459696e-01
5.324998704545956807e-01 6.847927186178635051e-01 6.938000180844119402e-01
5.083381520306071710e-01 6.563719949378398200e-01 6.990896431098859720e-01
5.985389958476021732e-01 6.859586488442164232e-01 6.685269176493841004e-01
7.268890470793997194e-01 7.217458292735381420e-01 4.972421158814928632e-01
7.588010563257281405e-01 6.467092566203853643e-01 4.871284237044745113e-01
6.601851985567149805e-01 6.803755030336414711e-01 6.196367717650491658e-01
7.601083099528093134e-01 6.997645901887705744e-01 4.543475008783625091e-01
8.196957389374711633e-01 5.753503101400663233e-01 4.368799640513466587e-01
1.509932364487430179e-01 5.907127827918025043e-01 -1.235252459077591236e-01
5.203568027264747764e-01 6.887420625641060834e-01 6.811556106870768623e-01
6.915085186014424679e-02 6.338684349916935412e-01 -1.499590758706832033e-02
7.167472836922526014e-01 5.853792758130388352e-01 5.763703022873100101e-01
6.145632367351857583e-01 7.834604031348989528e-01 6.326521581263092608e-01
4.082354331137815207e-01 9.485977332557768982e-01 -6.874870127114620644e-01
1.952430848026063814e-01 1.826901271765063173e-01 4.043664750590654777e-01
8.644495535832645849e-01 5.106579822868549945e-01 4.968152719328796096e-01
1.476035558857763108e-01 5.195672515157385707e-01 -7.849236661141768823e-02
2.016289413456157642e-01 8.108847492974592397e-01 -4.522730430170668336e-01
7.594374473265399494e-01 5.779728133664950862e-01 4.992598713746602135e-01
5.199535161387832671e-01 8.405443109156333081e-01 6.389398786879949554e-01
1.662274904854975366e-01 7.018783449732710622e-01 -2.044805303806221664e-01
6.629607741127356846e-01 4.905472044890550887e-01 6.262841048800804611e-01
4.946662392443403888e-01 6.282557892372853114e-01 6.928125774446129981e-01
6.275595853524619239e-01 6.324888634211388583e-01 6.194062752898648050e-01
9.882906389222141375e-01 5.310465621191529095e-01 3.630537364923296928e-01
7.651109221047005526e-01 8.497117085151086879e-01 3.977019436400764385e-01
8.251354959022036972e-01 6.844902316959878830e-01 -4.171785543781361127e-01
