4.346332499937385907e-01 6.418111734060253371e-01 6.989150925700372552e-01
3.160131051453535234e-01 3.657807948483725591e-01 4.043445848529464426e-01
8.920877304364457361e-01 6.405869645634298948e-01 3.425888037896759331e-01
7.355859432002889164e-01 5.107779462795691838e-01 5.574457812448231353e-01
6.502613041976014197e-01 8.773337753730475752e-01 5.670918766263741695e-01
2.390477440850558855e-01 2.432085816155147573e-01 4.043664750590654777e-01
6.336079120961755073e-01 9.536723591770247810e-03 5.747714676040851511e-01
3.308291856354648730e-01 8.573145870400230573e-01 -5.924888180961758177e-01
6.889343513344864389e-01 4.903342474015497943e-01 6.079780504271132813e-01
8.666455463704814122e-01 7.536673941348980277e-01 2.799405645046579849e-01
5.624275288081792556e-01 4.807358318892223648e-01 6.405647040581109453e-01
8.813788964605341336e-01 8.122041893240555810e-01 9.854677938964405415e-02
8.576765837818168814e-01 4.895585465550059689e-01 4.813745736395160790e-01
6.469023079850021452e-01 6.081524756176740487e-01 6.137866546601248308e-01
5.403876365337832999e-01 6.909395182957460690e-01 6.619801699463969680e-01
5.161951936946719277e-01 6.625580192094662202e-01 6.669627030119610334e-01
6.065870172286849105e-01 6.918940807450670860e-01 6.354542911563755281e-01
7.358421267023839141e-01 7.262003062646680274e-01 4.616742490758403705e-01
7.678229900891236914e-01 6.510225745044398993e-01 4.459684242898754869e-01
6.685374112660918966e-01 6.858746432261918491e-01 5.822612907071594845e-01
7.692580046876893451e-01 7.037998208213995799e-01 4.153640625753096671e-01
8.289379955271046763e-01 5.791687775199684252e-01 3.917936199083673077e-01
1.609377796494092239e-01 5.896610886679796160e-01 -1.053642566350368737e-01
5.283030708161523537e-01 6.948130446466832533e-01 6.524037076161249837e-01
7.915040248457037853e-02 6.337736335700850931e-01 -9.480284168204863512e-03
7.256702579851249668e-01 5.898937558239302215e-01 4.683874526382049708e-01
6.227933151320773630e-01 7.891407032661436061e-01 6.041102295166591585e-01
4.162564628606962858e-01 9.426258757726223569e-01 -6.399879154038189411e-01
2.044366031367896852e-01 1.866244912469801343e-01 4.043664750590654777e-01
8.734649436230611519e-01 5.149849607280234665e-01 4.474831228838849762e-01
1.575827934789544860e-01 5.189231885848852865e-01 -6.445090445907120102e-02
2.107734826772650338e-01 8.068378537176650322e-01 -4.166393216833585433e-01
7.684319228830319704e-01 5.823431004810527556e-01 4.522925524354689530e-01
5.291702776410295295e-01 8.444239123656165358e-01 3.984173575590729266e-01
1.760592257725790699e-01 7.000516043664097854e-01 -1.837055934743626329e-01
6.713618460273558242e-01 4.959714086413138934e-01 5.733155177161936011e-01
5.025592058949809315e-01 6.343959095497772038e-01 6.611336484183935047e-01
6.359428272331346665e-01 6.379405838441002397e-01 5.765943227226960621e-01
9.977637237634636724e-01 5.342497891779935948e-01 3.260701232244619385e-01
7.744327679167760659e-01 8.533315414747754124e-01 3.703945954881243119e-01
8.251354959022036972e-01 6.844902316959878830e-01 -4.171785543781361127e-01
