4.424821467953602427e-01 6.480075287055133693e-01 6.682782597224692367e-01
3.252066665410063839e-01 3.697150582946050479e-01 4.043555299560059324e-01
9.016266620463498915e-01 6.435884281633378334e-01 3.048460846766946064e-01
7.443426826018707532e-01 5.156069746552141009e-01 5.039666693342069737e-01
6.590226235976703872e-01 8.821544892589751052e-01 5.030174215679792393e-01
2.482412624192391892e-01 2.471429456859885743e-01 4.043664750590654777e-01
6.421906777252631704e-01 1.466859792344975787e-02 5.388944445860321952e-01
3.393555214524541785e-01 8.520894939752130526e-01 -5.497913126664056849e-01
6.974518381390548694e-01 4.955737529635282912e-01 5.514825405151385640e-01
8.763331809198743327e-01 7.561472604291584743e-01 2.506014113722286885e-01
5.707455525936566687e-01 4.862865507889894690e-01 5.884493903951707461e-01
8.913473918523718842e-01 8.129973473303244713e-01 7.939919950831893225e-02
8.667501070113896589e-01 4.937622563692538047e-01 4.338541428569713254e-01
6.553292326937961709e-01 6.135364276932703254e-01 5.685315852260921510e-01
5.484810009014362553e-01 6.968129715570230420e-01 6.277748594215976086e-01
5.242627949326083003e-01 6.684668101404136475e-01 6.321480651091371250e-01
6.148389839029683168e-01 6.975425359326838937e-01 6.002460362245504166e-01
7.449695935435244332e-01 7.302855662397346181e-01 4.208385688086977994e-01
7.770340130716297811e-01 6.549157808457150010e-01 3.998939201736749216e-01
6.771218356896282486e-01 6.910037423007460156e-01 5.385711235191981139e-01
7.785794979467676180e-01 7.074205615496150790e-01 3.704919781023172654e-01
8.383571055810243866e-01 5.825274031007898756e-01 3.425208340344381153e-01
1.708966393576791809e-01 5.887549356395140876e-01 -9.073977236562356941e-02
5.365784729477899306e-01 7.004271090887508322e-01 5.960843700431700531e-01
8.915025379882887679e-02 6.337191019946205595e-01 -5.453184573507125280e-03
7.348070668419649509e-01 5.939580791272084381e-01 4.185459333969259177e-01
6.313899427478236737e-01 7.942493228092479818e-01 5.361871575427625825e-01
4.258760132183682101e-01 9.398937976411968487e-01 -2.767261409623978374e-01
2.136301214709729890e-01 1.905588553174539512e-01 4.043664750590654777e-01
8.826693847043320940e-01 5.188937027739266572e-01 4.015811652942750665e-01
1.675684582470540751e-01 5.183879324414041312e-01 -5.355120575954743639e-02
2.200468484764275812e-01 8.030955700893276372e-01 -3.835645342154588300e-01
7.776111788270545500e-01 5.863106261979355027e-01 4.079763392957486134e-01
5.383593612822660246e-01 8.483686229803967249e-01 4.054921637104961230e-01
1.859223829520411098e-01 6.984029290032086612e-01 -1.656237083021099010e-01
6.800218404130202732e-01 5.009718583451165941e-01 5.236507036990475372e-01
5.106794747569093351e-01 6.402321098213576978e-01 6.231796001586212830e-01
6.444997809136082667e-01 6.431153827493940600e-01 5.439032178452307686e-01
7.337760351110445001e-03 5.371373181247580675e-01 2.929239904795446492e-01
7.838841983066276997e-01 8.565981090289198630e-01 3.327641133223696590e-01
8.251354959022036972e-01 6.844902316959878830e-01 -4.171785543781361127e-01
