4.505654117079000431e-01 6.538948734681124808e-01 6.294923368598022151e-01
3.344002064060621615e-01 3.736493720530171259e-01 4.043610025075356496e-01
9.112806862276409126e-01 6.461960740570602546e-01 2.638141086186179263e-01
7.533244757227938182e-01 5.200032676769471562e-01 4.551859102840518090e-01
6.679683500219497638e-01 8.866237150019813384e-01 4.633222638651290359e-01
2.574347807534225208e-01 2.510773097564624190e-01 4.043664750590654777e-01
6.509611842217122302e-01 1.947257708615896324e-02 5.011083542255806433e-01
3.485532336329556502e-01 8.481649442373889736e-01 -4.032991912021928749e-01
7.062181292089505513e-01 5.003854201255281131e-01 5.019851390284009174e-01
8.860977085109860152e-01 7.583045737866515035e-01 2.174407399275424813e-01
5.793327817063280705e-01 4.914109528191280551e-01 5.380240539794486354e-01
9.013314724112942988e-01 8.135613822520684213e-01 5.643344164876112901e-02
8.760029049496461662e-01 4.975551088991836401e-01 3.890237082483330444e-01
6.639834491379682513e-01 6.185468705616623541e-01 5.248050345060337740e-01
5.568167837359729866e-01 7.023369850015616089e-01 5.852422638867841309e-01
5.325616543955050686e-01 6.740461408901621265e-01 5.918930953641226012e-01
6.233320371104216218e-01 7.028215554643172380e-01 5.561283540584857077e-01
7.542593466273646019e-01 7.339869832172288833e-01 3.791615472950387034e-01
7.863987686032219981e-01 6.584231094350423419e-01 3.583535604207422898e-01
6.861915011742525383e-01 6.952157688910010069e-01 4.347709359913747851e-01
7.880521352178551098e-01 7.106251119284364703e-01 3.262098191379470546e-01
8.479090982971397850e-01 5.854870373942927531e-01 3.004639773723217777e-01
1.808655831840890738e-01 5.879674339024465457e-01 -7.883179774846676979e-02
5.451021738348067469e-01 7.056564994154207460e-01 5.502953892081257070e-01
9.915021452008454528e-02 6.336910739132771697e-01 -2.802811804036259551e-03
7.441234435961172622e-01 5.975919646750333936e-01 3.719025274215971844e-01
6.402187428805774516e-01 7.989453092035945225e-01 4.888361192727422866e-01
4.358294579431003513e-01 9.389299832857829209e-01 -9.653128343570345493e-02
2.228236398051562928e-01 1.944932193879277682e-01 4.043664750590654777e-01
8.920328720782643162e-01 5.224044155503030362e-01 3.587149597286561908e-01
1.775583061635573057e-01 5.179374453659666422e-01 -4.506395834503988673e-02
2.295466002066802458e-01 7.999723158467848538e-01 -3.176399296296221197e-01
7.869621019212206248e-01 5.898546687043102477e-01 3.622768880957201176e-01
5.475599285587752219e-01 8.522864746609006836e-01 4.025710734409864711e-01
1.958229804046653644e-01 6.969964546589384469e-01 -1.411153190893387754e-01
6.889021175786184115e-01 5.055697575895712337e-01 4.777586198405181506e-01
5.190283108980420224e-01 6.457363749937959918e-01 5.828750221886828120e-01
6.532924486290510036e-01 6.478786793437507630e-01 4.964756500115172777e-01
1.699949458626061338e-02 5.397162503784876941e-01 2.608410315875958063e-01
7.934489106771989153e-01 8.595163751696690557e-01 2.961360256679562708e-01
8.251354959022036972e-01 6.844902316959878830e-01 -4.171785543781361127e-01
