4.588861564161842432e-01 6.594415127658820319e-01 5.879590173345233817e-01
3.435937355057160913e-01 3.775837109674747838e-01 4.043637387833005636e-01
9.210252096862751037e-01 6.484420176369676270e-01 2.265267392870886354e-01
7.624955582190079406e-01 5.239896502285390500e-01 4.100315415072121605e-01
6.770561030112334233e-01 8.907965732077878229e-01 4.304566306565462130e-01
2.666282990876058245e-01 2.550116738269362360e-01 4.043664750590654777e-01
6.598958882672025794e-01 2.396379781325520819e-02 4.657824924410634004e-01
3.581838015273210440e-01 8.454719603844819131e-01 -2.726644282747082704e-01
7.151995712424393803e-01 5.047824303596623041e-01 4.552657636506141081e-01
8.959279282740383321e-01 7.601394523684916749e-01 1.845333824193993999e-01
5.881544815511590141e-01 4.961202640052475576e-01 4.903459676349531393e-01
9.113260817866947194e-01 8.138896861252693515e-01 3.283628780218843940e-02
8.854072055695094701e-01 5.009549809337222603e-01 3.469032903721672167e-01
6.728684505812891903e-01 6.231356339410690781e-01 4.767301119917307650e-01
5.654187880572815184e-01 7.074365459293463498e-01 5.351337464906379404e-01
5.411015424994791712e-01 6.792490546095698578e-01 5.471921046613759110e-01
6.320848190275476508e-01 7.076577532178455199e-01 5.047855812110341178e-01
7.637099927556685319e-01 7.372558190585604132e-01 3.330041173424554968e-01
7.959471383505030140e-01 6.613944113667229452e-01 3.016856962531918596e-01
6.954587398804137344e-01 6.989731997636888794e-01 3.851984875179031431e-01
7.976504471991193723e-01 7.134308929445384306e-01 2.843963513151173128e-01
8.575743045643446916e-01 5.880529266772475117e-01 2.594913126506253054e-01
1.908431814874547994e-01 5.872984555046835142e-01 -6.694783875205237433e-02
5.537713399101497069e-01 7.106410314454234545e-01 5.218136072789428814e-01
1.091502132498657213e-01 6.336961141885614213e-01 5.040275497630550576e-04
7.535908891626689199e-01 6.008118209520092456e-01 3.278260628422495770e-01
6.492221624923020240e-01 8.032971404612622157e-01 4.502416625676927131e-01
4.458290467153899206e-01 9.390206716814056831e-01 9.068963876259049026e-03
2.320171581393395965e-01 1.984275834584015852e-01 4.043664750590654777e-01
9.015320274063355344e-01 5.255294832380780212e-01 3.178308295820419516e-01
1.875513986419484469e-01 5.175658236250495481e-01 -3.717073307396543541e-02
2.392507730909318731e-01 7.975579777112795643e-01 -2.438431027860872014e-01
7.964571462766285581e-01 5.929922047899730542e-01 3.191436931198228799e-01
5.567977182109677958e-01 8.561157359919987497e-01 3.929617933888106540e-01
2.057594054439852715e-01 6.958706405366357206e-01 -1.128205992216129439e-01
6.979845227312547751e-01 5.097542428199626219e-01 4.317364239205462861e-01
5.276081705068964567e-01 6.508731063564767716e-01 5.394604455100461271e-01
6.622962944955136377e-01 6.522296286209755545e-01 4.501437042804354860e-01
2.673421118521603426e-02 5.420043265874505689e-01 2.308526332364760070e-01
8.031117370762992369e-01 8.620912122481751982e-01 2.604172004599737411e-01
8.251354959022036972e-01 6.844902316959878830e-01 -4.171785543781361127e-01
