4.674306311092988331e-01 6.646368907327603326e-01 5.463099234375052848e-01
3.527872592226433124e-01 3.815180624599442405e-01 4.043651069211829929e-01
9.308472071615405685e-01 6.503204120566460356e-01 1.889619683840106923e-01
7.718380453915937300e-01 5.275558713980782466e-01 3.646497727049354820e-01
6.862665259950735397e-01 8.946911987942529620e-01 4.000480063610296066e-01
2.758218174217891283e-01 2.589460378974100530e-01 4.043664750590654777e-01
6.689733543325806497e-01 2.815898670434329940e-02 4.329152494010464758e-01
3.680407008664889901e-01 8.437862749400676377e-01 -1.693772510696029132e-01
7.243731874290988415e-01 5.087629788218545057e-01 4.093954897187556119e-01
9.058162897261420321e-01 7.616295220959039547e-01 1.495639581808852203e-01
5.971856495932031939e-01 5.004142136784924810e-01 4.438227317006047112e-01
9.212173358138616708e-01 8.153604321162729596e-01 1.476100546501282196e-01
8.949412019358845560e-01 5.039720843933249705e-01 3.064860904701209310e-01
6.819550218260641561e-01 6.273110648186707161e-01 4.307397412409999515e-01
5.742785875380550520e-01 7.120737814377592345e-01 4.821933469585738541e-01
5.498136511780415958e-01 6.841581443798753215e-01 5.131327956572963034e-01
6.410404618081575467e-01 7.121070747825460900e-01 4.610985043442215048e-01
7.732875976750811509e-01 7.401314901120092937e-01 2.916856745058571398e-01
8.056101122342220755e-01 6.639686949024983242e-01 2.603599150981697474e-01
7.048695596373830696e-01 7.023549850173435027e-01 3.449807116216125347e-01
8.073498762695915376e-01 7.158642190030189978e-01 2.458002566133499212e-01
8.673300386003612861e-01 5.902496636707237343e-01 2.214799872629345523e-01
2.008285470838533926e-01 5.867576469375734849e-01 -5.410725353319470465e-02
5.626220147928789883e-01 7.152956586184874288e-01 4.841573439361550046e-01
1.191500814926593765e-01 6.337474476743876206e-01 5.133371127927673083e-03
7.631808739053015378e-01 6.036459332708974390e-01 2.873493265172836209e-01
6.583795723636075570e-01 8.073148318940275292e-01 4.134479546079657397e-01
4.557996899484987319e-01 9.397863566806459179e-01 7.664351480597882127e-02
2.412106764735229003e-01 2.023619475288754022e-01 4.043664750590654777e-01
9.111467391378997860e-01 5.282785409528087950e-01 2.784916964919855187e-01
1.975472758580415766e-01 5.172787022556073477e-01 -2.871608339290990589e-02
2.490974412008089278e-01 7.958135215972056420e-01 -1.753427185437732849e-01
8.060699807468985068e-01 5.957478196845455987e-01 2.791737574808045852e-01
5.661006826875316644e-01 8.597838215891177027e-01 3.755761279435970157e-01
2.157239085087599151e-01 6.950288099883085158e-01 -8.428280449420233467e-02
7.072443705757881505e-01 5.135298511015632394e-01 3.871607391682589938e-01
5.364000505759066728e-01 6.556378565967454497e-01 4.966409822027657017e-01
6.714773519785449674e-01 6.561929837013681377e-01 4.075220293587293319e-01
3.653050984466985063e-02 5.440124432610488059e-01 2.021863954676607622e-01
8.128029693887610652e-01 8.645569811477064048e-01 2.491464870628906925e-01
8.251354959022036972e-01 6.844902316959878830e-01 -4.171785543781361127e-01
