4.761848658972285264e-01 6.694704580776724701e-01 5.044850835716369053e-01
3.619807802482007397e-01 3.854524202414167933e-01 4.043657909901242076e-01
9.407195760677177221e-01 6.519129986886216255e-01 1.599396865058900774e-01
7.813224562499403447e-01 5.307254061699456793e-01 3.225156187652921114e-01
6.955742269431417490e-01 8.983472489937619487e-01 3.742827409896640756e-01
2.850153357559724321e-01 2.628804019678838699e-01 4.043664750590654777e-01
6.781698895040606523e-01 3.208629377659164700e-02 4.035989951953552479e-01
3.780006314944839851e-01 8.428919696870764700e-01 -8.955016457547837483e-02
7.337117612882502193e-01 5.123394349277188287e-01 3.657455279496395484e-01
9.157195131279597389e-01 7.630173860134726871e-01 1.392358412491907782e-01
6.064005113503537769e-01 5.042983252624462231e-01 3.989067484083789195e-01
9.310581811530317387e-01 8.171374416858968592e-01 1.786497309774374154e-01
9.045831825726421416e-01 5.066239157228766832e-01 2.683938502819241401e-01
6.912104165508967668e-01 6.310975762061539207e-01 3.883384828118016108e-01
5.833138020891860398e-01 7.163592100061793033e-01 4.428794212012197029e-01
5.587163914432322631e-01 6.887123968729362833e-01 4.728498169425209285e-01
6.501697688258049057e-01 7.161882208688231666e-01 4.203878989639882602e-01
7.829557597183754991e-01 7.426862195897822039e-01 2.583368522624374108e-01
8.153556006703307490e-01 6.662104475966357242e-01 2.260966845772184874e-01
7.143986551823725550e-01 7.053875314876322244e-01 3.081062901082085026e-01
8.171200745516911113e-01 7.179957033516497500e-01 2.147963215744883581e-01
8.771545231937801779e-01 5.921150061255227026e-01 1.876332864435339698e-01
2.108203495399440242e-01 5.863528214462057075e-01 -4.049361468108336748e-02
5.716419139620816381e-01 7.196132295764934295e-01 4.464398923373444350e-01
1.291495232703208373e-01 6.338531081455132110e-01 1.056624372373694484e-02
7.728676313125203423e-01 6.061292236151163415e-01 2.509548727794814194e-01
6.676663527150678012e-01 8.110237010887728637e-01 3.799638731840148109e-01
4.657271896963049995e-01 9.409883337009363746e-01 1.204890258367055100e-01
2.504041948077062041e-01 2.062963115993492191e-01 4.043664750590654777e-01
9.208538496609390833e-01 5.306810407537453367e-01 2.426233654969359166e-01
2.075453651444793546e-01 5.170832268852457725e-01 -1.954878212279443500e-02
2.590297921069794618e-01 7.946523129696572152e-01 -1.163834224073205525e-01
8.157751132429100771e-01 5.981582974867373226e-01 2.434453210842680293e-01
5.754704106700143651e-01 8.632778447049942461e-01 3.569331346904400237e-01
2.257072939949570922e-01 6.944526032250821768e-01 -5.765260886279492680e-02
7.166530861388389351e-01 5.169174861842729118e-01 3.456023878497659907e-01
5.453787645047656341e-01 6.600404349530855086e-01 4.558858163983933731e-01
6.808054574152251348e-01 6.597966552960307096e-01 3.686614691390842635e-01
4.637452054573808907e-02 5.457718333023000579e-01 1.768595707008042972e-01
8.225264865767683009e-01 8.668921928071769978e-01 2.356974057710796433e-01
8.251354959022036972e-01 6.844902316959878830e-01 -4.171785543781361127e-01
