4.851252938252318403e-01 6.739502737506860575e-01 4.645064120684124220e-01
3.711742999280716604e-01 3.893867811673902279e-01 4.043661330245948426e-01
9.506116421451561438e-01 6.533782729699734171e-01 1.470568907238206380e-01
7.909215336649864092e-01 5.335285673818549457e-01 2.841234179362843726e-01
7.049674783764313668e-01 9.017775299605345074e-01 3.501387016237575422e-01
2.942088540901557359e-01 2.668147660383576869e-01 4.043664750590654777e-01
6.874681043994100849e-01 3.576640243801744445e-02 3.768688484095564228e-01
3.879965375787388648e-01 8.426058551038129174e-01 -2.861536339583124408e-02
7.431872792677090001e-01 5.155354573026332821e-01 3.253096783888035914e-01
9.256402229610055654e-01 7.642741741453823456e-01 1.260120400982666089e-01
6.157713893785197179e-01 5.077892628129098140e-01 3.566038427365548213e-01
9.408964049870119917e-01 8.189289080664085008e-01 1.801189883045930806e-01
9.143109980975677731e-01 5.089411565634057721e-01 2.338496337861269148e-01
7.007397581088549154e-01 6.341293495274582526e-01 3.080251555450961298e-01
5.925156125097852389e-01 7.202741410379284170e-01 4.022536526404297264e-01
5.677934921218878994e-01 6.929083762901343535e-01 4.330023378037144433e-01
6.594633386974532163e-01 7.198800441366395297e-01 3.781290399389966028e-01
7.927041320838301708e-01 7.449153979640806833e-01 2.248066047697364067e-01
8.251700578798465413e-01 6.681278494018355607e-01 1.929349191878833580e-01
7.240354581239322185e-01 7.080581173906779213e-01 2.703394675976333872e-01
8.269519587358918900e-01 7.198216423945708042e-01 1.836240658653734981e-01
8.870300425280721601e-01 5.936879390160256786e-01 1.579492220324825724e-01
2.208167630971188400e-01 5.860850230258756177e-01 -2.678304397143758259e-02
5.808149964305516777e-01 7.235950078257995521e-01 4.095295505800793934e-01
1.391481506275814017e-01 6.340187914900000665e-01 1.656909257044260342e-02
7.826401468310726361e-01 6.082500584600902815e-01 2.137064522030846792e-01
6.770718597598270883e-01 8.144202342081435786e-01 3.465482718422274178e-01
4.756157636670245714e-01 9.424769924346988459e-01 1.494212673526778279e-01
2.595977131418895079e-01 2.102306756698230361e-01 4.043664750590654777e-01
9.306293941777241674e-01 5.327878699827889308e-01 2.122735106724701615e-01
2.175448729550029936e-01 5.169840122327158394e-01 -9.921628030886205096e-03
2.690069875728924309e-01 7.939773532412540691e-01 -6.754732682796889265e-02
8.255589372682872185e-01 6.002263370029103928e-01 2.083071595161183898e-01
5.849113381108178578e-01 8.665746445256510277e-01 3.359645863366422236e-01
2.357015631706547432e-01 6.941141011664480054e-01 -3.385667366548737733e-02
7.262025676118902817e-01 5.198852131925824072e-01 3.013113166135049092e-01
5.545259114098035624e-01 6.640814377367587618e-01 4.159950076276125452e-01
6.904343027153849732e-01 6.624957918590059780e-01 2.733033584224478507e-01
5.625091148067774827e-02 5.473392841309520085e-01 1.573941302326982705e-01
8.322926312741862898e-01 8.690421736789745166e-01 2.166898712177869335e-01
8.251354959022036972e-01 6.844902316959878830e-01 -4.171785543781361127e-01
