4.942354507616895098e-01 6.780739905927002376e-01 4.250558736964610840e-01
3.803678189350989114e-01 3.933211436656138815e-01 4.043663040418301602e-01
9.605363972907801084e-01 6.546027056138581379e-01 1.227512992296054956e-01
8.006258690549664658e-01 5.359422522491855689e-01 2.437757850751918753e-01
7.144430935608108157e-01 9.049732641293222191e-01 3.252792626744271942e-01
3.034023724243390396e-01 2.707491301088315039e-01 4.043664750590654777e-01
6.968581431974083529e-01 3.920546791748809323e-02 3.510740555419917808e-01
3.979949772218948079e-01 8.427825036310298001e-01 1.766577156150064484e-02
7.527989945322816068e-01 5.182949735053002938e-01 2.795796247801459744e-01
9.355834815579563424e-01 7.653379450202257850e-01 1.065787447578642605e-01
6.252870825298892932e-01 5.108636056449599172e-01 3.124955532630715460e-01
9.507559474392419663e-01 8.205990645359270141e-01 1.678020204221052636e-01
9.241071483852787427e-01 5.109499969106163775e-01 2.022602681738192854e-01
7.103915348900439186e-01 6.367453015465330823e-01 2.646745883113305053e-01
6.018761848911373669e-01 7.237926186481269397e-01 3.595443560752242806e-01
5.770616065198483913e-01 6.966636466540785388e-01 3.849653644992332424e-01
6.689146650219210954e-01 7.231469127762424343e-01 3.327959695709549748e-01
8.025267556070186936e-01 7.467905158594948523e-01 1.886283885980641895e-01
8.350472408017103332e-01 6.696903018100841543e-01 1.568880526658857633e-01
7.337725212898713600e-01 7.103361869467960110e-01 2.298248225191569794e-01
8.368414232982086531e-01 7.213043732098847194e-01 1.488218228464789628e-01
8.969488128424837337e-01 5.949599435167829409e-01 1.275459881403423756e-01
2.308158520298903005e-01 5.859500396397592237e-01 -1.349874855637908135e-02
5.901567233902289544e-01 7.271632199006121677e-01 3.648628836500171779e-01
1.491454442229267208e-01 6.342514301980163305e-01 2.326596974379710470e-02
7.924904820389334636e-01 6.099736872753452888e-01 1.732279510615357121e-01
6.865937538703695830e-01 8.174753172753638220e-01 3.104722130157767102e-01
4.854756324131363487e-01 9.441452215285131011e-01 1.676065403767064144e-01
2.687912314760728116e-01 2.141650397402968531e-01 4.043664750590654777e-01
9.404641470120030933e-01 5.345982944326466146e-01 1.820463085873607056e-01
2.275448729414908944e-01 5.169834923846265973e-01 -5.198480895144719260e-05
2.790030917200035931e-01 7.936982441584432557e-01 -2.791453340575995173e-02
8.354150070915957738e-01 6.019168658071802902e-01 1.698686392230783215e-01
5.944325521193808415e-01 8.696318464822027083e-01 3.106947490964878100e-01
2.457007178616810728e-01 6.939840801492013211e-01 -1.300246809682773647e-02
7.358859910983883701e-01 5.223814723099692303e-01 2.522939177064565386e-01
5.638663333164208868e-01 6.676530646218608034e-01 3.652284529724496021e-01
7.001742823991012887e-01 6.647613592847941844e-01 2.285410415356310121e-01
6.615641765888961856e-02 5.487107604717638143e-01 1.375812603279667479e-01
8.421083909841535764e-01 8.709528963998796058e-01 1.922544290981012260e-01
8.251354959022036972e-01 6.844902316959878830e-01 -4.171785543781361127e-01
