5.035223611108623487e-01 6.817825342646051112e-01 3.799288211477038213e-01
3.895613376057042165e-01 3.972555069499626446e-01 4.043663895504477912e-01
9.704904559522519181e-01 6.555601585703929590e-01 9.589218786061151634e-02
8.104160425563791126e-01 5.379800213264456232e-01 2.052142384364419592e-01
7.240023834344082587e-01 9.079092438827497391e-01 2.979885257237998575e-01
3.125958907585223434e-01 2.746834941793053209e-01 4.043664750590654777e-01
7.063361460507513456e-01 4.239411369775630822e-02 3.245312906328957636e-01
4.079812521936337921e-01 8.433062518423105614e-01 5.239879582072985015e-02
7.625200105447955679e-01 5.206405752797812481e-01 2.367660983351331239e-01
9.455495136875008422e-01 7.661614761932165063e-01 8.244648951160356287e-02
6.349322703218915898e-01 5.135037481519110214e-01 2.671817676257532415e-01
9.606473473392540541e-01 8.220688291490680921e-01 1.475108386536028715e-01
9.339617176299311874e-01 5.126492511595004409e-01 1.707539929667169498e-01
7.201616248740280168e-01 6.388772822464581225e-01 2.148471244375188272e-01
6.113793618717546785e-01 7.269054352625557991e-01 3.165414013739972776e-01
5.864924562912778860e-01 6.999891650480627447e-01 3.390081312911731315e-01
6.784997095600365791e-01 7.259976883202555742e-01 2.890873390841878221e-01
8.124089958810479795e-01 7.483206554499742813e-01 1.536174319959678347e-01
8.449720932405544449e-01 6.709139455765334992e-01 1.226718137857061436e-01
7.435899953095101989e-01 7.122380817582187884e-01 1.913551468902905117e-01
8.467741998994555708e-01 7.224619348668692709e-01 1.160162492772621040e-01
9.069020118911015338e-01 5.959262916417327194e-01 9.678584865031500395e-02
2.408158486495785011e-01 5.859418173393183826e-01 -8.222301367288994359e-04
5.996404954368695917e-01 7.303346655910436525e-01 3.227171054935937256e-01
1.591411356043082315e-01 6.345449498876040151e-01 2.935618523342491473e-02
8.023978188935717570e-01 6.113318759399737345e-01 1.362399410464214533e-01
6.962204429322886856e-01 8.201821341707460356e-01 2.741010856478025559e-01
4.953196175173977256e-01 9.459047547811343382e-01 1.768741187910615742e-01
2.779847498102561154e-01 2.180994038107706701e-01 4.043664750590654777e-01
9.503501081325186339e-01 5.361042070209645072e-01 1.511663248316331143e-01
2.375444222965880370e-01 5.170784275992550416e-01 9.493664072321991027e-03
2.890030186458076855e-01 7.937364734479744888e-01 3.822938265060899562e-03
8.453247217553869763e-01 6.032575951915980506e-01 1.344778952973631758e-01
6.040342620173618782e-01 8.724259773014401143e-01 2.831827906735697176e-01
2.557006008192504454e-01 6.940324623247814406e-01 4.838236433994336227e-03
7.456674328384564898e-01 5.244607504264444664e-01 2.094559912468824392e-01
5.733581780068974787e-01 6.708002672483007744e-01 3.201619262720382109e-01
7.099955119742644705e-01 6.666437645631390074e-01 1.893703390249811269e-01
7.608809050621942460e-02 5.498777542393615825e-01 1.169658965281260288e-01
8.519726970572846225e-01 8.725946837477384088e-01 1.649253909387335681e-01
8.251354959022036972e-01 6.844902316959878830e-01 -4.171785543781361127e-01
