5.129642625752217633e-01 6.850765434839801715e-01 3.356690160833202263e-01
3.987548561080985210e-01 4.011898706273739346e-01 4.043664323047566622e-01
9.804667621003341216e-01 6.562481379594277131e-01 6.885232672579928714e-02
8.203478345261492333e-01 5.391460008585168273e-01 1.168637758220925499e-01
7.336428167637840669e-01 9.105666947706984038e-01 2.689767190293527732e-01
3.217894090927056472e-01 2.786178582497791378e-01 4.043664750590654777e-01
7.158990531673963265e-01 4.531829007383560842e-02 2.967540048311242962e-01
4.179511060236479336e-01 8.440821478457494198e-01 7.766766212525458291e-02
7.723438547285322864e-01 5.225092875245271884e-01 1.879762967781100358e-01
9.555332828473763751e-01 7.667309964846182879e-01 5.698286180136261092e-02
6.446878836428427961e-01 5.157010211736537952e-01 2.215349325474991748e-01
9.705716123650260929e-01 8.232972279842342145e-01 1.231509352009817482e-01
9.438758152854820338e-01 5.139571761100240055e-01 1.311682994010402725e-01
7.300300611387677829e-01 6.404940585725990010e-01 1.623904155261873261e-01
6.210038864021265592e-01 7.296199384517730868e-01 2.748996112461767893e-01
5.960579460047381595e-01 7.029048822054161372e-01 2.958695378002880738e-01
6.881953074866982156e-01 7.284462350003321207e-01 2.473697948742268893e-01
8.223373859885654280e-01 7.495152557483791833e-01 1.197459998026327438e-01
8.549353343413851336e-01 6.717705824696909023e-01 8.576880732348222958e-02
7.534710080772992757e-01 7.137761281433416816e-01 1.544175830849479070e-01
8.567446192583058062e-01 7.232305295641351384e-01 7.693534459102750744e-02
9.168841014821741409e-01 5.965245285478166792e-01 5.985943177401141513e-02
2.508152744632239362e-01 5.860489779542927824e-01 1.071626660269836204e-02
6.092438200707348539e-01 7.331232415675229541e-01 2.826043129213977045e-01
1.691352684712746912e-01 6.348874527889363240e-01 3.425699007258650730e-02
8.123525211070243834e-01 6.122826145168085432e-01 9.521767280790831289e-02
7.059380790888054591e-01 8.225416992852442322e-01 2.382027553105413864e-01
5.051594169581626881e-01 9.476875466830460004e-01 1.792373471034436339e-01
2.871782681444394192e-01 2.220337678812444870e-01 4.043664750590654777e-01
9.602881898710581288e-01 5.372153016875470533e-01 1.113393596423529197e-01
2.475427742368915829e-01 5.172599722985122828e-01 1.815546731314862314e-02
2.989988799613396697e-01 7.940241478483844872e-01 2.877140934335918263e-02
8.552803376777745603e-01 6.041987177159819922e-01 9.425173628819576155e-02
6.137120853962687583e-01 8.749438602706590684e-01 2.545276419073205232e-01
2.656986711079924457e-01 6.942289069769713716e-01 1.964572892139597807e-02
7.555402831427306953e-01 5.260503500204909422e-01 1.596371284158036863e-01
5.829742324669568987e-01 6.735446244810915362e-01 2.780028463026983365e-01
7.198824774560007578e-01 6.681430689228191611e-01 1.504979130659334641e-01
8.604532037481467388e-02 5.508016445704911890e-01 9.252097523740657192e-02
8.618816147933078264e-01 8.739412903349512707e-01 1.350709940041000812e-01
8.251354959022036972e-01 6.844902316959878830e-01 -4.171785543781361127e-01
