5.225369035630091918e-01 6.879686957135374703e-01 2.934069236343741505e-01
4.079483745263873251e-01 4.051242345013165158e-01 4.043664536819110977e-01
9.904294538107774049e-01 6.571111407883132305e-01 8.640776717262176054e-02
8.303209895042601429e-01 5.398782438390780092e-01 7.328989209260096394e-02
7.433591933709388089e-01 9.129314411900713022e-01 2.387359755790436633e-01
3.309829274268889510e-01 2.825522223202529548e-01 4.043664750590654777e-01
7.255427524417830121e-01 4.796386454929323084e-02 2.677449902050839659e-01
4.279058163763743705e-01 8.450328011965149155e-01 9.520911142327610766e-02
7.822431463259917894e-01 5.239249237307850304e-01 1.420407648138684586e-01
9.654855716600272419e-01 7.677066743974477747e-01 9.772325719428269497e-02
6.545361910066646027e-01 5.174361989938476292e-01 1.744005195340681269e-01
9.805013073849271343e-01 8.244809326821015416e-01 1.186486533692387157e-01
9.538319133904160640e-01 5.148931838690348206e-01 9.373799194117012068e-02
7.399551946622746623e-01 6.417154203292296799e-01 1.224418882015917420e-01
6.307274260817729017e-01 7.319550564570017626e-01 2.356877740573845859e-01
6.057350823400560191e-01 7.054254044425072312e-01 2.548003645473820855e-01
6.980766789114696280e-01 7.299819754620352485e-01 1.541842181845512749e-01
8.322997930980288173e-01 7.503815377955860288e-01 8.673692170494179399e-02
8.649171559542170318e-01 6.723732741733031704e-01 6.030571681393903649e-02
7.634047859995811702e-01 7.149250651262890610e-01 1.151479886551100285e-01
8.667301653369134939e-01 7.237679953881683836e-01 5.377249234652280857e-02
9.268787957026706215e-01 5.968502392150866198e-01 3.257682844643638304e-02
2.608131334242869137e-01 5.862558986992467691e-01 2.069355137312377246e-02
6.189619163112798361e-01 7.354809110650366577e-01 2.380076901656059118e-01
1.791284059658014294e-01 6.352578620429832901e-01 3.704940084969970959e-02
8.223342374546744882e-01 6.128870471061470537e-01 6.048012334701788340e-02
7.157482033878359573e-01 8.244811479794796893e-01 1.951817828726896131e-01
5.150043618867342632e-01 9.494417015660003845e-01 1.763277844271248229e-01
2.963717864786227230e-01 2.259681319517183040e-01 4.043664750590654777e-01
9.702533914501006995e-01 5.380488228264797002e-01 8.344893273728630489e-02
2.575395741071739852e-01 5.175129393981958703e-01 2.529940873892570427e-02
3.089874239094461128e-01 7.945026766319974731e-01 4.787116024103004602e-02
8.652602036819372344e-01 6.048329688799204407e-01 6.346771740594300826e-02
6.234642911850400981e-01 8.771562079498124165e-01 2.230804312344941975e-01
2.756937684002538913e-01 6.945420045947003906e-01 3.131487953025836879e-02
7.654704077108775984e-01 5.272304458051985110e-01 1.182852147081806943e-01
5.927126284320783922e-01 6.758169897744600307e-01 2.292390327261510097e-01
7.298219299449814068e-01 6.692418337836043563e-01 1.100987828107507088e-01
9.601441883970322777e-02 5.515871862927164138e-01 7.863518718788273243e-02
8.717901535881558139e-01 8.752906824021401411e-01 1.353521077740102441e-01
8.251354959022036972e-01 6.844902316959878830e-01 -4.171785543781361127e-01
