5.322254680489936218e-01 6.904449263572620676e-01 2.502261416419239159e-01
4.171418929026233791e-01 4.090585984735247149e-01 4.043664643704882322e-01
4.033782788761541838e-04 6.578328268035997795e-01 7.223139485068927335e-02
8.403126843013550840e-01 5.402857178648821090e-01 4.075868684409911236e-02
7.531352552757003549e-01 9.150358683411672356e-01 2.120277939897811104e-01
3.401764457610722547e-01 2.864865863907267718e-01 4.043664750590654777e-01
7.352564021765868318e-01 5.033978728152703475e-02 2.398863920974325381e-01
4.378491994549611466e-01 8.460954078746769635e-01 1.064616614715963722e-01
7.921900208247202313e-01 5.249543350706031841e-01 1.031238155543026530e-01
9.754457687257943599e-01 7.685980073380953570e-01 8.925174155658531505e-02
6.644492846298017952e-01 5.187517121328610870e-01 1.319337318834161443e-01
9.904359215169231678e-01 8.256226165474273015e-01 1.144178724706114147e-01
9.638105103016247899e-01 5.155470979946011889e-01 6.543810514067725792e-02
7.499199635921849350e-01 6.425540979630650629e-01 8.396639409382579411e-02
6.405474943166123980e-01 7.338435108152262520e-01 1.899862942176475944e-01
6.155281128360003962e-01 7.074493989349659451e-01 2.038074632701811217e-01
7.080160073877436178e-01 7.310818615655613195e-01 1.102115908085498641e-01
8.422825299656043763e-01 7.509688746944341853e-01 5.876751082239416168e-02
8.749114667800851342e-01 6.727105442667526969e-01 3.373340676179005515e-02
7.733729046155340958e-01 7.157229443516684997e-01 7.987282246358745619e-02
8.767262601318024373e-01 7.240474392136383441e-01 2.794802073350662400e-02
9.368785118912887899e-01 5.969255794240582169e-01 7.534092172663198021e-03
2.708090469605368145e-01 5.865417528155654203e-01 2.858930604339565001e-02
6.287734711981255442e-01 7.374131094767980565e-01 1.944427755659814960e-01
1.891203365260591684e-01 6.356595132336793075e-01 4.017592622492748011e-02
8.323298468001956163e-01 6.131833473115665400e-01 2.963435780977491732e-02
7.256236946301541924e-01 8.260542572328043454e-01 1.579670806449346709e-01
5.248625220599619778e-01 9.511199977254987115e-01 1.686276429271265087e-01
3.055653048128060267e-01 2.299024960221921210e-01 4.043664750590654777e-01
9.802361148326143025e-01 5.386363888808222145e-01 5.879046601515140053e-02
2.675346588750008303e-01 5.178264365815261616e-01 3.135485571457535120e-02
3.189682847270895460e-01 7.951210756446343009e-01 6.187938366334544416e-02
8.752542661417664904e-01 6.051775201083775535e-01 3.446194375491750533e-02
6.332823979957106220e-01 8.790548334142642695e-01 1.910221445748535862e-01
2.856855724942565788e-01 6.949467896575071135e-01 4.048956850843321575e-02
7.754371863670435072e-01 5.280448923774152536e-01 8.153496727395610766e-02
6.025438043099969887e-01 6.776467386253770542e-01 1.840115750258312366e-01
7.397946040979476168e-01 6.699805964239430311e-01 7.394362872118831476e-02
1.059945460972933073e-01 5.522173132024000841e-01 6.305446534298257688e-02
8.817158884417480857e-01 8.765071476158570185e-01 1.219485553436574915e-01
8.251354959022036972e-01 6.844902316959878830e-01 -4.171785543781361127e-01
