5.420171105822066959e-01 6.924756248828369820e-01 2.044920836204283110e-01
4.263354112578330857e-01 4.129929624948657230e-01 4.043664697147768550e-01
1.039074461222059577e-02 6.583353342399407282e-01 5.027191603869890502e-02
8.503119358749827716e-01 5.404080615091932938e-01 1.223466965762118157e-02
7.629654025815614249e-01 9.168711350643091729e-01 1.845728670638519531e-01
3.493699640952555585e-01 2.904209504612005888e-01 4.043664750590654777e-01
7.450320391339271264e-01 5.244618754697576851e-02 2.122296295806422595e-01
4.477861866969546356e-01 8.472162488769868771e-01 1.123201195034216893e-01
8.021668239087103025e-01 5.256350701316118146e-01 6.812619150310507410e-02
9.854206426090137416e-01 7.693064500061125299e-01 7.090366121073263250e-02
6.744052656958503533e-01 5.196889639733407451e-01 9.386294940608662374e-02
3.835133710980986876e-04 8.266450725624961970e-01 1.024245935352224995e-01
9.738024099037533299e-01 5.159495185966882502e-01 4.025292962060771779e-02
7.599073767908061106e-01 6.430556730820728983e-01 5.017856658960620497e-02
6.504365418314156377e-01 7.353290205762055276e-01 1.491028293889534451e-01
6.254003626321072984e-01 7.090427237490783963e-01 1.600144595007559623e-01
7.179882260665627625e-01 7.318267472090064230e-01 7.455762078078256860e-02
8.522775293934358176e-01 7.512850810157640780e-01 3.162590389591415918e-02
8.849111848176154371e-01 6.727856386732775640e-01 7.509511232627957660e-03
7.833609703004913438e-01 7.162113538857483030e-01 4.886039213197427428e-02
8.867262334821690573e-01 7.240705258322398530e-01 2.308663910984621800e-03
9.468771715022945568e-01 5.967618540954067186e-01 -1.637326442313985844e-02
2.808028691347811967e-01 5.868932045897550243e-01 3.515241656729084507e-02
6.386544970486890405e-01 7.389510718106980791e-01 1.544090767537382169e-01
1.991114988383730910e-01 6.360798412591521789e-01 4.204518935227712778e-02
8.423298364125106907e-01 6.131977609714651667e-01 1.441366488947485930e-03
7.355468760698441466e-01 8.272913789386165950e-01 1.240299268737600630e-01
5.347390195108531197e-01 9.526867772577050086e-01 1.573261607861768108e-01
3.147588231469893305e-01 2.338368600926659380e-01 4.043664750590654777e-01
9.902301043816174042e-01 5.389830485041078312e-01 3.467290926768664544e-02
2.775281131260411427e-01 5.181881991174035473e-01 3.618414901084495566e-02
3.289426907833260527e-01 7.958360748231741999e-01 7.156097919981223299e-02
8.852542270098423538e-01 6.052054957576306071e-01 2.797568574446316746e-03
6.431545476794982008e-01 8.806487784010478270e-01 1.600772796104849016e-01
2.956743826733745362e-01 6.954197285600620670e-01 4.731153849366281222e-02
7.854256605888246812e-01 5.285248743779242808e-01 4.801664911039160016e-02
6.124418173343837424e-01 6.790712870341967244e-01 1.429411097981914125e-01
7.497859636071038114e-01 6.703962106185916703e-01 4.157339397240641249e-02
1.159839406428896241e-01 5.526777441010271019e-01 4.605937370048188151e-02
8.916636187533030222e-01 8.775282556652675980e-01 1.022890877469725679e-01
8.251354959022036972e-01 6.844902316959878830e-01 -4.171785543781361127e-01
