5.518858711325097532e-01 6.940904205977131980e-01 1.621897171923165903e-01
4.355289296025295909e-01 4.169273265407731355e-01 4.043664723869211386e-01
2.038723640856819966e-02 6.586001960256989696e-01 2.648927630747683476e-02
8.603109076378070430e-01 5.402646610690183815e-01 -1.434053553658659261e-02
7.728429730635248962e-01 9.184311355046436143e-01 1.566398118651541327e-01
3.585634824294388623e-01 2.943553145316744057e-01 4.043664750590654777e-01
7.548624398813685854e-01 5.428009625372818420e-02 1.844347207228981822e-01
4.577215777747716818e-01 8.483511515736237296e-01 1.137353192096476340e-01
8.121604431016873349e-01 5.259922471546140121e-01 3.572530116525072380e-02
9.954086028709445699e-01 7.697970107119288530e-01 4.907576747578958065e-02
6.843877475443517211e-01 5.202806194003766205e-01 5.920011596253189901e-02
1.034775030334577489e-02 8.274900473301853854e-01 8.459835071904384107e-02
9.838012068504394803e-01 5.161046302304856948e-01 1.551178543489550345e-02
7.699054826533011653e-01 6.432502987801229644e-01 1.946379872422576013e-02
6.603624714330929013e-01 7.365438956901769751e-01 1.217883572156172878e-01
6.353254156671434005e-01 7.102647394002551406e-01 1.225077711638337674e-01
7.279787038729025328e-01 7.322630420646184524e-01 4.364333911835723695e-02
8.622773868109271378e-01 7.513384816697273871e-01 5.340090776475077405e-03
8.949095831628243181e-01 6.726066679200111142e-01 -1.789803088574871970e-02
7.933589213148688479e-01 7.164137779804302664e-01 2.024379212838221462e-02
8.967236509044855808e-01 7.238432707245707753e-01 -2.272746731559292452e-02
9.568771658501933342e-01 5.967724862162216981e-01 1.063212281809158052e-03
2.907948007434664195e-01 5.872948296977310578e-01 4.017331584663048905e-02
6.485834750095619272e-01 7.401407762498345422e-01 1.192528972774189733e-01
2.091025305694789727e-01 6.365032617924701874e-01 4.235471570495592114e-02
8.523274089991973446e-01 6.129774376319588880e-01 -2.203411684310180307e-02
7.455028319575559559e-01 8.282288981981181797e-01 9.388980957769928193e-02
5.446359285121231686e-01 9.541189756450032533e-01 1.437140330850696646e-01
3.239523414811726343e-01 2.377712241631397549e-01 4.043664750590654777e-01
2.288186099721478683e-04 5.391434036714538580e-01 1.603620403703941849e-02
2.875202849351037870e-01 5.185838031342865362e-01 3.957072780103386422e-02
3.389126475693253204e-01 7.966106467599928243e-01 7.753485578683597113e-02
8.952523162905136056e-01 6.050100200923237415e-01 -1.954881162294952457e-02
6.530668140854154480e-01 8.819705101053374463e-01 1.325610662736143031e-01
3.056609471968569913e-01 6.959379264164079482e-01 5.184300556433140555e-02
7.954239479169801230e-01 5.287099432938602295e-01 1.850794820705401258e-02
6.223838687687018867e-01 6.801462815817982399e-01 1.077075852485151058e-01
7.597850539403848691e-01 6.705310902200354306e-01 1.348836914420404980e-02
1.259796513689940556e-01 5.529706042725095472e-01 2.929020505840630728e-02
9.016319645608754652e-01 8.783232914258808366e-01 7.958756980429015915e-02
8.251354959022036972e-01 6.844902316959878830e-01 -4.171785543781361127e-01
