5.618057291327143155e-01 6.953539146640935753e-01 1.266880221842370535e-01
4.447224479419694676e-01 4.208616905989637780e-01 4.043664737229932804e-01
3.038686765624953878e-02 6.586860733241833854e-01 8.587835408177792174e-03
8.703050801260994174e-01 5.399233162664217600e-01 -3.414111244176488980e-02
7.827593396375888135e-01 9.197217454258780345e-01 1.294219938493126609e-01
3.677570007636221661e-01 2.982896786021482227e-01 4.043664750590654777e-01
7.647395598211589318e-01 5.584294675681412273e-02 1.569283572861054354e-01
4.676593007562315218e-01 8.494654504310962251e-01 1.116617808884181745e-01
8.221601096178519086e-01 5.260739145624089286e-01 8.166831563240689595e-03
5.405052255174958020e-03 7.700634684168634614e-01 2.664892457118464564e-02
6.943842804844774230e-01 5.205439237432590849e-01 2.633347768339401249e-02
2.032752362357985107e-02 8.281257551850559340e-01 6.361368105848129451e-02
9.938011780328449563e-01 5.161286375431273221e-01 2.400733570280950014e-03
7.799042065589717465e-01 6.430905481676958413e-01 -1.597574080023742016e-02
6.703218293140440487e-01 7.374445568912597615e-01 9.018833474637343028e-02
6.452857678049339629e-01 7.111543377878495331e-01 8.907759444537838300e-02
7.379776135385459623e-01 7.324107089136485671e-01 1.476722161388709618e-02
8.722755165468060179e-01 7.511450862599188261e-01 -1.934074673938153410e-02
9.049024833376031474e-01 6.722299105751512460e-01 -3.768465338994685110e-02
8.033587156681269992e-01 7.163496461431922979e-01 -6.413227685835294449e-03
9.067148846261803286e-01 7.234246435414235510e-01 -4.187495528037921133e-02
9.668761671685103254e-01 5.966311616384061267e-01 -1.413292826124311515e-02
3.007853473241055564e-01 5.877295468702464776e-01 4.348542097935100686e-02
6.585451967431247278e-01 7.410149044458465006e-01 8.752452436112587164e-02
2.190939996839728066e-01 6.369162326559890674e-01 4.130883371778228813e-02
8.623174674064540968e-01 6.125316428141354130e-01 -4.459426069463247322e-02
7.554814961990040656e-01 8.288817840659726821e-01 6.533505916627466159e-02
5.545524364294871500e-01 9.554084990937461441e-01 1.293124310634519436e-01
3.331458598153559381e-01 2.417055882336135719e-01 4.043664750590654777e-01
1.022880509883802684e-02 5.391269652256676093e-01 -1.643845318963676983e-03
2.975116935829066889e-01 5.189982343500625372e-01 4.145499407285727772e-02
3.488803874272870531e-01 7.974132438718748439e-01 8.034612903532951933e-02
9.052441532318548090e-01 6.046060466555132074e-01 -4.040833946770630569e-02
6.630109775298657082e-01 8.830257889263417592e-01 1.057247322764711117e-01
3.156462380689722957e-01 6.964801129149956749e-01 5.424524914466738457e-02
8.054235800539617518e-01 5.286241696088326281e-01 -8.577473680865435601e-03
6.323552742356175482e-01 6.809019753123296548e-01 7.564148457095731803e-02
7.697842109005155198e-01 6.704012438235897875e-01 -1.298500454249629579e-02
1.359783732495038200e-01 5.531304815886466386e-01 1.598841278958402709e-02
9.116162955300951554e-01 8.788828761800349110e-01 5.598772091529967410e-02
8.251354959022036972e-01 6.844902316959878830e-01 -4.171785543781361127e-01
