5.717617476122091036e-01 6.962907689942632317e-01 9.382302269665498962e-02
4.539159662787810579e-01 4.247960546632960077e-01 4.043664743910293513e-01
4.038645142759204193e-02 6.585948351747962226e-01 -9.123941527267726004e-03
8.803033393817468744e-01 5.397367369083485578e-01 -1.865901850592699765e-02
7.927066713154198307e-01 9.207467295678132269e-01 1.026787414688569988e-01
3.769505190978054698e-01 3.022240426726220397e-01 4.043664750590654777e-01
7.746554332340493954e-01 5.713734022849598776e-02 1.298035493774812033e-01
4.776019957758115830e-01 8.505344760377204771e-01 1.071072315239265660e-01
8.321592133949707870e-01 5.259400353093235392e-01 -1.338832527504793361e-02
1.540490332013755466e-02 7.701180456883820469e-01 5.457754246911202846e-03
7.043842383501327520e-01 5.205148947040285634e-01 -2.902908000125634363e-03
3.031883531879921156e-02 8.285425172382383519e-01 4.168827936693431796e-02
3.800739227473926007e-03 5.160349576900629121e-01 -9.368122332924213799e-03
7.898971898383697621e-01 6.427160015381946367e-01 -3.746342570644525805e-02
6.803036676260657556e-01 7.380469719580161625e-01 6.027800277183442690e-02
6.552687712039291235e-01 7.117371268883405655e-01 5.831195062600016271e-02
7.479770095214183234e-01 7.323007999617141550e-01 -1.099111648841423483e-02
8.822670672089406585e-01 7.507340931139956375e-01 -4.111089390575126123e-02
9.148876409762608519e-01 6.716852758983666849e-01 -5.449042923496771884e-02
8.133542922932395225e-01 7.160522441736227872e-01 -2.974458280098765325e-02
9.166963728799044642e-01 7.228164558723878530e-01 -6.085632343390585258e-02
9.768722077183190633e-01 5.963497840867431066e-01 -2.814146942256517958e-02
3.107751683562153255e-01 5.881806297300601338e-01 4.512359740887622594e-02
6.685283333407731066e-01 7.415954073938951785e-01 5.808294768073863495e-02
2.290861501872801798e-01 6.373123744478443875e-01 3.962454748665950738e-02
8.722985269677850928e-01 6.119164598875501682e-01 -6.155716155618350116e-02
7.654739741769280847e-01 8.292695776459899637e-01 3.878908423446419257e-02
5.644874721768292636e-01 9.565465081881884268e-01 1.140479846402900760e-01
3.423393781495392418e-01 2.456399523040873889e-01 4.043664750590654777e-01
2.022795347432872898e-02 5.389964594214993188e-01 -1.305095090258721544e-02
3.075028464256909788e-01 5.194187874051262588e-01 4.206771222703306612e-02
3.588479504335764791e-01 7.982180343512236265e-01 8.056617760673578932e-02
9.152286488408547527e-01 6.040494072445299345e-01 -5.569272680156120425e-02
6.729790472257860534e-01 8.838242790873798160e-01 7.993411157752244867e-02
3.256311776335524266e-01 6.970287310806464465e-01 5.488937459540391139e-02
8.154200948510539337e-01 5.283601773522843548e-01 -2.640229297104466563e-02
6.423446827731416064e-01 6.813621025452145652e-01 4.602897490824475746e-02
7.797779368710220371e-01 6.700470669942735213e-01 -3.542509184392207688e-02
1.459782574291292878e-01 5.531786105204458126e-01 4.812911761035724469e-03
9.216083674116670732e-01 8.792809961537859653e-01 3.982252185375682180e-02
8.251354959022036972e-01 6.844902316959878830e-01 -4.171785543781361127e-01
