5.817417171852373725e-01 6.969233884070467067e-01 6.330421393969219712e-02
4.631094846142785326e-01 4.287304187306990033e-01 4.043664747250473868e-01
5.038345180221643488e-02 6.583499198633928629e-01 -2.449398028147231968e-02
8.902982769367236981e-01 5.394185808584092134e-01 -3.182097490638373383e-02
8.026761072098974603e-01 9.215279772531869140e-01 7.820445976250713083e-02
3.861440374319887736e-01 3.061584067430958567e-01 4.043664750590654777e-01
7.846013978032566616e-01 5.817550629809861706e-02 1.040040045699941740e-01
4.875514626537909013e-01 8.515385222737036353e-01 1.005740915007233005e-01
8.421538521151364920e-01 5.256126260037692344e-01 -3.274678292018395193e-02
2.540400162074401419e-02 7.699837580314322638e-01 -1.342916933320242520e-02
7.143811436390057334e-01 5.202661284577188017e-01 -2.487919114758288877e-02
4.031625992437029571e-02 8.287694561197062049e-01 2.269583653794381151e-02
1.379819994607701418e-02 5.158096153283369123e-01 -2.253614372524618062e-02
7.998810387537798050e-01 6.421478810982654828e-01 -5.684264963734383946e-02
6.902982677298892256e-01 7.383755579660146173e-01 3.286451651206744734e-02
6.652641758393830207e-01 7.120402542106778476e-01 3.031737635590173174e-02
7.579711589704569707e-01 7.319587812629859691e-01 -3.420854142689435523e-02
8.922491208637463034e-01 7.501352568821406663e-01 -5.991947199345450115e-02
9.248624568262350243e-01 6.709760165952171063e-01 -7.098553066763818586e-02
8.233414451049935190e-01 7.155455107973061057e-01 -5.069504911959065580e-02
9.266664323360886968e-01 7.220432065981229330e-01 -7.740219164698054766e-02
9.868630272397004299e-01 5.959213855676224192e-01 -4.285296640624401687e-02
3.207648523947195796e-01 5.886347363374256902e-01 4.542628233707469293e-02
6.785235027207585645e-01 7.419061952080063804e-01 3.108378670439914879e-02
2.390791702404373165e-01 6.376859386554436515e-01 3.736511471501772347e-02
8.822681742310229946e-01 6.111379141621018363e-01 -7.793343828299398313e-02
7.754729212557628371e-01 8.294146890330759136e-01 1.451164803288129863e-02
5.744393089152015630e-01 9.575267864817269547e-01 9.818551117427141983e-02
3.515328964837225456e-01 2.495743163745612059e-01 4.043664750590654777e-01
3.022443729936089701e-02 5.387312969507944693e-01 -2.651935536646984198e-02
3.174941866769027676e-01 5.198348643024843785e-01 4.161970430233005724e-02
3.688170162704230703e-01 7.990039900373905324e-01 7.867671196772822728e-02
9.252033479119150527e-01 6.033385075035052614e-01 -7.114998959086375752e-02
6.829634846100560708e-01 8.843819619000894416e-01 5.579722930308868983e-02
3.356165531142722980e-01 6.975693571150157757e-01 5.408897351644129103e-02
8.254101287333758252e-01 5.279138332808996914e-01 -4.464924077712378175e-02
6.523428506093874590e-01 6.815535181095242478e-01 1.914272553217578193e-02
7.897623028091537156e-01 6.694881065184999924e-01 -5.592519521487494122e-02
1.559780604584494745e-01 5.531158460814795674e-01 -6.276485106125562381e-03
9.316063244864779547e-01 8.794831206951926328e-01 2.021383067088038457e-02
8.251354959022036972e-01 6.844902316959878830e-01 -4.171785543781361127e-01
