5.917354725702154150e-01 6.972767342789935041e-01 3.534194406214458128e-02
4.723030029491189219e-01 4.326647827996374374e-01 4.043664748920564045e-01
6.037564554985360571e-02 6.579548703605698767e-01 -3.951523301353702944e-02
9.002868532984215078e-01 5.389407291381748122e-01 -4.780337635947705388e-02
8.126612349773910671e-01 9.220731593024398265e-01 5.454524792755285900e-02
3.953375557661720774e-01 3.100927708135696736e-01 4.043664750590654777e-01
7.945699919240243325e-01 5.896742249025272581e-02 7.927462624877350261e-02
4.975087314069577826e-01 8.524619934303765412e-01 9.247887782239748444e-02
8.521409223749553119e-01 5.251042682306973353e-01 -5.085769842473600311e-02
3.539913657134610703e-02 7.696718649099105747e-01 -3.119437105479557631e-02
7.243713295132402363e-01 5.198231993457311795e-01 -4.430740676274435436e-02
5.031618360544748425e-02 8.288085249388811304e-01 3.906891856489609280e-03
2.379147925749628203e-02 5.154430520951019945e-01 -3.666453738948922958e-02
8.098531474784345097e-01 6.414015248939867186e-01 -7.470508735623676566e-02
7.002937778311991712e-01 7.380759285038260842e-01 -2.996743137748025115e-02
6.752641740429710104e-01 7.120342601939916305e-01 -5.994017045162020529e-04
7.679536423550715751e-01 7.313671517540085709e-01 -5.919751960855357265e-02
9.022188298678656126e-01 7.493575021822623805e-01 -7.785409514282166932e-02
9.348247487738065020e-01 6.701084111829751500e-01 -8.686975834446618305e-02
8.333143953272548199e-01 7.148104843594835778e-01 -7.356898991297923518e-02
9.366228598993567855e-01 7.211107098542168803e-01 -9.338534806998081972e-02
9.968461675014022028e-01 5.953409456351665963e-01 -5.807663547808308152e-02
3.307548970936320387e-01 5.890808382470058557e-01 4.462500045159160239e-02
6.885234962725427232e-01 7.419175514519223968e-01 1.135624635691481017e-03
2.490732930382340005e-01 6.380287352460928263e-01 3.428637626033325531e-02
8.922238500722524668e-01 6.101974257015877479e-01 -9.418804741485542475e-02
7.854718948558944147e-01 8.292714167612564857e-01 -1.432771738420574904e-02
5.844055810003169205e-01 9.583474086392700375e-01 8.215459998436451527e-02
3.607264148179058494e-01 2.535086804450350506e-01 4.043664750590654777e-01
4.021609149389338694e-02 5.383228285225393206e-01 -4.085820994712631438e-02
3.274861167924943972e-01 5.202365265550457085e-01 4.017703330483764906e-02
3.787888431707199799e-01 7.997541022093455076e-01 7.508173995905394194e-02
9.351657329898885873e-01 6.024719721273261719e-01 -8.676235022332391689e-02
6.929603873427256922e-01 8.846308308486220406e-01 2.488946455049979509e-02
3.456030256278013191e-01 6.980893251299261637e-01 5.202026038608365682e-02
8.353906667902314398e-01 5.272902468028090039e-01 -6.239913334317977178e-02
6.623420229245013946e-01 6.814248595977182577e-01 -1.286620615470439322e-02
7.997304384618508788e-01 6.686904401663025244e-01 -7.985146707966279955e-02
1.659764746251648215e-01 5.529377614082873205e-01 -1.780940875428917505e-02
9.416063242536883982e-01 8.794852784231993459e-01 2.157728023509454020e-04
8.251354959022036972e-01 6.844902316959878830e-01 -4.171785543781361127e-01
