6.017354628830285934e-01 6.972628150964883531e-01 -1.391918699974258695e-03
4.814965212836307962e-01 4.365991468693435351e-01 4.043664749755609411e-01
7.036075998445805169e-02 6.574094441713801418e-01 -5.456969830069312299e-02
9.102664325375752208e-01 5.383019817628748038e-01 -6.391825210074619790e-02
8.226570539723552233e-01 9.223623004788807922e-01 2.891814798718396126e-02
4.045310741003553812e-01 3.140271348840434906e-01 4.043664750590654777e-01
8.045553633964838136e-01 5.950812255220219033e-02 5.409638711797873367e-02
5.074741082550331406e-01 8.532934164730224813e-01 8.323839230700859348e-02
8.621177007758589195e-01 5.244231715127033455e-01 -6.816244133480994782e-02
4.538735918471956121e-02 7.691866752297904508e-01 -4.853802454459934385e-02
7.343518709718532822e-01 5.191996673153546071e-01 -6.239367795545557732e-02
6.031508790156381306e-02 8.286604949516945817e-01 -1.480353939912452607e-02
3.377835604035214767e-02 5.149309074631330807e-01 -5.123687824768272808e-02
8.198080605151794042e-01 6.404529963330853892e-01 -9.499566792266171678e-02
7.102760227012304695e-01 7.374802882141093807e-01 -5.959930626292350014e-02
6.852595728454650148e-01 7.117309405950513757e-01 -3.033661286167550070e-02
7.779192402835992670e-01 7.305383828314943040e-01 -8.297206111690648422e-02
9.121722795595806899e-01 7.483937391229488201e-01 -9.652612983420921777e-02
9.447714034250807025e-01 6.690768777379115795e-01 -1.033371618360395816e-01
8.432693865545750622e-01 7.138627767759028186e-01 -9.491319868431886964e-02
9.465626398984937628e-01 7.200149117118769260e-01 -1.098003086694591124e-01
6.819066881454061146e-03 5.946052296876963572e-01 -7.363812807065880928e-02
3.407457490613713946e-01 5.895084794034892717e-01 4.277716067224202751e-02
6.985013505602623018e-01 7.412524019852336776e-01 -6.656409090070095069e-02
2.590687048923296376e-01 6.383316244453134392e-01 3.029355310518290836e-02
9.021624811692562362e-01 6.090912557699450502e-01 -1.108438315457424828e-01
7.954647510007207822e-01 8.288934933975888875e-01 -3.780133837176071626e-02
5.943854710025879839e-01 9.589812820829235473e-01 6.342986921935223066e-02
3.699199331520891532e-01 2.574430445155088676e-01 4.043664750590654777e-01
5.020067071047938645e-02 5.377676908209563233e-01 -5.554232329909002119e-02
3.374789926038195831e-01 5.206139295484519813e-01 3.774926419580709736e-02
3.887642736111697750e-01 8.004546645033261409e-01 7.011366086799911135e-02
9.451131623631580103e-01 6.014479365499086905e-01 -1.025833832472046875e-01
7.029600839238365761e-01 8.845529316463162095e-01 -7.789999018506674200e-03
3.555911202895324363e-01 6.985771417228155977e-01 4.880102725104833866e-02
8.453581679271292559e-01 5.264846904199648181e-01 -8.064301743926526045e-02
6.723306696197980381e-01 6.809484803406755660e-01 -4.765596215833294014e-02
8.096757274995507458e-01 6.676458225536775482e-01 -1.046526859375582624e-01
1.759720410604679874e-01 5.526400171599119560e-01 -2.977882584598936025e-02
9.516042156752715364e-01 8.792799320761807147e-01 -2.053607811986274401e-02
8.251354959022036972e-01 6.844902316959878830e-01 -4.171785543781361127e-01
