6.117270135267356412e-01 6.968518215025756302e-01 -4.111093874258449354e-02
4.906900396179783574e-01 4.405335109394334925e-01 4.043664750173132094e-01
8.033634634992288526e-02 6.567111056681081971e-01 -6.989073581900689947e-02
9.202340568207790783e-01 5.374979505763624044e-01 -8.049000146401756595e-02
8.326569970075198279e-01 9.223960539003686065e-01 3.375348557985721233e-03
4.137245924345386849e-01 3.179614989545173076e-01 4.043664750590654777e-01
8.145512349300836341e-01 5.979544168447188668e-02 2.873586783798222702e-02
5.174480116375202998e-01 8.540153938388799215e-01 7.226060610847881427e-02
8.720809749272318001e-01 5.235669191056500082e-01 -8.573021692278841310e-02
5.536545078852864871e-02 7.685250953434618060e-01 -6.620634485935059099e-02
7.443191317937523088e-01 5.183911429135972249e-01 -8.094079063538461849e-02
7.030936025438611070e-02 8.283220867106424468e-01 -3.384728652916942082e-02
4.375647447454266564e-02 5.142697323628250272e-01 -6.616577743500069719e-02
8.297438610518398372e-01 6.393216839554910491e-01 -1.133739600045090973e-01
7.202359632289062619e-01 7.365860932213025292e-01 -8.953909420425164301e-02
6.951997679019485954e-01 7.106389139291409140e-01 -1.094208840098499641e-01
7.878541096784642539e-01 7.293989223859436155e-01 -1.141940699985592444e-01
9.221057438129737216e-01 7.472420933759574835e-01 -1.154206751209240489e-01
9.546996696389243864e-01 6.678812482020390906e-01 -1.198496665479310969e-01
8.531937920586588620e-01 7.126355134013530046e-01 -1.230365234459615542e-01
9.564822599993869634e-01 7.187495512675938780e-01 -1.268761700667266623e-01
1.677900506292107768e-02 5.937110085621599698e-01 -8.954171798824679673e-02
3.507377879696707002e-01 5.899074260854321183e-01 3.990525840380682726e-02
7.084482458144879535e-01 7.402231912189355389e-01 -1.031036510985447324e-01
2.690654795048044168e-01 6.385855877249035917e-01 2.539905874464522262e-02
9.120804489963223460e-01 6.078130092439251175e-01 -1.281753280058069988e-01
8.054036263488334457e-01 8.277895202028608956e-01 -1.106228041334930690e-01
6.043763820977374746e-01 9.594075396210614004e-01 4.263867255795460859e-02
3.791134514862724569e-01 2.613774085859826846e-01 4.043664750590654777e-01
6.017577962355920296e-02 5.370625651781126830e-01 -7.057112707505859561e-02
3.474730931517255872e-01 5.209573742140748420e-01 3.435122194094498288e-02
3.987439759544095241e-01 8.010914856244698568e-01 6.372523371555328942e-02
9.550424233246537220e-01 6.002605963465480476e-01 -1.190147859550794718e-01
7.129503262976895073e-01 8.841112787150753327e-01 -4.417966368044564524e-02
3.655812395103750778e-01 6.990215716423202608e-01 4.445763545115367227e-02
8.553090770351371441e-01 5.254950400149402956e-01 -9.912730190662462360e-02
6.822927619213779993e-01 6.800785855339313013e-01 -8.709956665007173582e-02
8.195882895564112758e-01 6.663263099660571287e-01 -1.323371938033895134e-01
1.859631339967957320e-01 5.522180433009329370e-01 -4.220991885672515515e-02
9.615955663648355634e-01 8.788641059128036170e-01 -4.159460918559194920e-02
8.251354959022036972e-01 6.844902316959878830e-01 -4.171785543781361127e-01
