6.216900071124695781e-01 6.959923107053047620e-01 -8.605726162894677955e-02
4.998835579522438177e-01 4.444678750097154074e-01 4.043664750381892881e-01
9.029973962534207366e-02 6.558562405095412773e-01 -8.559098154996218344e-02
9.301868509390648354e-01 5.365274407933021683e-01 -9.720397981461818826e-02
8.426516016189129488e-01 9.220676050277588631e-01 -3.285079556712045684e-02
4.229181107687219887e-01 3.218958630249911246e-01 4.043664750590654777e-01
8.245512137643032924e-01 5.977486706034214337e-02 -2.057463864569117513e-03
5.274302908309458360e-01 8.546104586290528271e-01 5.954165404523669575e-02
8.820275992580950408e-01 5.225350933351443627e-01 -1.033665512034047523e-01
6.533002409245089459e-02 7.676840966093604335e-01 -8.419932704547786195e-02
7.542699666686394355e-01 5.174007463805201379e-01 -9.920228307941490742e-02
8.029520570221043707e-02 8.277902120147165865e-01 -5.321257863657156278e-02
5.372330490356037186e-02 5.134559196084357291e-01 -8.147137439176130314e-02
8.396556235143001201e-01 6.379961784339018838e-01 -1.329417978876635542e-01
7.301535838336609130e-01 7.353051554631945264e-01 -1.284466818989107861e-01
7.050921625853159291e-01 7.091758597850693624e-01 -1.468324582970045034e-01
7.977474570495218797e-01 7.279423243646671038e-01 -1.461798547658146319e-01
9.320084779270614295e-01 7.458507425698398530e-01 -1.395879462670920612e-01
9.646048123780908146e-01 6.665071494731488189e-01 -1.378460056247167720e-01
8.630791809388442815e-01 7.111258489725790222e-01 -1.515458477687022520e-01
9.663771263813206724e-01 7.173033081055777416e-01 -1.451332864959845037e-01
2.672281375328620229e-02 5.926523921399280415e-01 -1.060603724486944288e-01
3.607312984737408579e-01 5.902676313117122264e-01 3.602831648567569184e-02
7.183505862227961281e-01 7.388290411416528203e-01 -1.398706284799981214e-01
2.790635563420383880e-01 6.387816988076232549e-01 1.961236554712520244e-02
9.219731274278750721e-01 6.063518749414427145e-01 -1.466383885989077096e-01
8.152972375852091114e-01 8.263347155068755390e-01 -1.459985914072773339e-01
6.143745113047434092e-01 9.596009623705356040e-01 1.934348121743838592e-02
3.883069698204557607e-01 2.653117726564565015e-01 4.043664750590654777e-01
7.013880650317440291e-02 5.362034403931920101e-01 -8.601851707874211272e-02
3.574685942850285847e-01 5.212573026957815214e-01 2.999734677442103536e-02
4.087283513747653196e-01 8.016502766993767182e-01 5.590822861055631809e-02
9.649745933962982081e-01 5.990978420010696359e-01 -1.165390484028936968e-01
7.229193904540888171e-01 8.833253017143969377e-01 -7.867885003298326352e-02
3.755736347984586776e-01 6.994114901039052423e-01 3.900173322466905096e-02
8.652419659961183562e-01 5.243384428989069646e-01 -1.159191429459983519e-01
6.921647705546614127e-01 6.784837671918064750e-01 -1.601657468246057425e-01
8.294589972956960544e-01 6.647234597779159149e-01 -1.609793983426292263e-01
1.959479318082622545e-01 5.516668512616823561e-01 -5.514715200500467512e-02
9.715732649162621692e-01 8.781966243648490211e-01 -6.679781845252626138e-02
8.251354959022036972e-01 6.844902316959878830e-01 -4.171785543781361127e-01
