6.316026485675670932e-01 6.946733947175776080e-01 -1.322770077989703086e-01
5.090770762864681442e-01 4.484022390800932456e-01 4.043664750486273829e-01
1.002500031198857167e-01 6.548601198395659351e-01 -9.977754145301515054e-02
9.401237482771399590e-01 5.354058030208656005e-01 -1.124003021293233651e-01
8.526303091999826167e-01 9.214153818976082988e-01 -6.526864383768203604e-02
4.321116291029052925e-01 3.258302270954649416e-01 4.043664750590654777e-01
8.345455482933705760e-01 5.943830009658335883e-02 -3.366305385112558501e-02
5.374201981934365602e-01 8.550596255121298839e-01 4.493180533914560570e-02
8.919578909091266938e-01 5.213564043492577849e-01 -1.181435460942732579e-01
7.527620619878874764e-02 7.666480167342712981e-01 -1.037942540046256634e-01
7.642021219979953095e-01 5.162378661143071090e-01 -1.165517264810151943e-01
9.026739225427697633e-02 8.270448963964827094e-01 -7.460073811456183202e-02
6.367923501341439529e-02 5.125181266421034998e-01 -9.391730138140506889e-02
8.495400241516199991e-01 6.364800570532230806e-01 -1.521990617717665917e-01
7.400191696779057082e-01 7.336710759211166888e-01 -1.641440581852533775e-01
7.149248303319247766e-01 7.073541449377901413e-01 -1.831944404570076401e-01
8.075893244442614582e-01 7.261709841420216360e-01 -1.780736572524097561e-01
9.418776531901544846e-01 7.442384834013585637e-01 -1.619326947351626411e-01
9.744856265308164955e-01 6.649678276486771233e-01 -1.545466642020084103e-01
8.729231935182719671e-01 7.093664694410198868e-01 -1.768585030779190603e-01
9.762468669879496019e-01 7.156945134145559217e-01 -1.615816645725339229e-01
3.665123646412863506e-02 5.914580628407696272e-01 -1.197187044608267192e-01
3.707264441448174241e-01 5.905791806881506290e-01 3.115997983341034852e-02
7.281963847290683356e-01 7.370796836099035021e-01 -1.758405147487625830e-01
2.890627198597520153e-01 6.389110392345009881e-01 1.293440333642774734e-02
9.318414521696148922e-01 6.047344180512703726e-01 -1.624593796313872074e-01
8.251444911150656036e-01 8.245935670586583832e-01 -1.750068112637331308e-01
6.243743967574664211e-01 9.595530986847350396e-01 -4.786386855652867249e-03
3.975004881546390645e-01 2.692461367269303185e-01 4.043664750590654777e-01
8.009116980385706797e-02 5.352285225857718043e-01 -9.764688254531468659e-02
3.674655446543232951e-01 5.215042506940682498e-01 2.469731046893143545e-02
4.187174890622747947e-01 8.021162469344539359e-01 4.661390255612374994e-02
9.748880099997158100e-01 5.977847649861602886e-01 -1.316879877696985612e-01
7.328695139965643035e-01 8.823277840506560388e-01 -9.991794010563535833e-02
3.855683774861663471e-01 6.997357101009960001e-01 3.242768265675993050e-02
8.751525978775280823e-01 5.230045104751371854e-01 -1.337920384314441324e-01
7.019727862906266491e-01 6.765336832646233756e-01 -1.962660071556085184e-01
8.392868780157407560e-01 6.628760939363528282e-01 -1.858038264334714862e-01
2.059256789838899149e-01 5.510000969596681175e-01 -6.672493148724133183e-02
9.815308483220099856e-01 8.772765522385590486e-01 -9.213752149970159955e-02
8.251354959022036972e-01 6.844902316959878830e-01 -4.171785543781361127e-01
