6.414579109610876184e-01 6.929781651889116434e-01 -1.703455957529772247e-01
5.182705946206720427e-01 4.523366031505191009e-01 4.043664750538463748e-01
1.101846645835890537e-01 6.537188479168376531e-01 -1.143764071846267161e-01
9.500423848595502818e-01 5.341327561458163453e-01 -1.276510799294490184e-01
8.625869203282401365e-01 9.204848471907545182e-01 -9.318828753328066428e-02
4.413051474370885963e-01 3.297645911659387585e-01 4.043664750590654777e-01
8.445254409568885290e-01 5.880446855377450405e-02 -6.342567069220313158e-02
5.474160162579992939e-01 8.553487988514272278e-01 2.892136561827489405e-02
9.018673876965407343e-01 5.200140655618307184e-01 -1.346403036767006567e-01
8.520031058285326697e-02 7.654183207660778532e-01 -1.232816394415954253e-01
7.741120806697763257e-01 5.148989414997030556e-01 -1.342957762706666613e-01
1.002207004299495302e-01 8.260796729197219523e-01 -9.667285562996702497e-02
7.362162720831624818e-02 5.114462882947979905e-01 -1.073901310286860533e-01
8.593931024126756357e-01 6.347721786086280016e-01 -1.716292060187150914e-01
7.498338690113338645e-01 7.317549138730621294e-01 -1.928086012647559910e-01
7.247003937693443643e-01 7.052474035011192521e-01 -2.122645298645309819e-01
8.173823183944585180e-01 7.241468128322248177e-01 -2.038255187299359561e-01
9.517124534446246287e-01 7.424283165707391552e-01 -1.820201138652873252e-01
9.843718858141220496e-01 6.634638737320777135e-01 -1.509682012347825231e-01
8.827289431914023821e-01 7.074050226923408458e-01 -1.974246648623463884e-01
9.861275494050036894e-01 7.141543462245022456e-01 -1.546322210401260555e-01
4.656735463648225409e-02 5.901655457647051461e-01 -1.296143202116973037e-01
3.807232426259573033e-01 5.908322026782614200e-01 2.530489953916164811e-02
7.379914868417318807e-01 7.350657385752775719e-01 -2.027813872115895311e-01
2.990625551548827254e-01 6.389684332259835120e-01 5.739430658695316399e-03
9.416884202526420999e-01 6.029916559987102964e-01 -1.751706770281162284e-01
8.349499168664001880e-01 8.226305016407305937e-01 -1.975897410711923985e-01
6.343712098292720869e-01 9.593006538246640069e-01 -2.524716809448257146e-02
4.066940064888223683e-01 2.731805007974041355e-01 4.043664750590654777e-01
9.002992788274402636e-02 5.341234941475136999e-01 -1.107289780935898638e-01
3.774638185040152805e-01 5.216900463521579878e-01 1.858063492023454694e-02
4.287110142222925191e-01 8.024760453170131091e-01 3.598760572419398840e-02
9.847839233831524597e-01 5.963457033795847018e-01 -1.444075389296532730e-01
7.427930434726564002e-01 8.810934572150364019e-01 -1.237482811959470935e-01
3.955652862742813358e-01 6.999843356871885414e-01 2.486512078395420114e-02
8.850389251334457308e-01 5.215010034452566279e-01 -1.509229985782812311e-01
7.117262500925589652e-01 6.743268883343239706e-01 -2.225110840835858306e-01
8.490776781928047745e-01 6.608413379576656421e-01 -2.049064806508914260e-01
2.158947163409020431e-01 5.502137801186323118e-01 -7.871293957326717938e-02
9.914636506010476857e-01 8.761192109381888971e-01 -1.159940645107698232e-01
8.251354959022036972e-01 6.844902316959878830e-01 -4.171785543781361127e-01
