6.512582931354562454e-01 6.909900733307930976e-01 -2.001427015707479273e-01
5.274641129548656160e-01 4.562709672209689371e-01 4.043664750564558985e-01
1.201081412997216519e-01 6.524840969847164329e-01 -1.237910177676445761e-01
9.599441087303974829e-01 5.327342339309431019e-01 -1.403121678991663679e-01
8.725164608472617545e-01 9.192998471565322349e-01 -1.187791051533139269e-01
4.504986657712719000e-01 3.336989552364125755e-01 4.043664750590654777e-01
8.544839714252350227e-01 5.789470434750164374e-02 -9.110238792275852926e-02
5.574151420461740392e-01 8.554810239332347743e-01 1.322289350333229717e-02
9.117548045488218511e-01 5.185177407343859457e-01 -1.501965603194852505e-01
9.510887097519254985e-02 7.640690872980060444e-01 -1.353361014841315546e-01
7.839971444671149925e-01 5.133871499391553517e-01 -1.517610306782987140e-01
1.101534946741778570e-01 8.249222626632335409e-01 -1.160010067758212721e-01
8.355057220551224961e-02 5.102563087812530540e-01 -1.192806015251448165e-01
8.692210932998941653e-01 6.329253989464185270e-01 -1.857441822350215377e-01
7.596018920853453427e-01 7.296134832238045931e-01 -2.158144592633049197e-01
7.344259908615337062e-01 7.029208693405278874e-01 -2.348050773926800561e-01
8.271326001917437276e-01 7.219260010721854082e-01 -2.239484313106134827e-01
9.615305252223391719e-01 7.405295099540336601e-01 -1.910405954412387475e-01
9.942423817296905941e-01 6.618597196307690611e-01 -1.611114990177854867e-01
8.925042882493768870e-01 7.052972682005811400e-01 -2.123681623978402877e-01
9.959912672402903011e-01 7.125090284844137756e-01 -1.652832972559915015e-01
5.646800530800268059e-02 5.887594460952214614e-01 -1.410774755368378042e-01
3.907215086721502195e-01 5.910184177945818629e-01 1.862258800139887996e-02
7.477411187691765937e-01 7.328420755433973088e-01 -2.242408707399085599e-01
3.090625316676526291e-01 6.389467596464299959e-01 -2.167359652190822394e-03
9.515131142491838334e-01 6.011274167773880128e-01 -1.875209933549904784e-01
8.447163044405844312e-01 8.204816243173780332e-01 -2.165768752755865834e-01
6.443609772956033765e-01 9.588483862394581170e-01 -4.524219098160615210e-02
4.158875248230056720e-01 2.771148648678779525e-01 4.043664750590654777e-01
9.995484695764668415e-02 5.329003909807148442e-01 -1.226173446801115952e-01
3.874631365478966027e-01 5.218068310142917055e-01 1.167873169399721855e-02
4.387079659332047132e-01 8.027229389979566587e-01 2.469187707799768219e-02
9.946611932465481143e-01 5.947838006791399401e-01 -1.568323986004780957e-01
7.526870533944473030e-01 8.796413664232798357e-01 -1.457242881759636122e-01
4.055639245139189830e-01 7.001493609969308141e-01 1.650328009812208202e-02
8.949014222406062036e-01 5.198483840664364086e-01 -1.660235952218768185e-01
7.214328474838243022e-01 6.719223162135752325e-01 -2.428368558629690477e-01
8.588355853215232649e-01 6.586542740657538308e-01 -2.204885679075811733e-01
2.258548414171469843e-01 5.493216430968935748e-01 -8.933247128425081396e-02
1.372060843841227396e-03 8.747688752538113066e-01 -1.354473411205929234e-01
8.251354959022036972e-01 6.844902316959878830e-01 -4.171785543781361127e-01
