6.610094187582280512e-01 6.887729695693687315e-01 -2.235681512117978775e-01
5.366576312890540823e-01 4.602053312914307637e-01 4.043664750577606326e-01
1.300172039812791946e-01 6.511385574003996091e-01 -1.349633137185763943e-01
9.698271828061507671e-01 5.312094890955124660e-01 -1.530715509824523424e-01
8.824164931476028428e-01 9.178894002584881973e-01 -1.415165743797110187e-01
4.596921841054552038e-01 3.376333193068863925e-01 4.043664750590654777e-01
8.644164081654783782e-01 5.673423013362875744e-02 -1.163094811512347670e-01
5.674151122918449364e-01 8.554566295548573507e-01 -2.439440257204713441e-03
9.216081839134621090e-01 5.168116003250169399e-01 -1.714528135635500494e-01
1.049988806736191632e-01 7.625899969812817147e-01 -1.484537141191643872e-01
7.938551069324899512e-01 5.117076928747268383e-01 -1.687454049181690008e-01
1.200647806637152176e-01 8.235931990704733474e-01 -1.333007811329874615e-01
9.346485573299688487e-02 5.089497935166477083e-01 -1.310261106965953937e-01
8.790224246540041531e-01 6.309419918558440976e-01 -1.996647058640803329e-01
7.693078648241182815e-01 7.272063909542403337e-01 -2.430964967847521474e-01
7.441059398869896979e-01 7.004111707800284581e-01 -2.536820478936182011e-01
8.368450625103937002e-01 7.195452289896868692e-01 -2.403856531076336567e-01
9.713233445273049549e-01 7.385044938898285283e-01 -2.039117805968117536e-01
4.091854126484495424e-03 6.601311672003243869e-01 -1.737278153430527328e-01
9.022466959647698070e-01 7.030421646758946430e-01 -2.274668507928686856e-01
5.833042586255388073e-03 7.107371768993329120e-01 -1.781256153622023664e-01
6.635085635706061691e-02 5.872332563487827617e-01 -1.532177531962443107e-01
4.007208860192475464e-01 5.911300093281159906e-01 1.115938496848663426e-02
7.574480323467998044e-01 7.304387801398827262e-01 -2.427053271318301564e-01
3.190619891371629380e-01 6.388425947989324616e-01 -1.041667312919052242e-02
9.613468192064210660e-01 5.993113091775998935e-01 -1.826242033905563777e-01
8.544432260005352386e-01 8.181606338032734183e-01 -2.342351104453872512e-01
6.543402138823929404e-01 9.582043077156121580e-01 -6.445246700263126960e-02
4.250810431571889758e-01 2.810492289383517694e-01 4.043664750590654777e-01
1.098646138643108172e-01 5.315600477949656844e-01 -1.344389236757161099e-01
3.974630508247817273e-01 5.218482369915096175e-01 4.140609553325416692e-03
4.487071314833015467e-01 8.028521222080005071e-01 1.291868033943078913e-02
4.518664602165323174e-03 5.931014634735876090e-01 -1.690375761307916225e-01
7.625500250424996906e-01 8.779915815070817864e-01 -1.657362040690695537e-01
4.155636401538893576e-01 7.002247739913806113e-01 7.541370927265125292e-03
9.047418451086050029e-01 5.180690364952839078e-01 -1.788873174472750682e-01
7.310956784520458163e-01 6.693474962820888940e-01 -2.604154259257869808e-01
8.685628188677003703e-01 6.563345914283813531e-01 -2.341006531304256622e-01
2.358048273713282406e-01 5.483227539581020382e-01 -1.000557760354954390e-01
1.125442039740993418e-02 8.732395062159432619e-01 -1.535394589919317210e-01
8.251354959022036972e-01 6.844902316959878830e-01 -4.171785543781361127e-01
