6.707115346222859431e-01 6.863503784440661004e-01 -2.446936507096876823e-01
5.458511496232399951e-01 4.641396953618985854e-01 4.043664750584130552e-01
1.399093444321397595e-01 6.496737853019324271e-01 -1.470061246863966220e-01
9.796918338237547985e-01 5.295697756141737322e-01 -1.647151551413804926e-01
8.922851426187532464e-01 9.162739258341894288e-01 -1.622584911015128029e-01
4.688857024396385076e-01 3.415676833773602095e-01 4.043664750590654777e-01
8.743195647372807855e-01 5.534588942819424623e-02 -1.392839861263737711e-01
5.774134946113436140e-01 8.552767657365496490e-01 -1.798735176750127299e-02
9.314400188519512680e-01 5.149853961353646481e-01 -1.836510339815894677e-01
1.148670106912628164e-01 7.609713525005880053e-01 -1.625797244992379931e-01
8.036886069220166018e-01 5.098904757836835167e-01 -1.827370299215257399e-01
1.299527799938346717e-01 8.221007282173048436e-01 -1.498067860470247148e-01
1.033630888239353146e-01 5.075267750074737849e-01 -1.427865451768182969e-01
8.887988361501083512e-01 6.288391893784721631e-01 -2.118616079848725797e-01
7.789724520404482933e-01 7.246381709601686927e-01 -2.597324648499625965e-01
7.537461884321601246e-01 6.977530496414533490e-01 -2.690462446437006383e-01
8.465227574451408277e-01 7.170268523796520244e-01 -2.545786496672495791e-01
9.811263586894718447e-01 7.365294208946319143e-01 -1.988144765239755474e-01
1.392377404847603382e-02 6.583054206002876274e-01 -1.836044925535975925e-01
9.119649531739726367e-01 7.006851587752279675e-01 -2.379394060763597996e-01
1.565838679861847327e-02 7.088763676375913203e-01 -1.871718887365321216e-01
7.621873703503224962e-02 5.856130924912318347e-01 -1.627336945064059848e-01
4.107208377753200357e-01 5.911610717849183905e-01 3.106250675496387628e-03
7.671165719026371566e-01 7.278854797546542299e-01 -2.581890408547388160e-01
3.290601612029837031e-01 6.386514002847822891e-01 -1.912061647016340127e-02
9.711644742486619242e-01 5.974103490329456534e-01 -1.912599433635005231e-01
8.641356646875523184e-01 8.156996111909405878e-01 -2.486567669161093008e-01
6.643060295232227075e-01 9.573781608685001387e-01 -8.270895128999815327e-02
4.342745614913722796e-01 2.849835930088255864e-01 4.043664750590654777e-01
1.197584752071088887e-01 5.301069450011186568e-01 -1.458265732652594127e-01
4.074629725050021856e-01 5.218086593531724438e-01 -3.957774166125831682e-03
4.587071280844002841e-01 8.028603670859947306e-01 8.244878928325964250e-04
1.435236876324290541e-02 5.912853515628273549e-01 -1.826246417779573417e-01
7.724144734857576466e-01 8.763506497868982503e-01 -1.648386517911586135e-01
4.255636218760214251e-01 7.002056544457619935e-01 -1.911955726747436657e-03
9.145595602781513289e-01 5.161683869090475385e-01 -1.912283108132099285e-01
7.407207881163806462e-01 6.666350685965037881e-01 -2.746839704082189026e-01
8.782648508275281429e-01 6.539116643039138976e-01 -2.447282823943918162e-01
2.457433066909574804e-01 5.472152211986307524e-01 -1.109809568922260486e-01
2.111678523864357615e-02 8.715860976946157024e-01 -1.661036102312598572e-01
8.251354959022036972e-01 6.844902316959878830e-01 -4.171785543781361127e-01
