6.803721639326378856e-01 6.837673102436563344e-01 -2.612691310390051758e-01
5.554912267943502568e-01 4.667984379472271406e-01 2.691107089854687384e-01
1.497842019977312644e-01 6.480967031673305900e-01 -1.583693906256060102e-01
9.895373016721850101e-01 5.278185580818474110e-01 -1.760294310467770407e-01
9.021302809656258637e-01 9.145208568307163777e-01 -1.762174873334048930e-01
4.780792207738218114e-01 3.455020474478340264e-01 4.043664750590654777e-01
8.841953960811014257e-01 5.377491671410569718e-02 -1.577507367298893459e-01
5.874079552329934950e-01 8.549439641706136905e-01 -3.328630300147340099e-02
9.412495007373306022e-01 5.130427008065971961e-01 -1.955127410450286374e-01
1.247188555945154126e-01 7.592563737828611492e-01 -1.723498658015733265e-01
8.134984342974487248e-01 5.079495257935439101e-01 -1.953348205484352895e-01
1.398206285978197128e-01 8.204803690198333443e-01 -1.627534900678251906e-01
1.132444449306813650e-01 5.059909359886725078e-01 -1.541941922226024719e-01
8.985539546346883455e-01 6.266397204989908598e-01 -2.217600248455432188e-01
7.886033243443013596e-01 7.219462759646541050e-01 -2.725513674256613283e-01
7.633526475636100983e-01 6.949752910205897471e-01 -2.814780790601095206e-01
8.561748645072256858e-01 7.144121192647717722e-01 -2.645483024091960789e-01
9.909102084823947498e-01 7.344615032875878580e-01 -2.082946992584308599e-01
2.373636962890651736e-02 6.563785142779885451e-01 -1.939034310126616367e-01
9.216698645324417072e-01 6.982737907974487790e-01 -2.435370442759791365e-01
2.546501932307761520e-02 7.069193396535757845e-01 -1.969740551868702783e-01
8.606852310485230140e-02 5.838863283559837525e-01 -1.735462556975760073e-01
4.207206881194276438e-01 5.911063625950955247e-01 -5.470946274291958906e-03
7.767575361417116131e-01 7.252299555990705526e-01 -2.687768650144396476e-01
3.390561651919402619e-01 6.383687268817797023e-01 -2.827110612232862016e-02
9.809619187482239155e-01 5.954078302994495475e-01 -2.016149946991139807e-01
8.738072847536951793e-01 8.131580043574230254e-01 -2.569797902058812422e-01
6.742622534368095666e-01 9.564434922734772471e-01 -9.360348588158518002e-02
4.434680798255555834e-01 2.889179570792994034e-01 4.043664750590654777e-01
1.296349053357229719e-01 5.285397411488378383e-01 -1.573691235391898591e-01
4.174621829371952253e-01 5.216829981709348862e-01 -1.256644896095194738e-02
4.687064717203908715e-01 8.027457946225721175e-01 -1.145749701964531193e-02
2.416610411378669263e-02 5.893642585225278285e-01 -1.933110348230736575e-01
7.822653632874264629e-01 8.746301934185535254e-01 -1.729058952623419299e-01
4.355629283082640413e-01 7.000878797705916146e-01 -1.177773980698593181e-02
9.243553520240324062e-01 5.141577989176063790e-01 -2.024386725630232531e-01
7.503156976561284885e-01 6.638176742463895996e-01 -2.856065006985568644e-01
8.879432676597266427e-01 6.513960634567569352e-01 -2.542918397033215316e-01
2.556691491472228295e-01 5.459996342896025201e-01 -1.218600681998476265e-01
3.095817795219432331e-02 8.698121220866463776e-01 -1.783414366033581333e-01
8.251354959022036972e-01 6.844902316959878830e-01 -4.171785543781361127e-01
