6.899321084860076114e-01 6.808334629169373597e-01 -2.977654596059728931e-01
5.652487670936084951e-01 4.689871378600412588e-01 2.206562321032908558e-01
1.596415706590164074e-01 6.464137643462460892e-01 -1.690986078745365384e-01
9.993630246415652341e-01 5.259597498268105964e-01 -1.869682349930136822e-01
9.119532772036974544e-01 9.126476924207321817e-01 -1.884295162339071905e-01
4.872727391080051151e-01 3.494364115183078434e-01 4.043664750590654777e-01
8.940459687538218070e-01 5.205264553352645374e-02 -1.730901264818982821e-01
5.973973254228163166e-01 8.544830051586844721e-01 -4.611224116341623019e-02
9.510372470718405635e-01 5.109933053612800702e-01 -2.064019403769759564e-01
1.345516916073969671e-01 7.574355673835480030e-01 -1.831020504550413819e-01
8.232860128845111980e-01 5.058993293634241883e-01 -2.064837765462748942e-01
1.496683595719657534e-01 8.187419229721100145e-01 -1.747323860184262501e-01
1.231083101547010283e-01 5.043465020914374985e-01 -1.651936924777253901e-01
9.082820341416498744e-01 6.243235881395960973e-01 -2.337356856864656052e-01
7.982020907790822184e-01 7.191420500588960874e-01 -2.842343360014524256e-01
7.729229960272768762e-01 6.920755616739107108e-01 -2.941985572238119406e-01
8.658025763384928908e-01 7.117089424496009231e-01 -2.737229819417278387e-01
6.732063047782954612e-04 7.322972774398224249e-01 -2.181487139116826957e-01
3.352897475483879175e-02 6.543524627367969249e-01 -2.040175201470733335e-01
9.313518664365604272e-01 6.957720235963205102e-01 -2.528627751915628608e-01
3.525084898798006017e-02 7.048608115946183306e-01 -2.073350977088732894e-01
9.589922062440128792e-02 5.820540111675217565e-01 -1.842728255667566151e-01
4.307196337704612965e-01 5.909611528582472406e-01 -1.452148404547279510e-02
7.863665835147085614e-01 7.224611636994325847e-01 -2.805447994119493749e-01
3.490490289710274641e-01 6.379910054333451930e-01 -3.778113242132846022e-02
9.907377968035865345e-01 5.933025492619917740e-01 -2.121151394258886935e-01
8.834560815509870935e-01 8.105310821346364270e-01 -2.658113630797904192e-01
6.842080141864218534e-01 9.554033753995289091e-01 -1.042001468661721691e-01
4.526615981597388871e-01 2.928523211497732204e-01 4.043664750590654777e-01
1.394936181815528142e-01 5.268646945753153732e-01 -1.682980180476373322e-01
4.274598452903700663e-01 5.214667865340820718e-01 -2.162284859764985676e-02
4.787038002494081734e-01 8.025146620136731634e-01 -2.311531932338338827e-02
3.395895127398543961e-02 5.873393771687227538e-01 -2.038980245778020672e-01
7.920986884359690894e-01 8.728120304657248640e-01 -1.828332184804838945e-01
4.455605524624811076e-01 6.998699089674650375e-01 -2.179880669343196853e-02
9.341287488894297608e-01 5.120410292769884686e-01 -2.132904875535444611e-01
7.598737482816203537e-01 6.608776626408795485e-01 -2.984103262376297527e-01
8.975959537280155942e-01 6.487834686418152419e-01 -2.643267719410481442e-01
2.655815354919507376e-01 5.446788023726455430e-01 -1.324702916867065150e-01
4.077838592199133777e-02 8.679243945030329366e-01 -1.899122856239729429e-01
8.251354959022036972e-01 6.844902316959878830e-01 -4.171785543781361127e-01
