6.994492477488413185e-01 6.777635996867871215e-01 -3.120248296503528307e-01
5.750468772966725872e-01 4.709863968349146668e-01 2.012822908137635036e-01
1.694804654919298270e-01 6.446259868246092539e-01 -1.797440493824769836e-01
9.167999443553842553e-03 5.239944332791856008e-01 -1.978193263549055392e-01
9.217539296501215951e-01 9.106609333451519683e-01 -2.000067105312906546e-01
4.967109899954699759e-01 3.527408661155551628e-01 3.367755089348514752e-01
9.038724712156580576e-01 5.019796244266563900e-02 -1.865484185065945100e-01
6.073806223506700297e-01 8.539052660737111999e-01 -5.780609672944587302e-02
9.608021711243134311e-01 5.088377872682369185e-01 -2.172568879200655889e-01
1.443643788519764770e-01 7.555091279113437253e-01 -1.938558546185925879e-01
8.330499989855404408e-01 5.037395665479957874e-01 -2.176915995639824575e-01
1.594955689201585924e-01 8.168909890384454808e-01 -1.861668969714264932e-01
1.329539033855913488e-01 5.025959896145192340e-01 -1.759578193235753485e-01
9.179869547083020498e-01 6.219122572218304112e-01 -2.435332255913396360e-01
8.077721370183917893e-01 7.162413234296740594e-01 -2.943027643269146565e-01
7.824635322874482490e-01 6.890792025718744940e-01 -3.043110070964770153e-01
8.754048448812626892e-01 7.089167320648818160e-01 -2.829827868548029368e-01
1.041388723505069260e-02 7.300347268846684168e-01 -2.282313117302746663e-01
4.329618303186640038e-02 6.522073188084873685e-01 -2.161946215394092430e-01
9.410096616762529953e-01 6.931783792282213419e-01 -2.623640615914847873e-01
4.501459013452788899e-02 7.026999416718305858e-01 -2.178049878087283397e-01
1.057094592180207043e-01 5.801151406880260541e-01 -1.951228426030604812e-01
4.407167704450172252e-01 5.907218657707383747e-01 -2.393099286851639584e-02
7.959134702121046789e-01 7.194851001270132773e-01 -3.021844212275150987e-01
3.590377488995561417e-01 6.375161642078667201e-01 -4.750198475078804689e-02
4.909279652980380604e-04 5.910942846622542213e-01 -2.226617684483482851e-01
8.930778181464822385e-01 8.078067134211710520e-01 -2.759247998082088316e-01
6.941420313955452004e-01 9.542565091959810397e-01 -1.149395327717713244e-01
4.619828053008930846e-01 2.964737983941717059e-01 3.705709919969585320e-01
1.493337583024680892e-01 5.250837840214823693e-01 -1.790461526064212050e-01
4.374550349623838597e-01 5.211566520141256431e-01 -3.101842578188026070e-02
4.886979390947786550e-01 8.021723336048944830e-01 -3.423953057872564099e-02
4.372981835022980018e-02 5.852109607201948505e-01 -2.144823264036591348e-01
8.019122089188704949e-01 8.708898401183150506e-01 -1.934228494464179382e-01
4.555554751303827477e-01 6.995512855805864350e-01 -3.186773230577823884e-02
9.438791788964859819e-01 5.098208683194231927e-01 -2.238816847753643258e-01
7.693987860818128910e-01 6.578323950163672551e-01 -3.094415544419864550e-01
9.072209994701040392e-01 6.460708141369613244e-01 -2.747075358562911518e-01
2.754795092549375268e-01 5.432539811953658315e-01 -1.429686677535506878e-01
5.057690302594874954e-02 8.659271307339092560e-01 -2.010786633515887212e-01
8.251354959022036972e-01 6.844902316959878830e-01 -4.171785543781361127e-01
