7.089314277616338700e-01 6.745873972050494549e-01 -3.232187192477004589e-01
5.849040833892394931e-01 4.726702875821610639e-01 1.691951786779158640e-01
1.792994175814525692e-01 6.427317376689655193e-01 -1.905764252074204079e-01
1.895122593753142612e-02 5.219235688781358462e-01 -2.085958984708430330e-01
9.315313357015996276e-01 9.085627601148104082e-01 -2.113881201932777676e-01
5.062869635902097487e-01 3.556219648144627876e-01 2.922524245060649783e-01
9.136751815098371754e-01 4.822138183758149094e-02 -1.989682693499361665e-01
6.173568322579017220e-01 8.532158925270378891e-01 -6.899207427768207224e-02
9.705437154579009684e-01 5.065789570407192022e-01 -2.278493915398745739e-01
1.541553061943680691e-01 7.534749839203714883e-01 -2.048439746524708671e-01
8.427906627950177976e-01 5.014769422860515524e-01 -2.282388786401746139e-01
1.693014390756172050e-01 8.149301447064583037e-01 -1.973632301928025523e-01
1.427801620162892082e-01 5.007400151204498551e-01 -1.866798405699446051e-01
9.276681656046817936e-01 6.194074307648043121e-01 -2.531787615832757909e-01
8.173116867994033585e-01 7.132418251423595645e-01 -3.046400606702528435e-01
7.919720757657032761e-01 6.859828174339863693e-01 -3.148128389869236932e-01
8.849780341648120219e-01 7.060263952434477908e-01 -2.932172835830272883e-01
2.013029646984115795e-02 7.276701145312204355e-01 -2.387221776680200636e-01
5.304017477737681119e-02 6.499590695199464196e-01 -2.267633615847557405e-01
9.506400523437527061e-01 6.904847616623195350e-01 -2.727302311258509304e-01
5.475505836518110292e-02 7.004364756023619965e-01 -2.283253014950817339e-01
1.154984249681776237e-01 5.780715777351775886e-01 -2.058060801251765937e-01
4.507111329902187546e-01 5.903861317762229000e-01 -3.357970982527545140e-02
8.054282422564085220e-01 7.164079077467850887e-01 -3.127950255174336003e-01
3.690212979479502442e-01 6.369427983575498553e-01 -5.736804711543166263e-02
1.022038385420393804e-02 5.887839409419748371e-01 -2.331406834082341561e-01
9.026740463945988058e-01 8.049938139544197124e-01 -2.851380674737729604e-01
7.040630352606269682e-01 9.530020442466766717e-01 -1.257778685312297695e-01
4.714386447685932624e-01 2.997275808025517962e-01 3.314117082515117829e-01
1.591542945033150303e-01 5.231977647406014231e-01 -1.897383306339351927e-01
4.474467718724302601e-01 5.207502119565319276e-01 -4.065520429669702146e-02
4.986878011577076109e-01 8.017221603453014156e-01 -4.503254489161851587e-02
5.347773549905837642e-02 5.829797925822962634e-01 -2.250107219266698766e-01
8.117049926801802595e-01 8.688646521753754515e-01 -2.039293321354456456e-01
4.655466724075086327e-01 6.991317894905548780e-01 -4.196192236500115302e-02
9.536058933197301135e-01 5.074990098981031483e-01 -2.343243387228759744e-01
7.788951157491044164e-01 6.546987513145213766e-01 -3.187337824142872922e-01
9.168198553920057225e-01 6.432668945606229149e-01 -2.842024227349151944e-01
2.853619423174257319e-01 5.417250872273483564e-01 -1.534913866585013442e-01
6.035273409673157230e-02 8.638216315352589270e-01 -2.121374557554881191e-01
8.251354959022036972e-01 6.844902316959878830e-01 -4.171785543781361127e-01
