7.183857416987007305e-01 6.713291848148907892e-01 -3.318802376814659061e-01
5.948056876506880863e-01 4.740696563861805934e-01 1.403976675828728926e-01
1.890975931783058228e-01 6.407327992073741374e-01 -2.012495791779678189e-01
2.871214097358478629e-02 5.197499687173547933e-01 -2.191090042349616018e-01
9.412852547641094025e-01 9.063579782838780963e-01 -2.223046904967094228e-01
5.159642462443193578e-01 3.581419252174194989e-01 2.547423070945024071e-01
9.234541618707232669e-01 4.613055829136716857e-02 -2.106364799233227947e-01
6.273249042440037782e-01 8.524174309563357088e-01 -7.993124338604573609e-02
9.802615234858941262e-01 5.042200998744050811e-01 -2.381299040623780228e-01
1.639237258865334501e-01 7.513353632255482806e-01 -2.156291691927607335e-01
8.525076730176596174e-01 4.991148008141930714e-01 -2.384678856653665302e-01
1.790851193301418176e-01 8.128614251321261142e-01 -2.083766684477734998e-01
1.525861578625157255e-01 4.987797994527774503e-01 -1.972991195860408220e-01
9.373250093653301418e-01 6.168102460231218442e-01 -2.627306616137329853e-01
8.268242369562748273e-01 7.101577710713348202e-01 -3.135162715684017276e-01
8.014540717205630438e-01 6.828060655217301766e-01 -3.232766632911797111e-01
8.945254581436015151e-01 7.030520557589176045e-01 -3.020038346733606716e-01
2.982219542201572371e-02 7.252069672151150170e-01 -2.488759855248254271e-01
6.276044328201199618e-02 6.476103719664505487e-01 -2.370845730723346034e-01
9.602455233550230007e-01 6.877035880518368449e-01 -2.818335862431704530e-01
6.447191241312098808e-02 6.980736917758060267e-01 -2.385339924044326820e-01
1.252653420543035079e-01 5.759251083939703753e-01 -2.163303238420183072e-01
4.607017205087792777e-01 5.899523564496045314e-01 -4.339114746197728079e-02
8.149175885432548005e-01 7.132531800171203473e-01 -3.209548272906881938e-01
3.789986237706412520e-01 6.362697683226601342e-01 -6.735391767728179935e-02
1.992592857909437562e-02 5.863751234741804153e-01 -2.432742467446745716e-01
9.122468819854958610e-01 8.021023059136811462e-01 -2.933396295332477699e-01
7.139699650926961683e-01 9.516408898460086974e-01 -1.365392946449380529e-01
4.810122394025816983e-01 3.026165747077145807e-01 2.930770076730070950e-01
1.689543236163487949e-01 5.212079332442955959e-01 -2.003202119461388875e-01
4.574340402060024791e-01 5.202457605384295247e-01 -5.046656107603814112e-02
5.086723253708244075e-01 8.011660342465752871e-01 -5.564131593997179159e-02
6.320236752311217399e-02 5.806492278445669619e-01 -2.352195277373181626e-01
8.214768281772752978e-01 8.667406863051897448e-01 -2.140268542652980222e-01
4.755331101982206432e-01 6.986111550197030562e-01 -5.208699637308380342e-02
9.633086446688513549e-01 5.050789652172911204e-01 -2.444311965070330439e-01
7.883669679866327495e-01 6.514918813155303745e-01 -3.264547051410272571e-01
9.263944349417030377e-01 6.403811664988473540e-01 -2.927358949043157854e-01
2.952278151044659404e-01 5.400927410171529885e-01 -1.639683659659995074e-01
7.010528772064535119e-02 8.616108177003360957e-01 -2.229231522653000452e-01
8.251354959022036972e-01 6.844902316959878830e-01 -4.171785543781361127e-01
