7.278170696250142457e-01 6.680050227330515122e-01 -3.388643184012348208e-01
6.047396469291330678e-01 4.752170242671138745e-01 1.149900338769690583e-01
1.988742636197814995e-01 6.386312009872626705e-01 -2.117384297296187601e-01
3.845018660786467951e-02 5.174761025769053502e-01 -2.293931519547916242e-01
9.510158676943799572e-01 9.040525126039661297e-01 -2.326393449689364845e-01
5.257210782616039690e-01 3.603337803646611270e-01 2.209796075466670673e-01
9.332095488649934101e-01 4.393228064920623455e-02 -2.216379124461296257e-01
6.372837990199756719e-01 8.515116634137956941e-01 -9.070106459605477289e-02
9.899554632197434811e-01 5.017649965290249536e-01 -2.480461044560712536e-01
1.736690591912774251e-01 7.490929362413528692e-01 -2.261658750984562039e-01
8.622006968666026117e-01 4.966560839407359040e-01 -2.484188836197426808e-01
1.888459337720558018e-01 8.106873732857978743e-01 -2.191552793918461195e-01
1.623711243108256763e-01 4.967171720978127980e-01 -2.077540174016116181e-01
9.469580831145386624e-01 6.141262396627885645e-01 -2.717323623559180779e-01
8.363134320088081441e-01 7.070025884688573292e-01 -3.210027627778747061e-01
8.109135326807479505e-01 6.795628266556061892e-01 -3.302968921052500950e-01
9.040498329940808153e-01 7.000047153270726463e-01 -3.096591787186513400e-01
3.949007725848557859e-02 7.226511775531795356e-01 -2.584465111117965064e-01
7.245709930895558037e-02 6.451660189037489168e-01 -2.469372905021682552e-01
9.698277847331224777e-01 6.848434714664887180e-01 -2.900620238558822561e-01
7.416525903465780167e-02 6.956162477225790175e-01 -2.482875727866740989e-01
1.350097369838334227e-01 5.736786072349785437e-01 -2.265839594029769311e-01
4.706875063219546629e-01 5.894193633038842250e-01 -5.332458248629756009e-02
8.243850526297337167e-01 7.100333781953879209e-01 -3.278203110066808534e-01
3.889686693173978194e-01 6.354963397250512624e-01 -7.742017784554104665e-02
2.960776725847273638e-02 5.838727246677362093e-01 -2.529280107333425898e-01
9.217981677748950942e-01 7.991403910315110215e-01 -3.007027414834923529e-01
7.238619937477247523e-01 9.501753629482365682e-01 -1.470824280479940127e-01
4.906837361451759083e-01 3.051586507801382631e-01 2.570283076098371366e-01
1.787331440568804275e-01 5.191163618752430153e-01 -2.107129530243139481e-01
4.674158027931570869e-01 5.196420920419183576e-01 -6.040357428164251641e-02
5.186504591786399443e-01 8.005050911980999828e-01 -6.614252138171201889e-02
7.290374154308526533e-02 5.782236676773908624e-01 -2.449996824460378420e-01
8.312278556082092207e-01 8.645231507268565929e-01 -2.236124352359771528e-01
4.855137451884006805e-01 6.979891219074058073e-01 -6.224349461527187155e-02
9.729875823744932317e-01 5.025653692095156666e-01 -2.540846998929348066e-01
7.978176575977509177e-01 6.482231711915970029e-01 -3.329908148542122248e-01
9.359465096270186413e-01 6.374217967676119034e-01 -3.004362804152403421e-01
3.050762195282824552e-01 5.383581141682453053e-01 -1.743445740247906717e-01
7.983439720429931497e-02 8.592990156640287758e-01 -2.332905727754363834e-01
8.251354959022036972e-01 6.844902316959878830e-01 -4.171785543781361127e-01
