7.372288980287832194e-01 6.646260456544067496e-01 -3.446823290598182710e-01
6.146974196358510056e-01 4.761350453569281882e-01 9.193154612504604584e-02
2.086289676290650763e-01 6.364298946271058632e-01 -2.219483895188366085e-01
4.816518640678274510e-02 5.151057062161626954e-01 -2.393175032168640415e-01
9.607235852744906435e-01 9.016524668992328406e-01 -2.423705591185243702e-01
5.355410944550748065e-01 3.622225053208076306e-01 1.900138498957328337e-01
9.429416240551103945e-01 4.163299543551268744e-02 -2.320042357823270118e-01
6.472325285408265794e-01 8.505003370960576570e-01 -1.013058242954072291e-01
9.996257752591681811e-01 4.992184174393131113e-01 -2.574939328528084714e-01
1.833911237105791403e-01 7.467516841228200031e-01 -2.363186737751883371e-01
8.718698913892168889e-01 4.941052649969758237e-01 -2.579323984327543950e-01
1.985835356655261952e-01 8.084116076202949586e-01 -2.295882186445875883e-01
1.721345457937228374e-01 4.945548583029850676e-01 -2.179528712534146151e-01
9.565682817416480965e-01 6.113614462984474640e-01 -2.801287024184360153e-01
8.457820147788350784e-01 7.037860778863861411e-01 -3.274726947113602016e-01
8.203533290734242867e-01 6.762627896762959390e-01 -3.363074925355995504e-01
9.135532583567897991e-01 6.968926571053454255e-01 -3.164615982942535766e-01
4.913464851309849724e-02 7.200087836925497253e-01 -2.674151923837411182e-01
8.213050626336439175e-02 6.426312214967763170e-01 -2.562757926093412464e-01
9.793882463642942238e-01 6.819113095680094938e-01 -2.975891633265835279e-01
8.383546301340714935e-02 6.930692583214663749e-01 -2.575363630961772787e-01
1.447314402261105359e-01 5.713358554194635230e-01 -2.364729336899841494e-01
4.806674482587661168e-01 5.887863080631096091e-01 -6.334788427268667199e-02
8.338331782164621897e-01 7.067572642020404361e-01 -3.337743421767360719e-01
3.989303846462589065e-01 6.346221385429805517e-01 -8.753185101450791650e-02
3.926636229444103315e-02 5.812820602874722020e-01 -2.620555165922386354e-01
9.313428067790360254e-01 7.961571266649768441e-01 -3.029387657346990781e-01
7.337384895516799732e-01 9.486085730342864730e-01 -1.573272119426921967e-01
5.004349661216702660e-01 3.073752955296452649e-01 2.235210787527849852e-01
1.884903189754869590e-01 5.169260336788954469e-01 -2.208231096120374937e-01
4.773910128309615253e-01 5.189383984284149376e-01 -7.042756753184838125e-02
5.286211637750176662e-01 7.997402056826320438e-01 -7.656333128189875270e-02
8.258213475202129394e-02 5.757079759448406886e-01 -2.543012302375044498e-01
8.409609418366891243e-01 8.622281490996296371e-01 -2.315641072567746761e-01
4.954875322303721186e-01 6.972655391260996760e-01 -7.242156864711295217e-02
9.826431594618533216e-01 4.999634792983075893e-01 -2.632179303481491650e-01
8.072496832822869672e-01 6.449009894557112821e-01 -3.386543508644823119e-01
9.454776048527965271e-01 6.343955410287237529e-01 -3.074461990054625504e-01
3.149064160691320002e-01 5.365231111796183727e-01 -1.845460379791680483e-01
8.954020337493935611e-02 8.568912518512834531e-01 -2.431656860315378477e-01
8.251354959022036972e-01 6.844902316959878830e-01 -4.171785543781361127e-01
