7.466237552765724317e-01 6.612001651407778402e-01 -3.496702720294948552e-01
6.246725319186019476e-01 4.768401233288662167e-01 7.056634808989256658e-02
2.183615156357776310e-01 6.341326116020880033e-01 -2.317985098714434866e-01
5.785726207678133781e-02 5.126432543471871606e-01 -2.488042306713294793e-01
9.704117084480307076e-01 8.991745102058430472e-01 -2.504042989917238948e-01
5.454111366712988129e-01 3.638294485836380820e-01 1.613940811322729096e-01
9.526521341856525327e-01 3.924427339127258690e-02 -2.412042673870254395e-01
6.571701762243162825e-01 8.493853669086393054e-01 -1.117293348432014249e-01
9.272968251003765872e-03 4.965856114498263807e-01 -2.664212065324502721e-01
1.930900325423035024e-01 7.443162852902056592e-01 -2.460139629768924308e-01
8.815157567770682823e-01 4.914675991880739780e-01 -2.669249959490048729e-01
2.082978907742053243e-01 8.060385705741281992e-01 -2.395893275178147541e-01
1.818761668755435879e-01 4.922963590892979746e-01 -2.278154120685211004e-01
9.661842406920458926e-01 6.086167544278973107e-01 -2.780376463781985552e-01
8.552335215258725087e-01 7.005197312711742841e-01 -3.327407371738815844e-01
8.297757913422613152e-01 6.729135800990458938e-01 -3.415213417812234531e-01
9.230417014444626256e-01 6.937352138719691252e-01 -3.212410043199950271e-01
5.876025697371950463e-02 7.172981266203951600e-01 -2.745000174341913346e-01
9.178385405807468200e-02 6.400210727741243444e-01 -2.640733700984952415e-01
9.889578884775006573e-01 6.790092499846884788e-01 -2.944420512444728133e-01
9.349956083036868593e-02 6.904991973525009819e-01 -2.599229563277793420e-01
1.544325254657749058e-01 5.689091405262867163e-01 -2.451187112746938401e-01
4.906404989722943366e-01 5.880526463799107262e-01 -7.343214497589774237e-02
8.432662341644477921e-01 7.034380089418694748e-01 -3.383440976942832523e-01
4.088827432618749036e-01 6.336471729096506689e-01 -9.765168802914767077e-02
4.890887190211662405e-02 5.786321530313811579e-01 -2.681943040735600414e-01
9.409158295238480019e-01 7.932662383019796204e-01 -2.932748972313332092e-01
7.435995878785556235e-01 9.469476275843425883e-01 -1.668678703599443258e-01
5.102503374641564893e-01 3.092880122909824059e-01 1.924575799425289613e-01
1.982259332930396967e-01 5.146417802210099257e-01 -2.304599587570747288e-01
4.873586261823950050e-01 5.181342317315634771e-01 -8.050359652032525182e-02
5.385834258998694057e-01 7.988722578986359180e-01 -8.690412516169310209e-02
9.224353710192942368e-02 5.731278006342872544e-01 -2.609696915302102682e-01
8.506848425232700350e-01 8.598945348561197743e-01 -2.355331252514292206e-01
5.054534359138640465e-01 6.964404550265308469e-01 -8.260231246723796772e-02
9.922808653768731002e-01 4.972961539159080346e-01 -2.700011429597062307e-01
8.166660308299187321e-01 6.415346266020949262e-01 -3.433423986094512048e-01
9.549960211532935173e-01 6.313296396717925640e-01 -3.116085693370023724e-01
3.247178988665013755e-01 5.345905467390562604e-01 -1.944800815943928396e-01
9.922457339271748000e-02 8.543986673775373353e-01 -2.519144585186190444e-01
8.251354959022036972e-01 6.844902316959878830e-01 -4.171785543781361127e-01
