7.560044089543009882e-01 6.577355819654855384e-01 -3.537929408612241478e-01
6.346597660003974184e-01 4.773452524167469124e-01 5.053441455883411759e-02
2.280747200350766446e-01 6.317548689125948025e-01 -2.400737571995199271e-01
6.753139316236816958e-02 5.101112220134910169e-01 -2.559899605565001957e-01
9.800896906211609139e-01 8.966572376626776864e-01 -2.544645676992506322e-01
5.553203962149495521e-01 3.651735376047102188e-01 1.348169276395084493e-01
9.623465934155468471e-01 3.679122218106184450e-02 -2.478344175431380636e-01
6.670960538574688403e-01 8.481700672699982180e-01 -1.218311265881549810e-01
1.890460485644443467e-02 4.938964524175756821e-01 -2.722672960974286127e-01
2.027698694215058495e-01 7.418061542195174551e-01 -2.537267291923498425e-01
8.911486281167396717e-01 4.887828664726371342e-01 -2.718077653636523094e-01
2.179909359754765019e-01 8.035799378796993908e-01 -2.484101991331452153e-01
1.915980020880933832e-01 4.899541549777767790e-01 -2.364165957970719434e-01
9.757871382818253947e-01 6.058267082131892911e-01 -2.827574131207720165e-01
8.646784734523083049e-01 6.972344789053251946e-01 -3.347417199670957300e-01
8.391858196700763273e-01 6.695295932684393048e-01 -3.452146624969377187e-01
9.325235530565956221e-01 6.905580311568122465e-01 -3.233220974151456706e-01
6.837570340709188399e-02 7.145516397941120701e-01 -2.782243155988708971e-01
1.014236535834592695e-01 6.373613237050588243e-01 -2.692151166797631112e-01
9.985319460920629719e-01 6.761217907567440566e-01 -2.929167084159370882e-01
1.031501926912556100e-01 6.878790247082590126e-01 -2.651119042109330581e-01
1.641156977104706871e-01 5.664119070010525947e-01 -2.523945453913592485e-01
5.006056184594214198e-01 5.872181443683616164e-01 -8.354736292437782430e-02
8.526934973626275616e-01 7.001023368068648445e-01 -3.400849877142425037e-01
4.188247631047910535e-01 6.325718862301733525e-01 -1.077369687557095945e-01
5.853771659164214852e-02 5.759330142900422889e-01 -2.733035846555609272e-01
9.504865451645910790e-01 7.903677210734580960e-01 -2.940719061505782661e-01
7.534473059376334270e-01 9.452091083785493231e-01 -1.747398149498314845e-01
5.201167502000669796e-01 3.109170917011595536e-01 1.636372537910187053e-01
2.079424301134119024e-01 5.122775277937726690e-01 -2.386851347049498140e-01
4.973176162730286176e-01 5.172295127836789019e-01 -9.059577282822661726e-02
5.485363093295693160e-01 7.979026644607432051e-01 -9.711191109053926573e-02
1.018900960871336331e-01 5.704926726022979677e-01 -2.666619106209219270e-01
8.603989184383518118e-01 8.575203551838900262e-01 -2.397069516389049026e-01
5.154104543248057002e-01 6.955142885381671025e-01 -9.274957108419212837e-02
1.903625390735186329e-03 4.945754022338140765e-01 -2.755488968784269854e-01
8.260728749004490057e-01 6.381417981901752468e-01 -3.461544127886235778e-01
9.645051449879605832e-01 6.282350372907155034e-01 -3.146253547096389824e-01
3.345115440789707129e-01 5.325695288142775485e-01 -2.035035252562575614e-01
1.088929493512582891e-01 8.518447475815550396e-01 -2.582531059589269762e-01
8.251354959022036972e-01 6.844902316959878830e-01 -4.171785543781361127e-01
