7.653767354093579112e-01 6.542485349598029520e-01 -3.561887008403413768e-01
6.446547656654599834e-01 4.776614512393251855e-01 3.162515364558993874e-02
2.377704617301520662e-01 6.293068915878681224e-01 -2.473110722319822041e-01
7.718929139219493640e-02 5.075179611738706020e-01 -2.623243499984990734e-01
9.897565019974864375e-01 8.940974021573093733e-01 -2.588650171960962254e-01
5.652599090665637593e-01 3.662717562863010423e-01 1.100438323457841455e-01
9.720273759558810678e-01 3.428474070162517567e-02 -2.533497173696171445e-01
6.770100769550603248e-01 8.468615772928025365e-01 -1.312252918592856921e-01
2.852228159577158834e-02 4.911577859286060388e-01 -2.774111001047269154e-01
2.124336766705118562e-01 7.392350008880222978e-01 -2.600359910850338907e-01
9.007677544767552780e-01 4.860492959010125347e-01 -2.768812909467787131e-01
2.276661385450195474e-01 8.010520029046046542e-01 -2.555664463814784626e-01
2.013020358288032940e-01 4.875392576385170207e-01 -2.439007282808169641e-01
9.853787851789860275e-01 6.029982263235197371e-01 -2.867622618543108071e-01
8.741178198053047854e-01 6.939331548636455960e-01 -3.364438400789970807e-01
8.485884455519632219e-01 6.661250923468253760e-01 -3.473955437960826731e-01
9.419994552944525035e-01 6.873631482515122348e-01 -3.251894267559453100e-01
7.798062848506130684e-02 7.117685813601954958e-01 -2.820298157658770455e-01
1.110509484762146754e-01 6.346566623495605297e-01 -2.738771797922635587e-01
8.097283432027424510e-03 6.732055737599004219e-01 -2.959217926754996730e-01
1.127869916829803282e-01 6.852084245522840344e-01 -2.703409466080718415e-01
1.737827891757531273e-01 5.638531294409931949e-01 -2.587555778018265640e-01
5.105617920163760814e-01 5.862829395224607998e-01 -9.365734688738776292e-02
8.621146223381761509e-01 6.967493673475504412e-01 -3.419204040155747193e-01
4.287556596975414802e-01 6.313983050169215128e-01 -1.176291989706826219e-01
6.815342296850174231e-02 5.731874376886666456e-01 -2.781296540967073128e-01
9.600494054489832063e-01 7.874433915466785283e-01 -2.967700199480129419e-01
7.632823467152655139e-01 9.434002488200667891e-01 -1.818871923909566035e-01
5.300232695369950786e-01 3.122812304870128397e-01 1.368405430684014046e-01
2.176416677369203134e-01 5.098434387397898782e-01 -2.458789213498415449e-01
5.072670297719790167e-01 5.162249377357586155e-01 -1.006272414194077786e-01
5.584790886407972055e-01 7.968344231171229364e-01 -1.070283535459115726e-01
1.115225454887901063e-01 5.678064264250968218e-01 -2.719648830967568709e-01
8.701019598963615209e-01 8.551014739416327171e-01 -2.443112901919539670e-01
5.253576964738916333e-01 6.944884359037947208e-01 -1.027660509477249517e-01
1.151292058922732953e-02 4.918074705532562430e-01 -2.804552787806765535e-01
8.354729935733660184e-01 6.347303807523532182e-01 -3.481312359580415738e-01
9.740307976859305938e-01 6.251916936233559152e-01 -3.092395715116214028e-01
3.442883615531880381e-01 5.304686147094559434e-01 -2.116684559947528410e-01
1.185473273957161622e-01 8.492384121129920027e-01 -2.636783723580973238e-01
8.251354959022036972e-01 6.844902316959878830e-01 -4.171785543781361127e-01
