7.747431822436192661e-01 6.507457255586286404e-01 -3.578710299374242565e-01
6.546538253635202365e-01 4.777985831270392669e-01 1.371361860551052400e-02
2.474502420712727802e-01 6.267965424990653567e-01 -2.537492521701645853e-01
8.683245804923318822e-02 5.048704459568065239e-01 -2.679462402792817111e-01
9.994116210487509200e-01 8.914938130756935308e-01 -2.633939126525842167e-01
5.752221920108324671e-01 3.671394650728947440e-01 8.688013491232474128e-02
9.816954486729017049e-01 3.172967319989422608e-02 -2.583718150111006806e-01
6.869121742328101465e-01 8.454657014021946804e-01 -1.400449139960188438e-01
3.812979473745374548e-02 4.883836750381755909e-01 -2.810983834576052387e-01
2.220829993753962728e-01 7.366100111095655878e-01 -2.656110902684140629e-01
9.103747100581329743e-01 4.832732547526439881e-01 -2.812993005851550654e-01
2.373258644478748458e-01 7.984655583407861412e-01 -2.616186446309864966e-01
2.109897903097600058e-01 4.850598599058603133e-01 -2.505530446939761569e-01
9.949611498639657770e-01 6.001384558704844219e-01 -2.900259018557342916e-01
8.835533419212734385e-01 6.906209165873335998e-01 -3.376003232019327283e-01
8.579888059864964056e-01 6.627143411537796958e-01 -3.480603606604182332e-01
9.514710246197561894e-01 6.841554427606721944e-01 -3.265429143217977725e-01
8.757627866778359971e-02 7.089537105690539853e-01 -2.853435006616016900e-01
1.206676861516052385e-01 6.319147001903169247e-01 -2.777537848541171139e-01
1.765518401169303975e-02 6.702650743959780444e-01 -2.984613577983317723e-01
1.224112068573717654e-01 6.824928247516849344e-01 -2.750135523558223660e-01
1.834352416398427055e-01 5.612396716876535407e-01 -2.644161718068829270e-01
5.205081028976205060e-01 5.852480966099181670e-01 -1.036698892459508720e-01
8.715335159219818051e-01 6.933901347481397082e-01 -3.425852802040836864e-01
4.386748013684307335e-01 6.301291996182929456e-01 -1.272537091837355194e-01
7.775939389101857446e-02 5.704079912265520580e-01 -2.816537821067164327e-01
9.696046086326941538e-01 7.844941387399491095e-01 -2.993773201980984844e-01
7.731047520697720277e-01 9.415239884298860495e-01 -1.887447024780098126e-01
5.399607710694912521e-01 3.133975025379194812e-01 1.118603389903630591e-01
2.273250453683793026e-01 5.073470017494855488e-01 -2.523122865549212168e-01
5.172060221366072685e-01 5.151220185293512444e-01 -1.105167577169643145e-01
5.684111731773369147e-01 7.956709383690365733e-01 -1.166125877953385070e-01
1.211440798233847510e-01 5.650813434817322234e-01 -2.759990314605556549e-01
8.797936507851129573e-01 8.526375080902272030e-01 -2.489604420477144475e-01
5.352943971581676230e-01 6.933650572894753950e-01 -1.125754935442179888e-01
2.111384322150179627e-02 4.890106358049952640e-01 -2.834644113317217329e-01
8.448722091689170322e-01 6.313164759223455214e-01 -3.483958615171737772e-01
9.835518126246827197e-01 6.221338717619554481e-01 -3.107598575299969079e-01
3.540492318877868638e-01 5.282948138190456389e-01 -2.191295689144099335e-01
1.281890041160189397e-01 8.465854759997070156e-01 -2.685084326675821198e-01
8.251354959022036972e-01 6.844902316959878830e-01 -4.171785543781361127e-01
