7.841070377357584054e-01 6.472359947538037783e-01 -3.586100893732941386e-01
6.646537715659940337e-01 4.777657814863758845e-01 -3.280169948510379928e-03
2.571156978792062953e-01 6.242315933719121412e-01 -2.593940417142140964e-01
9.646340808104496289e-02 5.021788290663956600e-01 -2.725224911232157488e-01
9.055382261289990353e-03 8.888484643887472059e-01 -2.677215772201123056e-01
5.852009671244969846e-01 3.677906541628759296e-01 6.516501952951758714e-02
9.913514711513253808e-01 2.912943669215559833e-02 -2.630466961156064931e-01
6.968021663505895580e-01 8.439864935363892151e-01 -1.484655997683475281e-01
4.772752790742771506e-02 4.855759147211290427e-01 -2.846025709735965359e-01
2.317194716603755422e-01 7.339382323199150626e-01 -2.704632541973969739e-01
9.199717537140910117e-01 4.804631385511969333e-01 -2.848480423755329616e-01
2.469718921577178650e-01 7.958284862103844892e-01 -2.668634490083254263e-01
2.206630514446936420e-01 4.825245060813651010e-01 -2.563333133689745247e-01
4.534842621519263872e-03 5.972497871487425503e-01 -2.930430411466580787e-01
8.929850448213683123e-01 6.872978185742828483e-01 -3.387514978479381211e-01
8.673864521127963023e-01 6.592961183282693982e-01 -3.488552994266098661e-01
9.609375577461471973e-01 6.809329048529133566e-01 -3.281093240424950985e-01
9.716240835785314167e-02 7.061065861311047742e-01 -2.887064436860914962e-01
1.302737759230948866e-01 6.291356645118698632e-01 -2.816110190034767369e-01
2.720508083209383088e-02 6.672986842126578111e-01 -3.011713303829019472e-01
1.320241147178130292e-01 6.797374658881851772e-01 -2.791471232870896824e-01
1.930749070678552948e-01 5.585794366536802613e-01 -2.692655293762526436e-01
5.304437563534740718e-01 5.841154932348638917e-01 -1.135038948808028830e-01
8.809489296671738634e-01 6.900211610161480769e-01 -3.436196831733191459e-01
4.485816776555496821e-01 6.287676555566774628e-01 -1.365786269110507156e-01
8.735555475818175541e-02 5.675948618993568173e-01 -2.851620207651056615e-01
9.791518854178277165e-01 7.815193268151292560e-01 -3.020533185899115791e-01
7.829144772570009181e-01 9.395825220379422360e-01 -1.953874620959279718e-01
5.499216241655737747e-01 3.142814740296898668e-01 8.851267925994031616e-02
2.369944448698231287e-01 5.047969599299307886e-01 -2.578520281427562622e-01
5.271338693723937041e-01 5.139229150046761285e-01 -1.201995828370297642e-01
5.783320437279290127e-01 7.944154195446480049e-01 -1.258840959028097173e-01
1.307548123528299300e-01 5.623184065936611686e-01 -2.799355300638677879e-01
8.894739712188675096e-01 8.501292424942756831e-01 -2.535340164265664220e-01
5.452199044713855747e-01 6.921467368984215440e-01 -1.221354632777712085e-01
3.070540593777022070e-02 4.861818684656954437e-01 -2.867920222162101407e-01
8.542684030670151252e-01 6.278942631543629194e-01 -3.492799005094320286e-01
9.930659913684403151e-01 6.190548454821339641e-01 -3.129877738836496226e-01
3.637952104005436893e-01 5.260551926839241998e-01 -2.258779674316022668e-01
1.378188030314817791e-01 8.438897436599243074e-01 -2.729498316508917610e-01
8.251354959022036972e-01 6.844902316959878830e-01 -4.171785543781361127e-01
