7.934681968754156989e-01 6.437190785532083126e-01 -3.593775542387984134e-01
6.746518868681246062e-01 4.775716413171637864e-01 -1.941523666503950155e-02
2.667681091320465714e-01 6.216179834151582817e-01 -2.644319402076781844e-01
1.060829967792032702e-01 4.994468859340693845e-01 -2.767121071640242236e-01
1.868811227533997976e-02 8.861632246459271167e-01 -2.718604008743552014e-01
5.951909498469688531e-01 3.682381418216046365e-01 4.476371388947458785e-02
9.959410468909357661e-04 2.648667290522169551e-02 -2.674535484949808750e-01
7.066798341115099191e-01 8.424271091691225566e-01 -1.565774412614693578e-01
5.731563783814024732e-02 4.827354661726473428e-01 -2.880101042922217358e-01
2.413440444414851338e-01 7.312239002140141775e-01 -2.748818355226099741e-01
9.295593999699968135e-01 4.776211253085085873e-01 -2.881732993378799401e-01
2.566054148601039642e-01 7.931460916937983496e-01 -2.715650423264185376e-01
2.303231158147091839e-01 4.799393259392558120e-01 -2.614877506937749452e-01
1.409969394564391555e-02 5.943319764716439302e-01 -2.960884068453126239e-01
9.024121480941750262e-01 6.839616944932817022e-01 -3.401329284389779106e-01
8.767803932943338818e-01 6.558677267115179399e-01 -3.499375699215961366e-01
9.703982233261084778e-01 6.776931815955755667e-01 -3.299252657592774973e-01
1.067389621010850359e-01 7.032274163891494290e-01 -2.920509934456395618e-01
1.398694815807057790e-01 6.263209828367075627e-01 -2.853237922073599830e-01
3.674665221800117038e-02 6.643056229891552977e-01 -3.039653557080591595e-01
1.416262647949395881e-01 6.769448481384138239e-01 -2.830252109510756342e-01
2.027027121565424805e-01 5.558765920088201140e-01 -2.736884806284637373e-01
5.403680786207302189e-01 5.828875569435018056e-01 -1.231043279742709828e-01
8.903598914673839237e-01 6.866397710659962739e-01 -3.449387067240907156e-01
4.584759212117805460e-01 6.273171575559948199e-01 -1.455633046841997014e-01
9.694185943576770492e-02 5.647483267022279652e-01 -2.886449761844925299e-01
9.886909294532131298e-01 7.785182205372745967e-01 -3.048086255604977590e-01
7.927114900592990843e-01 9.375778923585237346e-01 -2.018304582745295839e-01
5.598994291345463781e-01 3.149473629101686711e-01 6.663819657470745894e-02
2.466509627433093876e-01 5.021985637786404721e-01 -2.628561094388427999e-01
5.370499773054164816e-01 5.126303193754702114e-01 -1.296222419791291103e-01
5.882412383063780892e-01 7.930708516562781085e-01 -1.348652530330709254e-01
1.403549826310890314e-01 5.595189904708901540e-01 -2.837332892030543507e-01
8.991429642285231338e-01 8.475776598130302375e-01 -2.580113859266607301e-01
5.551336765060806977e-01 6.908363461001877370e-01 -1.314170248300560728e-01
4.028743696551839032e-02 4.833209802499009999e-01 -2.901425517908123308e-01
8.636605350963885153e-01 6.244609184377899469e-01 -3.504648860510570785e-01
2.572767927868424565e-03 6.159530396453496426e-01 -3.153829791411394412e-01
3.735271526796790642e-01 5.237553449768841407e-01 -2.320620340603284093e-01
1.474373136756458591e-01 8.411540073809489204e-01 -2.771064441026628300e-01
8.251354959022036972e-01 6.844902316959878830e-01 -4.171785543781361127e-01
