8.028259892165353628e-01 6.401932137656020094e-01 -3.603336533385046447e-01
6.846458536254173000e-01 4.772243252447908590e-01 -3.473859373057117117e-02
2.764083337366415316e-01 6.189597754524582829e-01 -2.690552510746305193e-01
1.156917005169448148e-01 4.966769017318921065e-01 -2.806688828732162855e-01
2.831005948370070302e-02 8.834395998700963482e-01 -2.758474822174815100e-01
6.051876828497958494e-01 3.684937377335219533e-01 2.556237499259131005e-02
1.062923444170131744e-02 2.380345499206170182e-02 -2.716505153562311925e-01
7.165449638607785943e-01 8.407902783806491254e-01 -1.644229377185000007e-01
6.689419226440132538e-02 4.798629594097041373e-01 -2.913553065631171446e-01
2.509573542739240715e-01 7.284699441385596996e-01 -2.790011987932340953e-01
9.391377113998315984e-01 4.747478083832294415e-01 -2.914398884922870248e-01
2.662272438116404238e-01 7.904220491780923341e-01 -2.758908977999264267e-01
2.399708319616624952e-01 4.773084376581203103e-01 -2.662224278462073102e-01
2.365559220363790127e-02 5.913849765593827135e-01 -2.991415520541610418e-01
9.118340064105309173e-01 6.806107862781084483e-01 -3.417016229339350786e-01
8.861699022173571416e-01 6.524272148041898589e-01 -3.512280984269437467e-01
9.798525307782446347e-01 6.744349503882358654e-01 -3.318822280096453414e-01
1.163059994417912774e-01 7.003167813172910261e-01 -2.953382869769118346e-01
1.494550428612408388e-01 6.234719452909551762e-01 -2.889060200093090391e-01
4.627973717601392006e-02 6.612856410052171396e-01 -3.067880270134885068e-01
1.512179967451103280e-01 6.741166546874500787e-01 -2.867321901231358328e-01
2.123192292504562095e-01 5.531338563339026626e-01 -2.778342200880615231e-01
5.502805225793765409e-01 5.815671574711084313e-01 -1.324266651277986040e-01
8.997657973650390328e-01 6.832443426328738134e-01 -3.464308233283496796e-01
4.683572625900007114e-01 6.257812237790778553e-01 -1.542037818159004980e-01
1.065184001010904824e-01 5.618691134615284577e-01 -2.920555356614505382e-01
9.982215531821347909e-01 7.754904802350499615e-01 -3.076019628520607618e-01
8.024957712413469668e-01 9.355120168175908857e-01 -2.080859858042525823e-01
5.698888048345953639e-01 3.154082024953506758e-01 4.610028578364937929e-02
2.562953331421884973e-01 4.995554369165272623e-01 -2.674911946337555357e-01
5.469538727859681870e-01 5.112472596116469647e-01 -1.387507476139347440e-01
5.981383562966937628e-01 7.916400981884266219e-01 -1.435680375840256706e-01
1.499448527384102670e-01 5.566844902813141704e-01 -2.873897721505559999e-01
9.088006936766654942e-01 8.449837704733543786e-01 -2.623894268435932875e-01
5.650352721607652118e-01 6.894369163980827997e-01 -1.404038179106668338e-01
4.985996237389887786e-02 4.804284454954149131e-01 -2.934468841049030496e-01
8.730480034299074044e-01 6.210148426569661595e-01 -3.518207255848674331e-01
1.207188523239949123e-02 6.128278563811619950e-01 -3.178429966263657813e-01
3.832456823595699613e-01 5.213994627936926474e-01 -2.378237781713694043e-01
1.570449730363220331e-01 8.383804029374112288e-01 -2.810456702287639774e-01
8.251354959022036972e-01 6.844902316959878830e-01 -4.171785543781361127e-01
