8.121798592068478762e-01 6.366569563931345765e-01 -3.614444668630863444e-01
6.946337072344670460e-01 4.767315978514049535e-01 -4.929269856807245304e-02
2.860369595025245015e-01 6.162598558498452173e-01 -2.733846816278389102e-01
1.252898583436665159e-01 4.938705934214349114e-01 -2.844512879113130221e-01
3.792142461101985496e-02 8.806788643903096236e-01 -2.797064803197608085e-01
6.151874043486538213e-01 3.685683697995428276e-01 7.463275886579884277e-03
2.025164176272172684e-02 2.108145621388915134e-02 -2.756784978379959727e-01
7.263973664895305715e-01 8.390785066549333315e-01 -1.720243530432251089e-01
7.646325922981603296e-02 4.769590039328744924e-01 -2.946401726010020039e-01
2.605598544241269354e-01 7.256785303631845263e-01 -2.828998273194633928e-01
9.487067001017517320e-01 4.718435950263074607e-01 -2.946671220567684824e-01
2.758379488846200989e-01 7.876590167859184310e-01 -2.799454673125558180e-01
2.496067852747106963e-01 4.746347877654164549e-01 -2.706574283077468612e-01
3.320251528894208048e-02 5.884090297179075391e-01 -3.021721941292571101e-01
9.212502037271292910e-01 6.772440032297243340e-01 -3.433870229308771949e-01
8.955545187699076592e-01 6.489733803898619646e-01 -3.526473394755814672e-01
9.893271487223316285e-01 6.712362608419396581e-01 -3.255911720281995381e-01
1.258656567013286542e-01 6.973819980066913171e-01 -2.978633679085765928e-01
1.590308483072830903e-01 6.205902877714800647e-01 -2.923107815460172509e-01
5.580658627891729728e-02 6.582460446223877826e-01 -3.088462074777468258e-01
1.608000097571414266e-01 6.712557061319415208e-01 -2.901488489704744933e-01
2.219249407104341432e-01 5.503535133069276108e-01 -2.817471174890063268e-01
5.601806541172931198e-01 5.801574073046077418e-01 -1.414461980385083029e-01
9.091694277709871930e-01 6.798426173076415058e-01 -3.471003658171126216e-01
4.782255012868658062e-01 6.241632420048622842e-01 -1.625125686320710028e-01
1.160857153508598194e-01 5.589593920123977489e-01 -2.952427914305890133e-01
7.747748143744681570e-03 7.724488343724622563e-01 -3.090613415784765339e-01
8.122673142315655070e-01 9.333867056426539133e-01 -2.141645279791833945e-01
5.798852187300280736e-01 3.156759882888475199e-01 2.678178083511463178e-02
2.659280908088267892e-01 4.968702963734976108e-01 -2.718501026880768001e-01
5.568451861512392354e-01 5.097769127444040649e-01 -1.475697035922788336e-01
6.080230609476362513e-01 7.901259601618132455e-01 -1.519984098930084460e-01
1.595250020373823741e-01 5.538173070975248580e-01 -2.907995717813477432e-01
9.184481188301549803e-01 8.423518153240749928e-01 -2.663330119695571652e-01
5.749243384466202755e-01 6.879515316014847004e-01 -1.490901927561108509e-01
5.942315100248875270e-02 4.775051899037826564e-01 -2.966577191637728705e-01
8.824344328705000517e-01 6.175659381415038451e-01 -3.521220731953710881e-01
2.156639294668763820e-02 6.096886967383080558e-01 -3.193146879048733289e-01
3.929512592667652182e-01 5.189907749977096252e-01 -2.432608861760496011e-01
1.666426006547334082e-01 8.355722818398965135e-01 -2.846401613551529652e-01
8.251354959022036972e-01 6.844902316959878830e-01 -4.171785543781361127e-01
