8.215306682914015335e-01 6.331126130880597724e-01 -3.623090560999620013e-01
7.046137936354878173e-01 4.761008241771286231e-01 -6.311927072067084754e-02
2.956545252344606745e-01 6.135207995539858628e-01 -2.774516305935152416e-01
1.348778463936098071e-01 4.910297334892762544e-01 -2.880530101719625535e-01
4.752341193298952049e-02 8.778856870832391079e-01 -2.830834856121401955e-01
6.251869417083065761e-01 3.684721794002910333e-01 -9.619188266458501835e-03
2.986390496880906437e-02 1.832384927001559638e-02 -2.793809917250681396e-01
7.362368854718568389e-01 8.372941675065533884e-01 -1.793945930437504666e-01
8.602341568883330181e-02 4.740258471898567416e-01 -2.976932231988032029e-01
2.701523396896659546e-01 7.228528930137680941e-01 -2.864657104952847422e-01
9.582665504652382316e-01 4.689094407993202318e-01 -2.977975624888293260e-01
2.854382577441157420e-01 7.848600759501219715e-01 -2.836837813786871054e-01
2.592170822331725244e-01 4.718703362157994907e-01 -2.800931346857927773e-01
4.274312626884491095e-02 5.854129085370876062e-01 -3.042860692650831145e-01
9.306651756476332915e-01 6.738737949667055194e-01 -3.437508043354009502e-01
9.049396534811626758e-01 6.455209542209777718e-01 -3.524972846963576600e-01
9.988003197975319214e-01 6.680332888189602913e-01 -3.260432011916983841e-01
1.354177844611580417e-01 6.944227995915970286e-01 -3.004183454983995194e-01
1.685979130262254544e-01 6.176797426913329669e-01 -2.953288805557377494e-01
6.532729217469057659e-02 6.551872606734648885e-01 -3.108609080106615186e-01
1.703730323038629424e-01 6.683648171129784599e-01 -2.932749657536705135e-01
2.315187905557037351e-01 5.475325125720073016e-01 -2.859823858395709739e-01
5.700681337240929292e-01 5.786614972053312211e-01 -1.501546154052212367e-01
9.185710030374941715e-01 6.764352161706744804e-01 -3.477040084106849394e-01
4.880804919928447005e-01 6.224664337702437988e-01 -1.705057870951439125e-01
1.256445038014647742e-01 5.560217801665982007e-01 -2.981592638430117792e-01
1.726831194891939938e-02 7.693896081906317352e-01 -3.109073579496105522e-01
8.220263711538138285e-01 9.312047780571652833e-01 -2.199622251535344741e-01
5.898848505390579255e-01 3.157618001985029732e-01 8.581296284328064974e-03
2.755474798784890988e-01 4.941376504164696759e-01 -2.767851697466435779e-01
5.667236337070272745e-01 5.082224759050483209e-01 -1.560765808718513614e-01
6.178950775091109904e-01 7.885311908963807959e-01 -1.601607755290451740e-01
1.690949290930941484e-01 5.509161872881485067e-01 -2.943438490398552210e-01
9.280856308221006046e-01 8.396837893487322235e-01 -2.700738366066784968e-01
5.848005982133149816e-01 6.863832545147529052e-01 -1.574777907086339079e-01
6.897788004460329858e-02 4.745544013766643809e-01 -2.995380450366180169e-01
8.918191766214855765e-01 6.141124493651590743e-01 -3.526105094528746431e-01
3.105598975335702866e-02 6.065347226663078128e-01 -3.208754068866789821e-01
4.026412895367564859e-01 5.165202865102536123e-01 -2.496335129015272714e-01
1.762308631942447190e-01 8.327323484826847366e-01 -2.879563724124734048e-01
8.251354959022036972e-01 6.844902316959878830e-01 -4.171785543781361127e-01
