8.308801943458468120e-01 6.295648866953894585e-01 -3.626708771618181726e-01
7.145847297839056367e-01 4.753389630846887037e-01 -7.626000388336592883e-02
3.052591114078170853e-01 6.107365717546543449e-01 -2.821515643515894456e-01
1.444544710873698623e-01 4.881507997500482698e-01 -2.920263497314786183e-01
5.711642160078217456e-02 8.750618305865954794e-01 -2.862800647484484151e-01
6.351836236700452165e-01 3.682145949367663929e-01 -2.576129564765029453e-02
3.946659853836850806e-02 1.553310094579469017e-02 -2.828305282367583051e-01
7.460634687863724190e-01 8.354399128414968789e-01 -1.865048196734033215e-01
9.557503589397468857e-02 4.710650109132729080e-01 -3.005898156715299252e-01
2.797350727129876979e-01 7.199943570591684772e-01 -2.898970740821667502e-01
9.678182800484305126e-01 4.659489573979871402e-01 -3.005528718627650253e-01
2.950287248534838591e-01 7.820275963607642433e-01 -2.871790771885247562e-01
2.688130507169999017e-01 4.690565507127109068e-01 -2.852304004514921165e-01
5.227655483281065663e-02 5.823940114179790850e-01 -3.066742290894806655e-01
9.400776031970800029e-01 6.704964872184515645e-01 -3.445049695518978550e-01
9.143230300070173122e-01 6.420637523214582920e-01 -3.530061935247502669e-01
8.269263813158289622e-03 6.648178418470864770e-01 -3.273603663584280787e-01
1.449622271452301880e-01 6.914389071923202623e-01 -3.030045659395083635e-01
1.781559188590408904e-01 6.147395854676686033e-01 -2.984255614044239446e-01
7.484141111660268242e-02 6.521080496123082826e-01 -3.130071956246995857e-01
1.799367051178200616e-01 6.654431459631778845e-01 -2.964920420261223932e-01
2.411013574017923933e-01 5.446734195969114012e-01 -2.899552021051958750e-01
5.799427005334357732e-01 5.770825955846391464e-01 -1.585536477513354581e-01
9.279697576394224656e-01 6.730200423928511810e-01 -3.485308705421225617e-01
4.979217126559630224e-01 6.206915039519657062e-01 -1.784383963200063816e-01
1.351946392892947879e-01 5.530561584503150829e-01 -3.010908627664745651e-01
2.678257910300030353e-02 7.663108551117413514e-01 -3.129590588816445473e-01
8.317731686017031389e-01 9.289687236057222464e-01 -2.255120181542094593e-01
5.998844816008538361e-01 3.156759012580819812e-01 -8.589999681661113912e-03
2.851540246351423336e-01 4.913601879345594892e-01 -2.814472521311024988e-01
5.765888728435744071e-01 5.065863045268798048e-01 -1.643560955516421562e-01
6.277542096100084956e-01 7.868586137779638445e-01 -1.680475388396552860e-01
1.786551925260908558e-01 5.479833792324267927e-01 -2.976567504332532366e-01
9.377133823169186977e-01 8.369807538043806394e-01 -2.737083086184281533e-01
5.946637461859670681e-01 6.847345240729982851e-01 -1.656292925768284297e-01
7.852419810192531879e-02 4.715765142820203537e-01 -3.023754339194695828e-01
9.012014059360476947e-01 6.106521353492104787e-01 -3.533378765438970892e-01
4.053987233296531961e-02 6.033636075286625822e-01 -3.226822511277974703e-01
4.123169296522908867e-01 5.139940267542780772e-01 -2.553933046591961298e-01
1.858101364472218853e-01 8.298622397835592190e-01 -2.911049583665156759e-01
8.251354959022036972e-01 6.844902316959878830e-01 -4.171785543781361127e-01
