8.402278388971338163e-01 6.260122058283829061e-01 -3.632008476396786367e-01
7.245453439996779599e-01 4.744523039367891104e-01 -8.878250437581465537e-02
3.148520794123125244e-01 6.079125737261976692e-01 -2.862948184206785540e-01
1.540209000896274882e-01 4.852381658656124142e-01 -2.955472206363253806e-01
6.670064201891066913e-02 8.722082856024172548e-01 -2.893762849725351471e-01
6.451752031765956019e-01 3.678043036204051708e-01 -4.104065170087273923e-02
4.906010691371583132e-02 1.271093917648719041e-02 -2.861034066046467261e-01
7.558771218511468604e-01 8.335183994992994005e-01 -1.933538629252140872e-01
1.051183097168529867e-01 4.680773822982061683e-01 -3.033960444844592264e-01
2.893083127723763415e-01 7.171041884195703542e-01 -2.931997156247584946e-01
9.773619911592815734e-01 4.629627259547433593e-01 -3.032496440104889279e-01
3.046097481608890933e-01 7.791633351326362478e-01 -2.904945846389981878e-01
2.783973311058289268e-01 4.662032071602610905e-01 -2.893552680207733263e-01
6.180247601080621211e-02 5.793515082198515964e-01 -3.091513405615675669e-01
9.494864215347007530e-01 6.671091375923201561e-01 -3.455720484248698265e-01
9.237034708982206910e-01 6.385985930629768381e-01 -3.538543533962828502e-01
1.773309788631440009e-02 6.615873860532751616e-01 -3.289458514597776717e-01
1.544987632601299565e-01 6.884298410698808102e-01 -3.056431840966061797e-01
1.877049899102371522e-01 6.117705381357445571e-01 -3.014495808731422755e-01
8.434855539704032290e-02 6.490073710364249182e-01 -3.152644069740184740e-01
1.894911929812490570e-01 6.624915766064478628e-01 -2.996197678633815142e-01
2.506734343676568777e-01 5.417794011865403325e-01 -2.936018787977169309e-01
5.898040040038567966e-01 5.754228685395316178e-01 -1.667443149383152634e-01
9.373649230815678246e-01 6.695950071646065149e-01 -3.495803003037967205e-01
5.077490419563326363e-01 6.188412069968534102e-01 -1.861020795199974098e-01
1.447362372529193142e-01 5.500631819551590196e-01 -3.039564758050483095e-01
3.629013527461021071e-02 7.632114397404684558e-01 -3.151315408674171814e-01
8.415078760539866920e-01 9.266806084822079015e-01 -2.308566307406074991e-01
6.098814027569089413e-01 3.154277734691971480e-01 -2.481532569126692830e-02
2.947489120169267673e-01 4.885427181244508255e-01 -2.856143652939814870e-01
5.864406305097782379e-01 5.048708247437305729e-01 -1.724007260866946001e-01
6.376002946032236496e-01 7.851108694298446489e-01 -1.756766722573467887e-01
1.882062676588504846e-01 5.450207851312410812e-01 -3.007738551032261842e-01
9.473314453222153597e-01 8.342434441715215199e-01 -2.772700235330623486e-01
6.045135464412402237e-01 6.830078408561860437e-01 -1.735380404554366096e-01
8.806224279665696153e-02 4.685722334360770680e-01 -3.051414402896473477e-01
9.105803369493787880e-01 6.071828914766674856e-01 -3.542898278906025933e-01
5.002276673372823418e-02 6.001895385653318593e-01 -3.229937247814088086e-01
4.219793783680425570e-01 5.114177727265336593e-01 -2.605638425364547039e-01
1.953806120826915571e-01 8.269629301914526165e-01 -2.941546976104395528e-01
8.251354959022036972e-01 6.844902316959878830e-01 -4.171785543781361127e-01
