8.495728474255138662e-01 6.224525969166478934e-01 -3.639421061845991567e-01
7.344946514441429430e-01 4.734466790686038262e-01 -1.007327577756604448e-01
3.244343666694732287e-01 6.050525438450153892e-01 -2.900529754647660496e-01
1.635778079500367632e-01 4.822944416686728575e-01 -2.987987750417968047e-01
7.627617037031919622e-02 8.693257074523280670e-01 -2.924069242609942387e-01
6.551393274575043613e-01 3.669580014789661226e-01 -8.473156526023664648e-02
5.864467288159853908e-02 9.858555049602337611e-03 -2.892551654328204824e-01
7.656778639866513858e-01 8.315320829098942212e-01 -1.999615620931899651e-01
1.146539746520635616e-01 4.650655565656320878e-01 -3.059325696906602943e-01
2.988723318895716852e-01 7.141836510844346009e-01 -2.963734898591756095e-01
9.868978482950959696e-01 4.599515088112384742e-01 -3.058687479289021738e-01
3.141816156347725930e-01 7.762686239100077268e-01 -2.936742580567830996e-01
2.879710533069426703e-01 4.633146360228470040e-01 -2.930328481960137177e-01
7.132122861066089725e-02 5.762866511362734201e-01 -3.114988604451600085e-01
9.588915127311753439e-01 6.637114531475848400e-01 -3.466706842555268842e-01
9.330810550470719500e-01 6.351257101782233905e-01 -3.546778543585613064e-01
2.719199899693661160e-02 6.583425147492832918e-01 -3.304694691875325607e-01
1.640278456668467499e-01 6.853972533158330105e-01 -3.081106225012784083e-01
1.972458804481857508e-01 6.087753073027563078e-01 -3.041927487441357103e-01
9.384919797213209236e-02 6.458868277086766696e-01 -3.173545761014126554e-01
1.990369806114165308e-01 6.595119896351141486e-01 -3.025535050775712831e-01
2.602357592089553084e-01 5.388533212782865567e-01 -2.969530646043518352e-01
5.996517977921879128e-01 5.736847783512771803e-01 -1.746962499445567363e-01
9.467567832329631949e-01 6.661609187998973614e-01 -3.505440649741162207e-01
5.175625084765205219e-01 6.169187411695494783e-01 -1.934509209883228664e-01
1.542701263992982963e-01 5.470457397030923374e-01 -3.065216258695439566e-01
4.579111955463426031e-02 7.600919369418263072e-01 -3.172450560994701241e-01
8.512306204164947765e-01 9.243421812198544529e-01 -2.360281225872851996e-01
6.198664058552133538e-01 3.148803128524839123e-01 -5.477344547575178912e-02
3.043330675051994505e-01 4.856889550690076107e-01 -2.893990382058860833e-01
5.962787404768877808e-01 5.030787331514677829e-01 -1.801825379228556290e-01
6.474332097940279640e-01 7.832904906641892095e-01 -1.830585602620495578e-01
1.977490695284640221e-01 5.420316493903787336e-01 -3.035539738374285479e-01
9.569399543585355161e-01 8.314727846653832133e-01 -2.807391640288311452e-01
6.143498533473098488e-01 6.812058790226259708e-01 -1.811858957893462407e-01
9.759305819453016617e-02 4.655450965294170573e-01 -3.075386522530593192e-01
9.199564827081879725e-01 6.037061270743008246e-01 -3.550918005524023591e-01
5.950011146542114049e-02 5.969989372369530756e-01 -3.247376227083054179e-01
4.316294893856748027e-01 5.087956824635234687e-01 -2.653106135325289938e-01
2.049425461715268793e-01 8.240355736226744332e-01 -2.970865767605256336e-01
8.251354959022036972e-01 6.844902316959878830e-01 -4.171785543781361127e-01
