8.589152251847642638e-01 6.188860891284236887e-01 -3.646804519403507028e-01
7.444204761770920609e-01 4.722309474490529735e-01 -1.218746473806560232e-01
3.340067623734582769e-01 6.021595798828601742e-01 -2.934917218628089741e-01
1.731260096789119518e-01 4.793225998584977887e-01 -3.017422381821939226e-01
8.584318427315190680e-02 8.664149953430658746e-01 -2.953463393650671565e-01
6.650784659476219884e-01 3.658563998838958442e-01 -1.103841887802952670e-01
6.822050722772629583e-02 6.976993567433330268e-03 -2.923007523989438194e-01
7.754657194610652393e-01 8.294832087771113471e-01 -2.063486789202705618e-01
1.241821056245532851e-01 4.620299808095222338e-01 -3.084242047630879058e-01
3.084276018015724152e-01 7.112346144775384404e-01 -2.993546938787889911e-01
9.964262572532551765e-01 4.569168057407434480e-01 -3.083326156690133768e-01
3.237446655219609060e-01 7.733449144758902660e-01 -2.967051767425046283e-01
2.975351055598866590e-01 4.603942072010885900e-01 -2.963621438771170125e-01
8.083296466418758708e-02 5.732000871489177918e-01 -3.137801360086830971e-01
9.682925542523268536e-01 6.603025796800612301e-01 -3.478606175220796404e-01
9.424552546189235436e-01 6.316437017941012311e-01 -3.556511482898804810e-01
3.664564764279514691e-02 6.550823725314257606e-01 -3.320843662525573836e-01
1.735495087001069914e-01 6.823414501348271655e-01 -3.105478410909107145e-01
2.067787566883237116e-01 6.057546665445373568e-01 -3.068571317676245247e-01
1.033432196789327434e-01 6.427461984992987043e-01 -3.194694725633910326e-01
2.085745238863156992e-01 6.565061173358597291e-01 -3.053082978785252033e-01
2.697890619195503215e-01 5.358979182059903090e-01 -3.000210403705117490e-01
6.094859480161781695e-01 5.718710834011845323e-01 -1.823788640120480864e-01
9.561447678961202401e-01 6.627162498804906043e-01 -3.516708638036740164e-01
5.273621927873426429e-01 6.149272122573247179e-01 -2.004934201842336894e-01
1.637963807941140715e-01 5.440042799868947121e-01 -3.090418011627971140e-01
5.528545128833422390e-02 7.569522450890391330e-01 -3.193707429296694378e-01
8.609415287617584456e-01 9.219550785597475651e-01 -2.410375046831098877e-01
6.298323289215853604e-01 3.140554629054304603e-01 -8.257881712802352114e-02
3.139073449911716773e-01 4.828022249774324148e-01 -2.928405517824695381e-01
6.061031288628766500e-01 5.012128840575571509e-01 -1.876848557230546555e-01
6.572528788846441206e-01 7.813999619151889009e-01 -1.901975384653427914e-01
2.072837847181518423e-01 5.390168183417897163e-01 -3.062477512413505631e-01
9.665390276500627209e-01 8.286696093330343516e-01 -2.841248889570903158e-01
6.241725978013803466e-01 6.793313947228712957e-01 -1.885638852851096725e-01
1.071164531556972749e-01 4.624946951765427916e-01 -3.099805728800933413e-01
9.293290639785843910e-01 6.002197650262894868e-01 -3.561156188405877332e-01
6.897139551168843252e-02 5.937903895101890317e-01 -3.266318381926522352e-01
4.412679734587952041e-01 5.061311703558002417e-01 -2.697092518071421696e-01
2.144961431945137109e-01 8.210811220792612053e-01 -2.999214398183110974e-01
8.251354959022036972e-01 6.844902316959878830e-01 -4.171785543781361127e-01
