8.682545958979380751e-01 6.153117144024173868e-01 -3.655226576181170861e-01
7.543226682761133839e-01 4.708357443691826294e-01 -1.399769680349768897e-01
3.435698613631291698e-01 5.992360310610076457e-01 -2.966883816975666166e-01
1.826658902003148732e-01 4.763241536546520272e-01 -3.045297760914196239e-01
9.540181597729732732e-02 8.634768735034367149e-01 -2.982126176768886694e-01
6.749938863730524652e-01 3.645585409597610349e-01 -1.301530427031253878e-01
7.778778205004499569e-02 4.067139194062256713e-03 -2.952566850379162444e-01
7.852407290743593782e-01 8.273738991601972126e-01 -2.125272515987607358e-01
1.337027806106014238e-01 4.589711006533152005e-01 -3.108710130849519082e-01
3.179744494026008339e-01 7.082584254911435950e-01 -3.021975578904175230e-01
5.947329596924344486e-03 4.538591626244500854e-01 -3.107410838415325394e-01
3.332991879456060347e-01 7.703934569959217660e-01 -2.996080585430273557e-01
3.070900994670791029e-01 4.574442764504581538e-01 -2.994482712089684973e-01
9.033767304256525021e-02 5.700919496612899540e-01 -3.160490660491415693e-01
9.776891878013358461e-01 6.568815742802353030e-01 -3.491514080663997710e-01
9.518256324861622542e-01 6.281514219334424221e-01 -3.567470892938264804e-01
4.609374259011603941e-02 6.518061701771122873e-01 -3.337836944136906014e-01
1.830637972382781198e-01 6.792627631399500432e-01 -3.129521131087385499e-01
2.163038113691068409e-01 6.027094517199164114e-01 -3.094360111732255558e-01
1.128305531947771390e-01 6.395854228414679099e-01 -3.215922336256376579e-01
2.181040829424979177e-01 6.534750277306623500e-01 -3.079534078487832782e-01
2.793337810674901833e-01 5.329149102631663970e-01 -3.029119001158316338e-01
6.193064051996903796e-01 5.699846527221499315e-01 -1.897802224207320310e-01
9.655284967730747292e-01 6.592600044661992564e-01 -3.529042614252819732e-01
5.371482205229152207e-01 6.128696260115978900e-01 -2.072388561298863230e-01
1.733150796050890730e-01 5.409392558522517769e-01 -3.115164101750108050e-01
6.477303920348340127e-02 7.537922331345815463e-01 -3.215117375481662543e-01
8.706407259935048382e-01 9.195208285603261311e-01 -2.458955150018351798e-01
6.397758136795994588e-01 3.129938081276703588e-01 -1.063659299155744475e-01
3.234722964528586320e-01 4.798847425806435085e-01 -2.960540854972661950e-01
6.159137968832072429e-01 4.992761876448834069e-01 -1.949012354310874218e-01
6.670592725424046021e-01 7.794417373547679606e-01 -1.970960737262637541e-01
2.168105995333664271e-01 5.359771144949310173e-01 -3.088574876210142817e-01
9.761287625250769651e-01 8.258346516566421602e-01 -2.874374777019990113e-01
6.339817746070902649e-01 6.773871595533708101e-01 -1.956697182119280232e-01
1.166324489202614501e-01 4.594212891492179263e-01 -3.123971064327767388e-01
9.386976816438061810e-01 5.967227658780348554e-01 -3.572507755760386261e-01
7.843647632373688949e-02 5.905635884284066162e-01 -3.285597002191277816e-01
4.508953789314752436e-01 5.034269026426085869e-01 -2.738362918740801510e-01
2.240415731675713951e-01 8.181003895133552861e-01 -3.026735178074712040e-01
8.251354959022036972e-01 6.844902316959878830e-01 -4.171785543781361127e-01
