8.775906272880962256e-01 6.117286266443544562e-01 -3.664557600355455302e-01
7.642027713409668133e-01 4.692918650254920276e-01 -1.550079301531700759e-01
3.531240842023437576e-01 5.962836039342812589e-01 -2.997095457671986596e-01
1.921977086406036483e-01 4.733001766009409250e-01 -3.072071290284288381e-01
1.049521668984284700e-01 8.605119456319278992e-01 -3.010182107136257779e-01
6.848866132677097207e-01 3.630977348166585794e-01 -1.466052167356512725e-01
8.734663458521904622e-02 1.129735883177496181e-03 -2.981374478757709556e-01
7.948835976351596999e-01 8.247252984127968478e-01 -2.680588119222251375e-01
1.432160751801746235e-01 4.558893436167321678e-01 -3.132748069224358667e-01
3.275131204633034976e-01 7.052561339670384566e-01 -3.049328800892014413e-01
1.546111494377889681e-02 4.507789210147746806e-01 -3.131155153326505847e-01
3.428454184929676796e-01 7.674152893819988774e-01 -3.024048191298679411e-01
3.166364493871013930e-01 4.544664915011225048e-01 -3.023647339682135615e-01
9.983536411500720797e-02 5.669624346361692435e-01 -3.182990480611180839e-01
9.871063296048385727e-01 6.535174339364442364e-01 -3.431063818232227280e-01
9.611951459850994750e-01 6.246568237028538029e-01 -3.569945154792442121e-01
5.553884706067582777e-02 6.485213564015366305e-01 -3.346952838671570230e-01
1.925709916693260082e-01 6.761622383375573975e-01 -3.152482324971659922e-01
2.258212247947654905e-01 5.996404385747682309e-01 -3.119355094529878691e-01
1.223133813296024969e-01 6.364111559079280722e-01 -3.230146014138484678e-01
2.276260819073797903e-01 6.504202714862479251e-01 -3.104378899071039699e-01
2.888702482626470114e-01 5.299056257243269785e-01 -3.056660872961056707e-01
6.291131875602714585e-01 5.680283757141076917e-01 -1.968974773979056681e-01
9.749112715486853986e-01 6.558011697621169978e-01 -3.531802094465461561e-01
5.469207453717241929e-01 6.107488341596211123e-01 -2.137020528264301500e-01
1.828265450644918633e-01 5.378518581106921381e-01 -3.138677925687973769e-01
7.425781079208490509e-02 7.506237780043867325e-01 -3.224017876421603757e-01
8.802860486825236919e-01 9.168811789198059170e-01 -2.671306682594393189e-01
6.496959272694484699e-01 3.117323223510986008e-01 -1.264855733256128600e-01
3.330283181009610627e-01 4.769381428010674995e-01 -2.990996794754680610e-01
6.257108035461048656e-01 4.972715279612613393e-01 -2.018335208624392196e-01
6.768176567520967080e-01 7.772568031186795068e-01 -2.202703240027359954e-01
2.263298717989875031e-01 5.329138718448986900e-01 -3.113292594961766802e-01
9.856982451947470247e-01 8.229320663547287085e-01 -2.944969877787490531e-01
6.437690433190250694e-01 6.753354843450638523e-01 -2.066348661728600045e-01
1.261411676067925036e-01 4.563254421018954621e-01 -3.147562492884782848e-01
9.480665680636588544e-01 5.932264868199645935e-01 -3.571739147325894703e-01
8.789836938500220076e-02 5.873274518896957064e-01 -3.295461712983275282e-01
4.605121268631294784e-01 5.006849764548668702e-01 -2.777500443462764812e-01
2.335790326898400104e-01 8.150942514824113250e-01 -3.053361596505284603e-01
8.251354959022036972e-01 6.844902316959878830e-01 -4.171785543781361127e-01
