8.869294420247604283e-01 6.081527995632074468e-01 -3.656781711332522389e-01
7.740622937590151409e-01 4.676215902912034261e-01 -1.678140153894991105e-01
3.626697902840209098e-01 5.933037557162957887e-01 -3.025808729363398397e-01
2.017217151048804336e-01 4.702516850283079974e-01 -3.097800436643468047e-01
1.144928021734022694e-01 8.575159018155050772e-01 -3.042779603191596016e-01
6.947577949420630228e-01 3.614978059582678038e-01 -1.606834459474095478e-01
9.689642350067256826e-02 9.981629983365986059e-01 -3.012077040974652786e-01
8.044571329901240020e-01 8.218361080751334091e-01 -2.930975258917491444e-01
1.527225009283157686e-01 4.527864627786916119e-01 -3.154960585937893747e-01
3.370438901278290933e-01 7.022288530745941504e-01 -3.075537596834055920e-01
2.496778684845108245e-02 4.476767944382281095e-01 -3.154167173410001856e-01
3.523835929453263960e-01 7.644114205239472826e-01 -3.050982464168510155e-01
3.261745080907824668e-01 4.514622551314049215e-01 -3.051367772591776495e-01
1.093285675368586563e-01 5.638193328574564456e-01 -3.197299181318341010e-01
9.965242808850881540e-01 6.501555603988398158e-01 -3.428656815340781483e-01
9.705640800623845932e-01 6.211606723538006802e-01 -3.571602835829993383e-01
6.498130036338603532e-02 6.452289293900241862e-01 -3.355014479690408558e-01
2.020722460137363286e-01 6.730435581867846295e-01 -3.171584717885234661e-01
2.353319881831294758e-01 5.965508787727000772e-01 -3.140951119346280795e-01
1.317917165758728526e-01 6.332234983103638415e-01 -3.244270318147746690e-01
2.371411936615941962e-01 6.473441296974464798e-01 -3.126846106103547407e-01
2.983989111660431126e-01 5.268717201105277415e-01 -3.082489242497729598e-01
6.389042715108046444e-01 5.659949856694750370e-01 -2.047669706789782829e-01
9.843205419476476203e-01 6.524150760600447851e-01 -3.454385679131252718e-01
5.566776820319493391e-01 6.085574448723527485e-01 -2.209318607499365927e-01
1.923316340001460789e-01 5.347448846113999066e-01 -3.159266041085995180e-01
8.373966518825001759e-02 7.474466035977913592e-01 -3.233212211558794680e-01
8.898829220720225752e-01 9.140704812936055745e-01 -2.849086266483275565e-01
6.595930216909752231e-01 3.103014058575941925e-01 -1.435845096365111762e-01
3.425757841972699169e-01 4.739639385142316308e-01 -3.019896740582650452e-01
6.354928242016215645e-01 4.951949750736505673e-01 -2.091773873073807521e-01
6.865310482041560025e-01 7.748798246797654610e-01 -2.399950763452382008e-01
2.358423928911720924e-01 5.298297281273097736e-01 -3.135256956134420125e-01
9.952464208990483563e-01 8.199601409317428535e-01 -3.017509951112117839e-01
6.535321856876581403e-01 6.731719106602079838e-01 -2.180819149536815105e-01
1.356436260674631633e-01 4.532104327594972393e-01 -3.167721464039542356e-01
9.574684177367295268e-01 5.898198429106338292e-01 -3.476234669520618659e-01
9.736085045832680585e-02 5.840930351050228619e-01 -3.293644211362336538e-01
4.701180129371103633e-01 4.979052367667485268e-01 -2.816843076310137084e-01
2.431085484817523956e-01 8.120630258603744878e-01 -3.079676810326102410e-01
8.251354959022036972e-01 6.844902316959878830e-01 -4.171785543781361127e-01
