8.962790300566498836e-01 6.046052365075381685e-01 -3.626534071362080280e-01
7.839021171844623437e-01 4.658389307735107399e-01 -1.792238931648281741e-01
3.722074247428974192e-01 5.902981727563940684e-01 -3.052779611386253755e-01
2.112387153592499012e-01 4.671813908798050918e-01 -3.120701081198367088e-01
1.240231138731575089e-01 8.544871794932199505e-01 -3.077050029219758343e-01
7.046082360264588340e-01 3.597747823244057397e-01 -1.731665137472186977e-01
1.064365241500225129e-01 9.951652525834913110e-01 -3.044563535097205564e-01
8.139842558269916317e-01 8.187973697758987868e-01 -3.087561387407076752e-01
1.622233522466162148e-01 4.496665550512822240e-01 -3.172876760626972548e-01
3.465672973793744727e-01 6.991784900927159319e-01 -3.099765437527313705e-01
3.446859468020915807e-02 4.445567542872037037e-01 -3.173016141734665285e-01
3.619139778734834501e-01 7.613829286350434211e-01 -3.076808240175214482e-01
3.357048101426821085e-01 4.484335024509178425e-01 -3.077081883600030210e-01
1.188170371119719460e-01 5.606619692226894047e-01 -3.212326153253626804e-01
5.948727612613780025e-03 6.468119390267293989e-01 -3.409283315452290575e-01
9.799730603177194688e-01 6.177737725095895360e-01 -3.455242445419740016e-01
7.443179002776434405e-02 6.419596412253805173e-01 -3.330519793669337592e-01
2.115691170841457469e-01 6.699115556529381399e-01 -3.185609660450989811e-01
2.448370146468136221e-01 5.934437141609254507e-01 -3.159467105075727256e-01
1.412697110212378648e-01 6.300348275381407737e-01 -3.245339274717246592e-01
2.466504224031486892e-01 6.442498496938279251e-01 -3.145914529868552578e-01
3.079204537186295276e-01 5.238155415458352060e-01 -3.105872655129219284e-01
6.486777762122801771e-01 5.638787139831750173e-01 -2.132395378604648450e-01
9.937447886772945438e-01 6.490708910204963100e-01 -3.409881412545000545e-01
5.664174863314164199e-01 6.062911235782548758e-01 -2.286184416043328116e-01
2.018317187736847762e-01 5.316226435419790786e-01 -3.175332789096786401e-01
9.321982181037780091e-02 7.442643668969900483e-01 -3.238551617891591849e-01
8.994407913683415412e-01 9.111298802471384795e-01 -2.984719964014784233e-01
6.694678696029574549e-01 3.087242632783644414e-01 -1.583755116918649231e-01
3.521151777393380367e-01 4.709639433726440783e-01 -3.046921447154257168e-01
6.452582763991986381e-01 4.930418509767073854e-01 -2.170117317533505896e-01
6.962061511577657402e-01 7.723515084738582503e-01 -2.556058494608701714e-01
2.453493886832375237e-01 5.267285943008439553e-01 -3.153122924508912073e-01
4.776003419351360080e-03 8.169291250972845475e-01 -3.079456666041182622e-01
6.632713835981476347e-01 6.709029849099208409e-01 -2.288858532659462652e-01
1.451411287300652941e-01 4.500803459917118166e-01 -3.183592467274221072e-01
9.668863337251762946e-01 5.864578705082249543e-01 -3.428761790389771580e-01
1.068271938166706070e-01 5.808699397881046389e-01 -3.281682067125135660e-01
4.797129364773688454e-01 4.950878900971685814e-01 -2.856015313448376780e-01
2.526304230824910624e-01 8.090078819868706805e-01 -3.104785989664254897e-01
8.251354959022036972e-01 6.844902316959878830e-01 -4.171785543781361127e-01
