9.056437877599199382e-01 6.010979137167126174e-01 -3.583529412373456235e-01
7.937225372176262006e-01 4.639523067059672101e-01 -1.897999148720128648e-01
3.817376184304782649e-01 5.872690791168388991e-01 -3.077439648762824165e-01
2.207495471765120454e-01 4.640920417341509174e-01 -3.140729627498046184e-01
1.335437366066649922e-01 8.514281367072784601e-01 -3.108880948759970564e-01
7.144383559173314024e-01 3.579393687658115608e-01 -1.845878043432681581e-01
1.159669351223264061e-01 9.921368426543387686e-01 -3.076722241928588897e-01
8.234766840194427395e-01 8.156519275158724547e-01 -3.199764710355444963e-01
1.717199178852011066e-01 4.465336265375672298e-01 -3.186584712919890428e-01
3.560840834444487513e-01 6.961075321002309080e-01 -3.121398623947538864e-01
4.396444101388581605e-02 4.414216462496395321e-01 -3.188879865155204163e-01
3.714370091920350392e-01 7.583313922177800093e-01 -3.100997621044864760e-01
3.452280864488638246e-01 4.453827306803459507e-01 -3.100194686737340333e-01
1.283032645709308861e-01 5.574978755772841410e-01 -3.219419821567631734e-01
1.538429552942132891e-02 6.434998312254475161e-01 -3.375864951686855520e-01
9.893974834470262714e-01 6.144300846234693747e-01 -3.409353891577298068e-01
8.388815605072476311e-02 6.387073894454902145e-01 -3.312498415155339382e-01
2.210629612175818715e-01 6.667703896958419030e-01 -3.195260084292620983e-01
2.543379245265316446e-01 5.903239847724245370e-01 -3.172689052859653525e-01
1.507481975331825819e-01 6.268476197565736596e-01 -3.243795749147959651e-01
2.561549648156285497e-01 6.411412047270663717e-01 -3.161024589091886439e-01
3.174358486755398667e-01 5.207402758964960743e-01 -3.125925332447865301e-01
6.584325011167362351e-01 5.616775002183660437e-01 -2.219388971499741681e-01
3.178981404732050819e-03 6.457548681644883493e-01 -3.380014505826668403e-01
5.761393423857394946e-01 6.039490059768046759e-01 -2.364076972736561810e-01
2.113282807183215761e-01 5.284897038311521245e-01 -3.186596503618248644e-01
1.026989472008477677e-01 7.410790597168663840e-01 -3.241790642759220242e-01
9.089677869054978432e-01 9.080907428637672307e-01 -3.087980282817169297e-01
6.793211997508100675e-01 3.070178386543572224e-01 -1.714816580175665406e-01
3.616471747990241403e-01 4.679405293993126325e-01 -3.071480558193470656e-01
6.550059510258210427e-01 4.908096235300745680e-01 -2.251193935428403570e-01
7.058487733912925943e-01 7.697020110759553724e-01 -2.681517989777693622e-01
2.548521852637865570e-01 5.236146165956081511e-01 -3.166635830451129396e-01
1.429029026414346121e-02 8.138504328692409695e-01 -3.129526631411334026e-01
6.729875017267014092e-01 6.685371766945346073e-01 -2.388452560421703008e-01
1.546352853870097410e-01 4.469401247617030837e-01 -3.194265006298699916e-01
9.763152279720551663e-01 5.831268116253508493e-01 -3.395956778374170648e-01
1.162962088531368093e-01 5.776547019681017581e-01 -3.273382782474146269e-01
4.892971222775060469e-01 4.922342288438927294e-01 -2.893884162990821296e-01
2.621453395008593867e-01 8.059311360513952138e-01 -3.127481046491707439e-01
8.251354959022036972e-01 6.844902316959878830e-01 -4.171785543781361127e-01
