9.150193173630924992e-01 5.976194881159507810e-01 -3.552689792160429461e-01
8.035235305492346436e-01 4.619672299533538196e-01 -1.998350593360997129e-01
3.912612698046027404e-01 5.842194784045919853e-01 -3.098965030865162285e-01
2.302555099919542381e-01 4.609877429483653088e-01 -3.156452189938834807e-01
1.430557570042217119e-01 8.483424491086281050e-01 -3.136879997676756404e-01
7.242483372665939889e-01 3.559991971427015622e-01 -1.952554755313481438e-01
1.254881938784898343e-01 9.890797800612306512e-01 -3.106801119802672928e-01
8.329419359091377872e-01 8.124256282946866747e-01 -3.285066783727217943e-01
1.812133639795986684e-01 4.433912578047849440e-01 -3.196527011452790501e-01
3.655952370092412362e-01 6.930191736581237105e-01 -3.139687986968728306e-01
5.345686662291099234e-02 4.382761961932687411e-01 -3.199772923581138406e-01
3.809533887026249066e-01 7.552591746131130934e-01 -3.122722221091741024e-01
3.547453196544506637e-01 4.423131587052205327e-01 -3.119942265899940392e-01
1.377885010488366369e-01 5.543308124332647635e-01 -3.222550311233431386e-01
2.482710694784493605e-02 6.402084314447935576e-01 -3.353926614762158809e-01
9.988308366450200371e-01 6.111116742447036954e-01 -3.382545330719787247e-01
9.334852371438633056e-02 6.354667963410807197e-01 -3.300172107455732196e-01
2.305545007281481207e-01 6.636222668076179332e-01 -3.202588807216318889e-01
2.638356807334814591e-01 5.871946674294012958e-01 -3.182782344319846080e-01
1.602269573848117412e-01 6.236612249795344676e-01 -3.242938024864825408e-01
2.656557872043197044e-01 6.380212089035843803e-01 -3.172969485166903247e-01
3.269461591731971373e-01 5.176493222834260832e-01 -3.142416663308419955e-01
6.681678461580791151e-01 5.593920993944404563e-01 -2.305778128409528838e-01
1.261977268681927812e-02 6.424576784568637455e-01 -3.360058841627003301e-01
5.858429794406990743e-01 6.015325151521551117e-01 -2.440649401950601427e-01
2.208222038143889121e-01 5.253487765403732634e-01 -3.195008694737905275e-01
1.121767356555179590e-01 7.378897767240103489e-01 -3.245985220744299626e-01
9.184703068826950423e-01 9.049759211862118402e-01 -3.167523973846722574e-01
6.891535501398595720e-01 3.051944117084783858e-01 -1.833685667744573700e-01
3.711726962548765330e-01 4.648967749752343503e-01 -3.092826929187684204e-01
6.647351450297195319e-01 4.884981772221311802e-01 -2.332540096327036516e-01
7.153624697297957802e-01 7.666214945642723100e-01 -3.131444105918496645e-01
2.643516399923034332e-01 5.204904591314495343e-01 -3.177350095601555457e-01
2.379204531557497712e-02 8.107332785672219932e-01 -3.169978815663490601e-01
6.826599552734728960e-01 6.659987436374010805e-01 -2.566516508057668511e-01
1.641270374483165539e-01 4.437926427829337328e-01 -3.201913571889500876e-01
9.857513791244107981e-01 5.798163658200402581e-01 -3.374103590190466462e-01
1.257668422161720978e-01 5.744442341356881254e-01 -3.268345743361536493e-01
4.988711452482273434e-01 4.893466547485488816e-01 -2.929287062137178599e-01
2.716541029321208334e-01 8.028354264383492644e-01 -3.147417958213362121e-01
8.251354959022036972e-01 6.844902316959878830e-01 -4.171785543781361127e-01
