9.244018677599888933e-01 5.941600448009507485e-01 -3.532450749271066615e-01
8.133049896532931200e-01 4.598880335230874916e-01 -2.094476401122942755e-01
4.007792954120084072e-01 5.811523643641999248e-01 -3.117359758623500232e-01
2.397576395791722326e-01 4.578717305434291118e-01 -3.168777064439311508e-01
1.525601788278216631e-01 8.452334354709807318e-01 -3.161412480700492855e-01
7.340382727742778002e-01 3.539602849927081518e-01 -2.053309970031612086e-01
1.350010696323590831e-01 9.859967304522482268e-01 -3.134106800251582614e-01
8.423564679520849641e-01 8.090541914478331931e-01 -3.438812999485931221e-01
1.907045282214766546e-01 4.402420037131473118e-01 -3.203780632603325795e-01
3.751016271007112102e-01 6.899161835793767850e-01 -3.155075498644417387e-01
6.294701513843306562e-02 4.351238825741416405e-01 -3.207004358487891005e-01
3.904639087764730787e-01 7.521688659028171742e-01 -3.141738561717188349e-01
3.642574741275887429e-01 4.392278844420213213e-01 -3.136445460616504310e-01
1.472729093655415489e-01 5.511612700558830014e-01 -3.225164206617354146e-01
3.427447415309782530e-02 6.369301311398928300e-01 -3.340057530817083231e-01
8.269868889951625945e-03 6.078094522232247998e-01 -3.365389732276325430e-01
1.028113811593688726e-01 6.322334808637511960e-01 -3.292480367089674065e-01
2.400440171852178117e-01 6.604680509920778375e-01 -3.209008815794607838e-01
2.733308302060710182e-01 5.840574494750375711e-01 -3.191101883223584901e-01
1.697055788902034623e-01 6.204744186852132470e-01 -3.243372174786894879e-01
2.751535119948902430e-01 6.348917962106687130e-01 -3.182882736505143195e-01
3.364522565032033175e-01 5.145454354374779937e-01 -3.156018844121116773e-01
6.778785169110818076e-01 5.570040303990430042e-01 -2.411370161888275188e-01
2.206474406182552805e-02 6.391724820053082956e-01 -3.347357999543223994e-01
5.955231202701682935e-01 5.990235564993185990e-01 -2.536056115063755056e-01
2.303139621383384628e-01 5.222013134477009322e-01 -3.201893674518960231e-01
1.216528575701655984e-01 7.346955454457941848e-01 -3.251206607942374593e-01
9.279440103254343875e-01 9.017745241350747509e-01 -3.258769498305965073e-01
6.989652846665160846e-01 3.032631257176380268e-01 -1.943497818888093032e-01
3.806926235694507166e-01 4.618355686892705592e-01 -3.111153467156260177e-01
6.744421542690421933e-01 4.860952682293259164e-01 -2.426655195449912428e-01
7.248140851874411705e-01 7.633554625312390929e-01 -3.327074535527734800e-01
2.738482933996285174e-01 5.173577966757832991e-01 -3.186304551828653686e-01
3.328114122022658022e-02 8.075777977936592356e-01 -3.210341851104702160e-01
6.922126857153751978e-01 6.630414913477995498e-01 -3.002146145452024850e-01
1.736169042400693974e-01 4.406394811513666965e-01 -3.207897943056330359e-01
9.951921813772719450e-01 5.765192075250276105e-01 -3.360025568363413373e-01
1.352382808801242953e-01 5.712361428597123592e-01 -3.265836454597256244e-01
5.084344783082348496e-01 4.864238716941008955e-01 -2.966083074419895160e-01
2.811574416381227848e-01 7.997231036017840022e-01 -3.164894425750582885e-01
8.251354959022036972e-01 6.844902316959878830e-01 -4.171785543781361127e-01
