9.337889114681247049e-01 5.907128125167047106e-01 -3.519439248902033190e-01
8.230658209494077227e-01 4.577140573482431640e-01 -2.191475268196559911e-01
4.102923262949971228e-01 5.780697934535308224e-01 -3.133603593416469102e-01
2.492566244150579702e-01 4.547461446643317751e-01 -3.178853813768693914e-01
1.620574310814156538e-01 8.421025889989218749e-01 -3.184392376803391600e-01
7.438072401730765337e-01 3.518231663808364384e-01 -2.153730363817434323e-01
1.445061636797667637e-01 9.828897725912634220e-01 -3.159249588527486829e-01
8.517332715815528754e-01 8.055792017076474076e-01 -3.549025330255976551e-01
2.001938607370588319e-01 4.370872345601481967e-01 -3.209591925402149881e-01
3.846038961853066040e-01 6.868005965971305526e-01 -3.168329354730353153e-01
7.243545678490850848e-02 4.319664350098216254e-01 -3.212414607641146391e-01
3.999692913589840138e-01 7.490627908940484803e-01 -3.158320782551026773e-01
3.737653150294195648e-01 4.361293426260257622e-01 -3.150396621363759642e-01
1.567564190811791269e-01 5.479890400085176694e-01 -3.227998118026153551e-01
4.372458309951848809e-02 6.336597426460315319e-01 -3.331684126333139262e-01
1.771245829079702225e-02 6.045174155577178743e-01 -3.354601087979729446e-01
1.122755709757847775e-01 6.290040674311214719e-01 -3.288357119981371035e-01
2.495316109747231781e-01 6.573080566747824260e-01 -3.215098785765357348e-01
2.828236714359136372e-01 5.809132539682345664e-01 -3.198451320280385479e-01
1.791836697766691633e-01 6.172860345885436972e-01 -3.245036811894945195e-01
2.846485171761318211e-01 6.317541415757231826e-01 -3.191561785304091181e-01
3.459547584097631412e-01 5.114305586315951446e-01 -3.167581988331295006e-01
6.875439489308294849e-01 5.544389916329353074e-01 -2.594033158826116181e-01
3.151219156826607498e-02 6.358944131205759298e-01 -3.339812574545312773e-01
6.051594972288787400e-01 5.963514339142497178e-01 -2.704989308546402182e-01
2.398037939395820106e-01 5.190480465094119422e-01 -3.208008910805821845e-01
1.311267301274814390e-01 7.314946488889311205e-01 -3.258241204582359440e-01
9.373916011780571989e-01 8.984968684055268939e-01 -3.339375258487458642e-01
7.087561765431712457e-01 3.012288110272205444e-01 -2.048614091352763678e-01
3.902074689499888116e-01 4.587586030761294231e-01 -3.127711924490084727e-01
6.841123931760437760e-01 4.835484114446769732e-01 -2.575226491947402163e-01
7.342035371702929636e-01 7.599147952323389577e-01 -3.512446479658541398e-01
2.833424509028964478e-01 5.142175780045533662e-01 -3.194262311189652870e-01
4.275825899376987926e-02 8.043865223893122973e-01 -3.248087485413545528e-01
7.017060221154209909e-01 6.598987912355447349e-01 -3.196876074778948751e-01
1.831051269321553598e-01 4.374813756836242185e-01 -3.213107989165366885e-01
4.635826465391401641e-03 5.732302004636732340e-01 -3.351392820997400879e-01
1.447098897486873426e-01 5.680285541328089494e-01 -3.265305865132867580e-01
5.179829347315263455e-01 4.834528483127552567e-01 -3.016565238312930997e-01
2.906558565943476169e-01 7.965957863298455122e-01 -3.180676581995189878e-01
8.251354959022036972e-01 6.844902316959878830e-01 -4.171785543781361127e-01
