9.431787310949659719e-01 5.872731486704273474e-01 -3.511377798569413899e-01
8.328009317591662519e-01 4.554276589748788018e-01 -2.306802808515126257e-01
4.198003428332046649e-01 5.749717906276489154e-01 -3.149829736472869457e-01
2.587528730128285659e-01 4.516122552965747827e-01 -3.187596520890225715e-01
1.715478553690003849e-01 8.389511057224912083e-01 -3.206129418933065245e-01
7.535504549398208685e-01 3.495715522911010953e-01 -2.271086959618331680e-01
1.540039489390739591e-01 9.797605434261036361e-01 -3.182689503730275482e-01
8.610769665186616129e-01 8.020161461478437781e-01 -3.643109544608800765e-01
2.096815534379511403e-01 4.339275372307455081e-01 -3.214785759774611562e-01
3.941024213843457025e-01 6.836736141790125121e-01 -3.180324047515830643e-01
8.192242539492929077e-02 4.288045642672895785e-01 -3.217076618182297953e-01
4.094700707989301081e-01 7.459426642886849423e-01 -3.173107138700264063e-01
3.832692753592647494e-01 4.330189185313517708e-01 -3.162896517598230983e-01
1.662388840583473026e-01 5.448136883812519926e-01 -3.231289886493365904e-01
5.317612125445769083e-02 6.303934869141990527e-01 -3.327311214342165702e-01
2.715711768980141189e-02 6.012313223093760373e-01 -3.348307511787779189e-01
1.217401940135132282e-01 6.257759238851031691e-01 -3.287015370111160961e-01
2.590172520005554757e-01 6.541422053944714321e-01 -3.221272706961799681e-01
2.923143027229639923e-01 5.777623941215798142e-01 -3.205472522088497200e-01
1.886608529713760252e-01 6.140949534717486946e-01 -3.247882479117339405e-01
2.941409504235830141e-01 6.286087145708979529e-01 -3.199748639444216503e-01
3.554539715650935627e-01 5.083056667247289884e-01 -3.178123247394745721e-01
6.971633648074408995e-01 5.517064400427916793e-01 -2.767753596898782642e-01
4.096085719317928142e-02 6.326198569814047712e-01 -3.336094618904065223e-01
6.147554737673237568e-01 5.935376758803008190e-01 -2.852275378818447948e-01
2.492917649849551720e-01 5.158891850939395507e-01 -3.213904721892725802e-01
1.405979545318160051e-01 7.282859251110502807e-01 -3.266504261338637471e-01
9.468157459412870347e-01 8.951523960283518377e-01 -3.410186306070434048e-01
7.185238341613600088e-01 2.990857140499845745e-01 -2.159850525485547679e-01
3.997168927466490107e-01 4.556649225729888508e-01 -3.145284095639210298e-01
6.937415840566787395e-01 4.808505080023172118e-01 -2.731752954567091551e-01
7.435515316713540157e-01 7.563630352730887907e-01 -3.631023318571444669e-01
2.928341597494817372e-01 5.110699657076440694e-01 -3.202050868392612992e-01
5.222426576283088762e-02 8.011624386670601616e-01 -3.282726211487910772e-01
7.111586990722230661e-01 6.566358327083271496e-01 -3.323822886938007648e-01
1.925917593358302815e-01 4.343184963565639434e-01 -3.218139763261106956e-01
1.408101872389748259e-02 5.699456391231200181e-01 -3.346685574450141143e-01
1.541811410285312545e-01 5.648199096847507095e-01 -3.266420502674962090e-01
5.275167766480663989e-01 4.804352568376837329e-01 -3.065372777585274044e-01
3.001496893016115663e-01 7.934545858385547712e-01 -3.195296459668821587e-01
8.251354959022036972e-01 6.844902316959878830e-01 -4.171785543781361127e-01
