9.526149315875944712e-01 5.839628435088269898e-01 -3.373954542829712966e-01
8.425055617492572813e-01 4.530151588701273879e-01 -2.436537010223307764e-01
4.293035067483890188e-01 5.718589341257944714e-01 -3.165455986496116259e-01
2.682464990248892289e-01 4.484704301672709503e-01 -3.195954407656660945e-01
1.810317865855808617e-01 8.357801360475857200e-01 -3.226669132779816929e-01
7.632638826438762347e-01 3.471947219988654743e-01 -2.399798245763014592e-01
1.634948301236787416e-01 9.766104363898721052e-01 -3.204679318255045928e-01
8.703951688482981508e-01 7.983869443976022717e-01 -3.713998278474660020e-01
2.191676122443891039e-01 4.307629379953286652e-01 -3.219952798990007858e-01
4.035974379957033564e-01 6.805359941334936380e-01 -3.191525356249881873e-01
9.140795812427725264e-02 4.256383885235146547e-01 -3.221614766412672637e-01
4.189666181808688328e-01 7.428096804357752214e-01 -3.186642985826126928e-01
3.927694762534144624e-01 4.298970308058246981e-01 -3.174960853748104994e-01
1.757200900667248156e-01 5.416345796025678894e-01 -3.235252359130711963e-01
6.263293200759230406e-02 6.271425285355978207e-01 -3.311130690100611007e-01
3.660966184736005880e-02 5.979679790927645566e-01 -3.324229853237359311e-01
1.312057097662663596e-01 6.225503988837456371e-01 -3.284248835039149661e-01
2.685009308355558177e-01 6.509704809810700210e-01 -3.227464951012535832e-01
3.018027107881112170e-01 5.746048456438445085e-01 -3.212520961874670844e-01
1.981372744717023737e-01 6.109016110929623711e-01 -3.250268581409728741e-01
3.036309012046036759e-01 6.254558057276541350e-01 -3.207631567131272177e-01
3.649499583415144466e-01 5.051709841025103787e-01 -3.188431866962526118e-01
7.067403883337302073e-01 5.488288333328847912e-01 -2.918877829891272646e-01
5.041684583014877097e-02 6.293665081071669887e-01 -3.313658603155106852e-01
6.243151960379700327e-01 5.906031043429024185e-01 -2.978412151811857811e-01
2.587778617757149902e-01 5.127246997208755319e-01 -3.219832767976950061e-01
1.500679494126288260e-01 7.250735744207645883e-01 -3.270333911696415297e-01
9.562200693774585147e-01 8.917525871060920650e-01 -3.468965793784566376e-01
7.282650778780922485e-01 2.968255877589944247e-01 -2.279824385624281413e-01
4.092209758610256265e-01 4.525548736738522204e-01 -3.162501742051304632e-01
7.033307591484527777e-01 4.780136574494504020e-01 -2.876348691566495419e-01
7.528711332842554782e-01 7.527374283202042937e-01 -3.710140745340906876e-01
3.023234299868807762e-01 5.079150092322528565e-01 -3.209789329177955564e-01
6.168073779025078779e-02 7.979104951259412548e-01 -3.312172457971582773e-01
7.205793795011034009e-01 6.532816144302612260e-01 -3.420529623052790402e-01
2.020767363159593211e-01 4.311506561323066311e-01 -3.223369574800641901e-01
2.353585795300400241e-02 5.666889513653285970e-01 -3.317189790200561483e-01
1.636538211090991790e-01 5.616154858533558558e-01 -3.261964599078969740e-01
5.370372585555206468e-01 4.773757757951153646e-01 -3.109341275652863779e-01
3.096392027409236025e-01 7.903003609440495403e-01 -3.209018383159388810e-01
8.251354959022036972e-01 6.844902316959878830e-01 -4.171785543781361127e-01
