9.620662340731573892e-01 5.806959059020777580e-01 -3.328032666667116724e-01
8.521769059834389815e-01 4.504725026401268928e-01 -2.570882944108786039e-01
4.388020582490456678e-01 5.687320316026297506e-01 -3.180239934623450004e-01
2.777375133379166861e-01 4.453207242587918779e-01 -3.204256675793022424e-01
1.905100248423351184e-01 8.325921900712242030e-01 -3.244574570176481654e-01
7.729451144591529266e-01 3.446899763952414042e-01 -2.531704100128470691e-01
1.729794087142901282e-01 9.734414035786635999e-01 -3.224626944215763791e-01
8.796942970864337630e-01 7.947091442384434101e-01 -3.766205868983840133e-01
2.286522297639726475e-01 4.275940216967797913e-01 -3.224504100149060970e-01
4.130891159027278436e-01 6.773882885390482000e-01 -3.202149162271728522e-01
1.008920427834125721e-01 4.224678778109710042e-01 -3.226185199863730313e-01
4.284592019141111874e-01 7.396647076111894092e-01 -3.199270177676384330e-01
4.022660067962324226e-01 4.267639959114569170e-01 -3.186696733257967651e-01
1.852005008241388861e-01 5.384531000928574063e-01 -3.237752917013833054e-01
7.209475666792636295e-02 6.239061920115178683e-01 -3.295673072476252297e-01
4.606892749828733757e-02 5.947241706296787500e-01 -3.303571072532828223e-01
1.406738145569040865e-01 6.193324815955757456e-01 -3.276212640629583839e-01
2.779831454341191721e-01 6.477943817529613346e-01 -3.232078300386198588e-01
3.112891927990943386e-01 5.714415152698093525e-01 -3.218615222339648030e-01
2.076139464017522362e-01 6.077090119746568764e-01 -3.249484265663926119e-01
3.131186524297865370e-01 6.222962841358555819e-01 -3.214600533431731799e-01
3.744428378958334358e-01 5.020269043059415459e-01 -3.198329428427627019e-01
7.162793010472928712e-01 5.458273096792993773e-01 -3.048523803227288220e-01
5.987861984877150545e-02 6.261300235296484162e-01 -3.295829547405904614e-01
6.338426042163352037e-01 5.875652607980796915e-01 -3.086622236072932290e-01
2.682624653401906589e-01 5.095557416547699114e-01 -3.224548137335927489e-01
1.595373945424855555e-01 7.218596035228515007e-01 -3.272044846784814554e-01
9.656083747824364405e-01 8.883087924515197242e-01 -3.515777394611530049e-01
7.379770858373094766e-01 2.944429628619322781e-01 -2.405764242876376191e-01
4.187199973595712166e-01 4.494293992186425557e-01 -3.178736513157578436e-01
7.128829907974360003e-01 4.750547944035893311e-01 -3.003832363145709228e-01
7.621699123086211891e-01 7.490587453145598484e-01 -3.767155273099493940e-01
3.118106342991532887e-01 5.047538457854823246e-01 -3.216331082907504246e-01
7.112938844427822704e-02 7.946358957889005925e-01 -3.336140337427083713e-01
7.299734942954805295e-01 6.498536985575968927e-01 -3.498869266738099393e-01
2.115604471598794278e-01 4.279790274294297814e-01 -3.227364029877676788e-01
3.299727744682878078e-02 5.634514305295852399e-01 -3.296924772926943525e-01
1.731280041864671770e-01 5.584155085071057512e-01 -3.257270961904160100e-01
5.465457404114398843e-01 4.742792014304899051e-01 -3.148327397583620679e-01
3.191248555910699558e-01 7.871345450924071008e-01 -3.221235357196634563e-01
8.251354959022036972e-01 6.844902316959878830e-01 -4.171785543781361127e-01
