9.715253585608881748e-01 5.774516858223650573e-01 -3.304006222272073967e-01
8.618140469770407819e-01 4.478031368972132942e-01 -2.702128551996083594e-01
4.482963669842330301e-01 5.655922702039013483e-01 -3.193780679344632167e-01
2.872261763356916409e-01 4.421639419548220595e-01 -3.211713488727135912e-01
1.999834225731206838e-01 8.293898884873088795e-01 -3.259724296371697139e-01
7.825931925226174979e-01 3.420604156560126397e-01 -2.660848287517971755e-01
1.824584114705652405e-01 9.702557314758681883e-01 -3.242175620293730187e-01
8.889790057309985283e-01 7.909950918174961654e-01 -3.805220649443485925e-01
2.381356726647245736e-01 4.244215919106099633e-01 -3.228208735734252044e-01
4.225777908506813119e-01 6.742315421551775545e-01 -3.211675632944406833e-01
1.103749560784038630e-01 4.192938652968687951e-01 -3.229877720448401379e-01
4.379481762610177853e-01 7.365088613152255270e-01 -3.210727056129477619e-01
4.117591162960944629e-01 4.236206104715801168e-01 -3.197597987268829267e-01
1.946805605252548976e-01 5.352705746706060141e-01 -3.238856172908377573e-01
8.156053122255915722e-02 6.206814265811545495e-01 -3.283446384723867628e-01
5.553317443692205174e-02 5.914949246055202225e-01 -3.288180234300409066e-01
1.501442273142543082e-01 6.161213630668668229e-01 -3.269032818711969379e-01
2.874642787199941374e-01 6.446150560987583544e-01 -3.235481102552660304e-01
3.207741137436462275e-01 5.682735072717763902e-01 -3.223546459016145560e-01
2.170909731569999612e-01 6.045174662863862514e-01 -3.248372683116088067e-01
3.226045215355684004e-01 6.191311163191397515e-01 -3.220552191209312687e-01
3.839329129680999486e-01 4.988743695919779508e-01 -3.207237332388797046e-01
7.257843334705857963e-01 5.427201632984300916e-01 -3.159447924803447383e-01
6.934442807243275386e-02 6.229053569309335181e-01 -3.283341975441618210e-01
6.433414148672182975e-01 5.844391456020785469e-01 -3.179411054111726531e-01
2.777458823980347713e-01 5.063832346166389220e-01 -3.228290195671578156e-01
1.690063886036103358e-01 7.186443039302188307e-01 -3.273448019141259047e-01
9.749840134878839937e-01 8.848306609323109972e-01 -3.552376124715087014e-01
7.476579162267412704e-01 2.919366661973187282e-01 -2.533306265197173834e-01
4.282144289934989856e-01 4.462900094772004889e-01 -3.193389229170422450e-01
7.224019755680785027e-01 4.719906584835825702e-01 -3.114230989660425886e-01
7.714525656249658914e-01 7.453395589238885899e-01 -3.810750750708188916e-01
3.212960874315702875e-01 5.015874315875732403e-01 -3.221866154649342118e-01
8.057170835349156124e-02 7.913430862389762011e-01 -3.355419608634878093e-01
7.393450787748302444e-01 6.463646579521566959e-01 -3.564014205611235608e-01
2.210431848510053254e-01 4.248044903165107411e-01 -3.230430929844763654e-01
4.246314050889576919e-02 5.602269249100838566e-01 -3.283171912047788688e-01
1.826033409040840327e-01 5.552189487801834078e-01 -3.253663884439748633e-01
5.560435845683474598e-01 4.711501510360257550e-01 -3.182501280753561868e-01
3.286071611339950738e-01 7.839587173907501816e-01 -3.231791948345989485e-01
8.251354959022036972e-01 6.844902316959878830e-01 -4.171785543781361127e-01
