9.809895250527319588e-01 5.742222040350403178e-01 -3.288429344630874884e-01
8.714174600004683802e-01 4.450148653355714412e-01 -2.825726141662195934e-01
4.577868969398327659e-01 5.624411051555637808e-01 -3.205794105872450950e-01
2.967128169921366965e-01 4.390010873809468417e-01 -3.218113670572733120e-01
2.094527176341804964e-01 8.261754754698843461e-01 -3.272511741104953686e-01
7.922082881622427575e-01 3.393127009981818376e-01 -2.783520115880371293e-01
1.919325712778330306e-01 9.670556852345848498e-01 -3.257343680699341659e-01
8.982526029956149349e-01 7.872533818108683468e-01 -3.835026780822010650e-01
2.476181777951345364e-01 4.212463601943806646e-01 -3.231163431206869330e-01
4.320638542276502569e-01 6.710669566202095426e-01 -3.219938356273844837e-01
1.198570106647676714e-01 4.161172883937831468e-01 -3.232582063512774440e-01
4.474339608759508868e-01 7.333434402943976860e-01 -3.220819120087213272e-01
4.212491611832232530e-01 4.204679848927520558e-01 -3.207333079796793052e-01
2.041603823537964102e-01 5.320873407647945807e-01 -3.239603523105358818e-01
9.102916599996642433e-02 6.174650690991457802e-01 -3.274565254444577467e-01
6.500096212678840857e-02 5.882760744599534464e-01 -3.277197920195387137e-01
1.596163229703103092e-01 6.129152121218043314e-01 -3.263787912996031770e-01
2.969444957248484340e-01 6.414329992889463705e-01 -3.238361863203388924e-01
3.302576977805503078e-01 5.651014994194881735e-01 -3.227763822693353601e-01
2.265681822076735796e-01 6.013264619601857985e-01 -3.247801452415408074e-01
3.320887533913760015e-01 6.159610459563111817e-01 -3.225720899603212732e-01
3.934205201197848445e-01 4.957144153936868802e-01 -3.215056500042594023e-01
7.352594779136503167e-01 5.395230336821861261e-01 -3.254265335470666876e-01
7.881301925932432395e-02 6.196888711256610671e-01 -3.274700779324518085e-01
6.528150840770514662e-01 5.812376472493289148e-01 -3.258876427761978611e-01
2.872282849862867193e-01 5.032076966851518618e-01 -3.231486359493396243e-01
1.784748595817667871e-01 7.154274642799084427e-01 -3.275074485694333126e-01
9.843496797302404566e-01 8.813257649514316672e-01 -3.580938109646316647e-01
7.573066343276898538e-01 2.893094549366039825e-01 -2.658413190538773674e-01
4.377048015907909484e-01 4.431383705441103715e-01 -3.206293433816548855e-01
7.319244769622688107e-01 4.689374688075806930e-01 -3.102733732876666872e-01
7.807222806200736498e-01 7.415882413007760521e-01 -3.845389131938631855e-01
3.307800098516454623e-01 4.984164356036598353e-01 -3.226696873407087218e-01
9.000889213489389473e-02 7.880355853280107681e-01 -3.370982897073276918e-01
7.486973943882471172e-01 6.428242917751859631e-01 -3.618837658761715481e-01
2.305251169646213849e-01 4.216275478567270696e-01 -3.232967590779557976e-01
5.193207114032693389e-02 5.570114385243025712e-01 -3.273645288009561782e-01
1.920794376785973923e-01 5.520246429213061523e-01 -3.251285311826384028e-01
5.655321067162762949e-01 4.679929453968148523e-01 -3.212159640501246471e-01
3.380865793683227594e-01 7.807742818145928521e-01 -3.240871158664810348e-01
8.251354959022036972e-01 6.844902316959878830e-01 -4.171785543781361127e-01
