9.904571486343589637e-01 5.710028712289109132e-01 -3.277707716951954175e-01
8.809987569843048538e-01 4.421515197211673409e-01 -2.903990206666473561e-01
4.672741090859685587e-01 5.592799652196840388e-01 -3.216306301232835230e-01
3.061977058220329839e-01 4.358329832342198729e-01 -3.223647829240942064e-01
2.189185211417647436e-01 8.229507950274519423e-01 -3.283356600416715843e-01
8.018014780969668909e-01 3.364894569640416999e-01 -2.862162206817743804e-01
2.014025609453538868e-01 9.638433191755797491e-01 -3.270350140558028751e-01
9.075174741592967331e-01 7.834901169623122996e-01 -3.858280948013076972e-01
2.570998838353966143e-01 4.180687430736346744e-01 -3.233679121928315636e-01
4.415476451155179727e-01 6.678955672724320447e-01 -3.227111645454414091e-01
1.293383896930140886e-01 4.129386956670046405e-01 -3.234708074789272025e-01
4.569169621126683567e-01 7.301696905335602894e-01 -3.229600640991576177e-01
4.307365052349531043e-01 4.173072408594418747e-01 -3.215889002861910262e-01
2.136399223281338633e-01 5.289032676068822214e-01 -3.240488839930988352e-01
1.004997760172721410e-01 6.142545323994476059e-01 -3.268418460113122204e-01
7.447121368933934393e-02 5.850644805656384229e-01 -3.269534771122846739e-01
1.690895331510429422e-01 6.097123557604194888e-01 -3.260309918317244038e-01
3.064238471192851088e-01 6.382483647509199498e-01 -3.241081047674558291e-01
3.397400719249686896e-01 5.619258765537710199e-01 -3.231575929997058116e-01
2.360453640574753653e-01 5.981353768491636247e-01 -3.247886693689774340e-01
3.415715195961252504e-01 6.127865940184066273e-01 -3.230341108857168186e-01
4.029059557329721097e-01 4.925479487148667346e-01 -3.221921482485354260e-01
7.447170884660825330e-01 5.362744027954089443e-01 -3.308669613682000965e-01
8.828349566762787315e-02 6.164779403260695068e-01 -3.268834592413585871e-01
6.622754273230592181e-01 5.779969828625532990e-01 -3.300247455962954102e-01
2.967097550962551344e-01 5.000293756576633664e-01 -3.234421515224271682e-01
1.879427132529521982e-01 7.122088082154894861e-01 -3.276992929887375117e-01
9.937074502460397918e-01 8.777998422390572708e-01 -3.603398433493069097e-01
7.669280876184035867e-01 2.865840858653378453e-01 -2.760287698678258739e-01
4.471916175962041828e-01 4.399760419591219329e-01 -3.217559223488037357e-01
7.414344652052859974e-01 4.658455238504906615e-01 -3.143459069668773642e-01
7.899813875964299958e-01 7.378108165165627730e-01 -3.873569168277841146e-01
3.402625510436746992e-01 4.952413115838035229e-01 -3.231049857666178915e-01
9.944186900020735020e-02 7.847161053298090660e-01 -3.383679223142154746e-01
7.580369887137154983e-01 6.392505013734305352e-01 -3.654600926687822660e-01
2.400063138622679781e-01 4.184484119068097585e-01 -3.235281017137167092e-01
6.140310271837554068e-02 5.538021456352683058e-01 -3.267105151912469974e-01
2.015559473410230840e-01 5.488315621803989686e-01 -3.249992489150605457e-01
5.750142088980955135e-01 4.648165105692859678e-01 -3.232432227631892863e-01
3.475634929247117810e-01 7.775824000115291179e-01 -3.248727347937835908e-01
8.251354959022036972e-01 6.844902316959878830e-01 -4.171785543781361127e-01
