9.999271479396341089e-01 5.677905335819489752e-01 -3.270320138383023822e-01
8.905609829785463560e-01 4.392251168037528686e-01 -2.969868441334408971e-01
4.767585980848362825e-01 5.561106642825124347e-01 -3.224909642310220814e-01
3.156810400150241169e-01 4.326602285030681783e-01 -3.228551382226265143e-01
2.283813331050139894e-01 8.197173464430165257e-01 -3.292621030125673642e-01
8.113741556400834165e-01 3.335974257305465152e-01 -2.933942838799732389e-01
2.108689676298219906e-01 9.606204098556860860e-01 -3.281485585341851197e-01
9.167753767362983863e-01 7.797097413361679941e-01 -3.876756337240054306e-01
2.665808452857835742e-01 4.148889050311745375e-01 -3.236021536786479191e-01
4.510294603919137724e-01 6.647182761204746271e-01 -3.233335336844289642e-01
1.388191592768641125e-01 4.097582856151489872e-01 -3.236624867140976414e-01
4.663975420506166758e-01 7.269887152051159873e-01 -3.237221108023374261e-01
4.402215000001263867e-01 4.141394538867059771e-01 -3.223313431837343535e-01
2.231190863051068785e-01 5.257180752582700789e-01 -3.241669501542988052e-01
1.099716827099845584e-01 6.110478232444804814e-01 -3.264377239257856833e-01
8.394312800345515857e-02 5.818577939226925455e-01 -3.264353472119080335e-01
1.785633995948162356e-01 6.065114411090195556e-01 -3.258260303997675411e-01
3.159023393411063974e-01 6.350611739500934272e-01 -3.243777834119541681e-01
3.492213264430525377e-01 5.587469124515335173e-01 -3.235099766647961395e-01
2.455223314588865224e-01 5.949436549200805002e-01 -3.248558650053748331e-01
3.510529620689010200e-01 6.096081905456794958e-01 -3.234508469417919363e-01
4.123894882986453014e-01 4.893757869794225224e-01 -3.227926085792448552e-01
7.541606204971113003e-01 5.329850711339715330e-01 -3.351736546352361845e-01
9.775519316630899846e-02 6.132706133247368685e-01 -3.265029540012394094e-01
6.717239643541554894e-01 5.747220556920651369e-01 -3.336487302756495077e-01
3.061903296051677881e-01 4.968483841485650809e-01 -3.237238175184565248e-01
1.974098685929888963e-01 7.089880987024140824e-01 -3.279161873823071560e-01
3.058902252464523741e-03 8.742571955770919168e-01 -3.621276188826559328e-01
7.765255148093557214e-01 2.837752798353009309e-01 -2.847115268738995564e-01
4.566755914876398093e-01 4.368051999216550074e-01 -3.226534550243826405e-01
7.509295178199177911e-01 4.627080127596141512e-01 -3.191410607176450309e-01
7.992326912935369121e-01 7.340143207765550404e-01 -3.894174814887242375e-01
3.497438493058371844e-01 4.920624779511773572e-01 -3.234962159003141879e-01
1.088713546971843693e-01 7.813867210788542073e-01 -3.394180770127549485e-01
7.673668496086079038e-01 6.356513770796673457e-01 -3.681740311484107964e-01
2.494867915165444039e-01 4.152671317483255242e-01 -3.237542640763180213e-01
7.087552247032785635e-02 5.505969523426845758e-01 -3.262776905369466074e-01
2.110325848249298697e-01 5.456388608165672061e-01 -3.249592157667375303e-01
5.844911199415601111e-01 4.616246213051888869e-01 -3.248735220790368583e-01
3.570382147917777749e-01 7.743840183048309456e-01 -3.255586812289375520e-01
8.251354959022036972e-01 6.844902316959878830e-01 -4.171785543781361127e-01
