9.398735768180399575e-03 5.645828827271744954e-01 -3.265371458994482112e-01
9.001049202455643217e-01 4.362396082301215339e-01 -3.031739018763306426e-01
4.862407908050068173e-01 5.529344997374132653e-01 -3.232147184152905361e-01
3.251629980736842063e-01 4.294833634801547562e-01 -3.232885923073670065e-01
2.378415598360650307e-01 8.164763419386834586e-01 -3.300606977433790945e-01
8.209272099776069309e-01 3.306412199149236786e-01 -3.001050692959770227e-01
2.203322886626458699e-01 9.573884514664562362e-01 -3.291046281387820516e-01
9.260278863562679819e-01 7.759161855197378443e-01 -3.890997174146447191e-01
2.760610765281214518e-01 4.117068906390321525e-01 -3.238317119883964978e-01
4.605095344918573308e-01 6.615357935895596064e-01 -3.238810929201975108e-01
1.482993200631213537e-01 4.065760613196741091e-01 -3.238538532323324559e-01
4.758760039570243960e-01 7.238014342496967846e-01 -3.243872949180864329e-01
4.497044924831672397e-01 4.109656779704524143e-01 -3.229628222373900903e-01
2.325977817979029694e-01 5.225314890355472475e-01 -3.243139998895733789e-01
1.194443699040606405e-01 6.078434204415876785e-01 -3.261942399982150076e-01
9.341610220807337883e-02 5.786542396904938990e-01 -3.261046605767605189e-01
1.880375642195870056e-01 6.033114091306258642e-01 -3.257328626186491993e-01
3.253799698415065222e-01 6.318714215932661471e-01 -3.246480450074047397e-01
3.587015272909649943e-01 5.555648075061805358e-01 -3.238412637971541663e-01
2.549989357059624928e-01 5.917508549037465704e-01 -3.249696258594892417e-01
3.605331885016658799e-01 6.064261618243278473e-01 -3.238332234718779845e-01
4.218713724444442259e-01 4.861987013580319483e-01 -3.233118574742862572e-01
7.635913853190838818e-01 5.296593118413219781e-01 -3.390336750922154363e-01
1.072276115431693155e-01 6.100654159682985522e-01 -3.262781195566638592e-01
6.811615610009488231e-01 5.714157330320038808e-01 -3.369734404772095071e-01
3.156700326911315302e-01 4.936647966435686041e-01 -3.239976527372647741e-01
2.068762635279993434e-01 7.057651548719372503e-01 -3.281522041206977325e-01
1.240531176302520251e-02 8.707012668290851076e-01 -3.635483250736060712e-01
7.861010392006003711e-01 2.808926885301243348e-01 -2.924082980849382896e-01
4.661571950231910288e-01 4.336272769530129523e-01 -3.234001689985160910e-01
7.604098066009108425e-01 4.595261697985335569e-01 -3.238136290390290495e-01
8.084781004237721058e-01 7.302034927806251297e-01 -3.909671896112012490e-01
3.592240067870036135e-01 4.888802438095271041e-01 -3.238548918409876465e-01
1.182979190866992741e-01 7.780490746310815275e-01 -3.402944213426865594e-01
7.766884442361879914e-01 6.320308973325797774e-01 -3.704639804734384256e-01
2.589665451567469967e-01 4.120836947816076123e-01 -3.239817727169940209e-01
8.034879350714535517e-02 5.473942759832947091e-01 -3.260119907314241172e-01
2.205091252080070563e-01 5.424458712506733393e-01 -3.249896277709073411e-01
5.939635165957407592e-01 4.584193597517634000e-01 -3.262848968186307652e-01
3.665109999155158338e-01 7.711799050110338394e-01 -3.261636776463442966e-01
8.251354959022036972e-01 6.844902316959878830e-01 -4.171785543781361127e-01
