1.887132364892689373e-02 5.613781863544217154e-01 -3.262252313518684832e-01
9.096312082881760075e-01 4.331982539052862680e-01 -3.090307379293487089e-01
4.957209868586902601e-01 5.497523805090176463e-01 -3.238427704156772724e-01
3.346437168121011996e-01 4.263028018626052740e-01 -3.236784734015615839e-01
2.472995337228985346e-01 8.132287690055570728e-01 -3.307551008382740854e-01
8.304616490231764292e-01 3.276255156710827232e-01 -3.063393332004250569e-01
2.297929393438970513e-01 9.541486847021132256e-01 -3.299298644885281240e-01
9.352762224143629233e-01 7.721124662666197791e-01 -3.901984169922161350e-01
2.855405723577516541e-01 4.085226860576611774e-01 -3.240627479321652182e-01
4.699880481662520038e-01 6.583486665879619837e-01 -3.243710524725693656e-01
1.577788466341804030e-01 4.033919482581472815e-01 -3.240530934423708764e-01
4.853525942118313563e-01 7.206085927029711735e-01 -3.249740082755233073e-01
4.591857517037793990e-01 4.077867278935312645e-01 -3.235084973971679156e-01
2.420759289847025375e-01 5.193432723074430379e-01 -3.244860227738620151e-01
1.289174449745312256e-01 6.046401644872143599e-01 -3.260731735030280021e-01
1.028896789515753724e-01 5.754524677303165525e-01 -3.259165237469109355e-01
1.975117513826691595e-01 6.001114438809881380e-01 -3.257258193932925927e-01
3.348567343575071242e-01 6.286790973133296045e-01 -3.249194251375741027e-01
3.681807235876379258e-01 5.523797113429318451e-01 -3.241568031413707418e-01
2.644750606402700988e-01 5.885566325837767732e-01 -3.251197154449688154e-01
3.700122811555703883e-01 6.032407572254279149e-01 -3.241893414840493759e-01
4.313517963407284550e-01 4.830172610007781864e-01 -3.237711618772057265e-01
7.730103283465893371e-01 5.263002178794615737e-01 -3.425705611518722327e-01
1.167003713268801590e-01 6.068612277590775816e-01 -3.261715861466488731e-01
6.905890389898776682e-01 5.680806679999149678e-01 -3.400205898092908963e-01
3.251488769772261089e-01 4.904786530498220221e-01 -3.242673030099880727e-01
2.163418550314389066e-01 7.025398521745128688e-01 -3.284013979327678467e-01
2.174769016983254741e-02 8.671347607371205912e-01 -3.646802703741908736e-01
7.956562527200724544e-01 2.779434692101521165e-01 -2.993738156426816732e-01
4.756367356020378967e-01 4.304432055948309022e-01 -3.240486941389203457e-01
7.698760917277693849e-01 4.563029034587754995e-01 -3.281862731780283982e-01
8.177187975655201280e-01 7.263812530792864708e-01 -3.922018145550677515e-01
3.687030915567818257e-01 4.856948157492251283e-01 -3.241918165534056762e-01
1.277220178785218596e-01 7.747044727172556211e-01 -3.410323758295628060e-01
7.860026994872011397e-01 6.283915774621954276e-01 -3.724859024143348241e-01
2.684455597153489470e-01 4.088980577969823504e-01 -3.242138571936232783e-01
8.982250824438559045e-02 5.441929123554952730e-01 -3.258734218208871325e-01
2.299853927116202457e-01 5.392520719144650032e-01 -3.250750789946778019e-01
6.034318795415517522e-01 4.552022021357311488e-01 -3.275410302888608349e-01
3.759820554491655198e-01 7.679706828188939127e-01 -3.267030506606504736e-01
8.251354959022036972e-01 6.844902316959878830e-01 -4.171785543781361127e-01
