2.834446658205791100e-02 5.581751310991271975e-01 -3.260519873139106628e-01
9.191406621870894522e-01 4.301046659326500099e-01 -3.145186791785845037e-01
5.051994007747079296e-01 5.465649568414387982e-01 -3.244023514243373207e-01
3.441232897291465198e-01 4.231188267825486959e-01 -3.240385377436348913e-01
2.567555273314270914e-01 8.099754345813904299e-01 -3.313643321762667626e-01
8.399785438464810738e-01 3.245548947367833392e-01 -3.121044453687406572e-01
2.392512639215832182e-01 9.509021332728058162e-01 -3.306470983323974711e-01
9.445212595723381233e-01 7.683007359577366246e-01 -3.910647873585482714e-01
2.950193170588903402e-01 4.053362462119029508e-01 -3.242985571965600333e-01
4.794651409601147773e-01 6.551573170025178916e-01 -3.248165759416993814e-01
1.672577050040791324e-01 4.002058465643213436e-01 -3.242628826515287499e-01
4.948275105326117029e-01 7.174107870937743714e-01 -3.254978782209339006e-01
4.686654679788831990e-01 4.046031796618357324e-01 -3.239935098571311012e-01
2.515534602529375663e-01 5.161532251197626930e-01 -3.246791532465929109e-01
1.383906089705412568e-01 6.014371715267632368e-01 -3.260454113787026875e-01
1.123635099029966639e-01 5.722514480327994812e-01 -3.258371184085038230e-01
2.069857497532626156e-01 5.969109197248548826e-01 -3.257848125348076773e-01
3.443326282493447965e-01 6.254841896541578627e-01 -3.251920390541658823e-01
3.776589469841983293e-01 5.491917211853410974e-01 -3.244621183547665155e-01
2.739506149394966839e-01 5.853607178911718334e-01 -3.252983141443021586e-01
3.794902976343185741e-01 6.000521519459087738e-01 -3.245270175048343142e-01
4.408308895477922595e-01 4.798318580479640771e-01 -3.241891678296851542e-01
7.824183224988998653e-01 5.229105798412500006e-01 -3.458152790007354982e-01
1.261731839288660062e-01 6.036571957043599390e-01 -3.261551016087176347e-01
7.000071802516828479e-01 5.647193267240724346e-01 -3.428091664409842476e-01
3.346268645586727430e-01 4.872899618753833151e-01 -3.245360800603498963e-01
2.258066147756305486e-01 6.993121094671816973e-01 -3.286591860595021730e-01
3.108681163664107211e-02 8.635597348311729871e-01 -3.655923827259864312e-01
8.051925000819881717e-01 2.749334881051688773e-01 -3.057391305057111652e-01
4.851144258909449447e-01 4.272536308915895198e-01 -3.246293005516502350e-01
7.793292688150202929e-01 4.530413941521699295e-01 -3.322289795012284275e-01
8.269555500233889411e-01 7.225494905563664139e-01 -3.932325651126067911e-01
3.781811459501328021e-01 4.825063231717396373e-01 -3.245151266404882606e-01
1.371440101822918589e-01 7.713539412627399283e-01 -3.416616352833099501e-01
7.953103254424396251e-01 6.247353363490616429e-01 -3.743032524344289680e-01
2.779238140641122068e-01 4.057101596649601571e-01 -3.244524092126196413e-01
9.929635606812943494e-02 5.409919425942285587e-01 -3.258318474462020831e-01
2.394612493615171089e-01 5.360570538001806495e-01 -3.252036955090595316e-01
6.128965882868471216e-01 4.519743098874164922e-01 -3.286749858674676283e-01
3.854515493086242972e-01 7.647568554984437439e-01 -3.271893225341843126e-01
8.251354959022036972e-01 6.844902316959878830e-01 -4.171785543781361127e-01
