9.896864725689856757e-01 3.878329047996669221e-01 1.854752839724408631e+00
8.768162001868181621e-01 2.266117554921279753e-01 1.079421462564469358e+00
9.738457834198936958e-01 3.683357294311907504e-01 1.301139798835885486e+00
5.706271101484647890e-01 5.409532382097410608e-01 -2.502810955399458859e+00
3.859191343615905323e-01 1.389724128614415743e-01 2.814087994124130354e+00
2.772762636674304115e-01 9.695781125814493251e-01 2.171233810199970193e+00
8.976909962986157066e-01 8.938525292309507098e-02 7.762067047403986564e-02
3.464687442871068335e-01 6.603490799010780510e-01 4.652936217034153721e-01
8.180863991200922891e-01 8.562758265197100149e-01 1.544175209516889247e+00
6.485299414484371194e-01 2.053725299533618598e-01 2.360928333245199795e+00
8.167527355687701496e-01 4.744810335397064982e-02 1.092753488016335872e-01
5.555295904470350932e-01 2.501706679157620350e-01 -3.001865087550062317e+00
3.829775956211508570e-01 8.075384013347703949e-01 -2.701029187830658262e+00
2.786837045677416080e-01 4.406856647179239195e-01 7.537303247170168419e-02
2.707112965769942203e-01 7.438720648094572230e-01 1.497575317706178133e+00
8.090507506862016918e-01 2.949518572951316253e-01 5.334969808035077143e-01
9.267608914316073365e-01 3.563223473031930100e-01 2.762166784005160913e+00
7.491766406836664061e-01 2.282692331784701434e-01 5.207083096850562143e-02
5.084350684518700314e-01 2.324679760258530070e-01 -2.685293542829177760e+00
3.783825329371914847e-01 6.232101294527301327e-01 -2.225144331756957250e+00
2.466634568275225536e-01 7.485328759028536671e-01 3.309717916713821317e-01
6.778422815452996852e-01 7.539653708911449037e-01 2.644883531925764864e+00
7.987221129751259641e-01 5.561197739185826938e-01 1.477128920720351068e+00
9.780800801071852790e-01 6.817566323579650200e-01 -2.452350642267585368e+00
5.370878149849911409e-01 7.507474079078622076e-01 2.111808994876990475e+00
4.317096505295145992e-01 2.976392275582206981e-02 1.426183211941142837e+00
9.160502689820172462e-01 1.551034978484289173e-02 9.125469282052938169e-01
3.232085350492130971e-02 1.687679403597532879e-01 3.141345865604415089e+00
4.717442509332758771e-02 2.765427520880873180e-01 -3.464355038699018507e-01
6.985702518706956576e-01 1.993105603956533134e-01 -2.064615309039863789e+00
9.189675413786790870e-01 1.577417305639272627e-01 2.464545920225186038e+00
6.879957262807143703e-01 3.173504695236479822e-01 1.811693481452422816e+00
9.343907810905820455e-01 4.779613569311724763e-01 -2.419271197909089732e+00
7.165913380573263325e-01 8.349230305469003133e-01 -1.645310879198977005e+00
9.466859881366518348e-01 9.584554037389247938e-01 2.582020742177231654e+00
9.413270865588481140e-01 2.815065555896761884e-01 2.641903010480128877e-01
6.997570965502754037e-01 6.092396701583588925e-01 -1.140017181854130701e+00
8.769577274887262464e-01 2.529996333114948870e-01 -2.970943577949016756e+00
6.943501997206388276e-01 4.996065193213155009e-01 1.436607021984350752e+00
1.908427769382681216e-01 4.034741197877038665e-01 3.053697883057781226e+00
5.453952795904419837e-01 7.236818614038513786e-01 2.758409095153420587e+00
1.290469463860725030e-01 4.851024423922525308e-01 2.152248856962626355e+00
7.908573895631024753e-01 6.369604336563816638e-01 6.819783361489033524e-01
5.117589657246205403e-01 5.092405524388219362e-01 2.613750292569335443e+00
5.638917074588238876e-01 3.936453741544816420e-01 2.437634003448970077e+00
7.989522728805307228e-01 5.058914365943468772e-01 -2.482806766123690778e-02
4.210024424811438237e-01 3.144486170907612177e-02 -3.104448651316453756e-01
9.286808619094465422e-01 5.610733456335647018e-01 -2.875342185844190990e+00
