9.927493365573484274e-01 3.973522989079487644e-01 1.259506845470375946e+00
8.846410676349242275e-01 2.328384279116125777e-01 6.721467729531842572e-01
9.805337137506630052e-01 3.757702158217073318e-01 8.382121977717447159e-01
5.646803492568268634e-01 5.329135843056426181e-01 -2.207659023915934160e+00
3.799534488983355440e-01 1.469980341429068249e-01 2.210014982671072659e+00
2.708570398921715250e-01 9.772458088536780663e-01 2.267799081707416953e+00
9.029916901018965047e-01 9.786479567042885575e-02 1.012113942707858261e+00
3.489291052964136330e-01 6.700416865527420995e-01 1.322207818994434625e+00
8.145316861132058106e-01 8.656226984798189861e-01 1.934214579348016327e+00
6.430985336322392332e-01 2.137689463993312222e-01 2.144969551728123314e+00
8.212726428756000896e-01 5.636832969289643641e-02 1.101800542066149191e+00
5.483905687337642387e-01 2.571731224123972592e-01 2.365851400782744030e+00
3.831914912945894591e-01 8.175361135051063544e-01 1.549405128112193442e+00
2.804916055183784840e-01 4.505208817543032707e-01 1.389006602149813530e+00
2.714716118027404312e-01 7.538431189542053046e-01 1.494691359261247854e+00
8.060967973805709397e-01 3.045056083840051997e-01 1.870665615181263952e+00
9.310053195880829691e-01 3.653768947587269778e-01 1.132449894112036004e+00
7.437074872495427202e-01 2.366411123411201189e-01 2.149471566131263778e+00
5.004320341961840946e-01 2.384639282189844889e-01 2.498597424708720816e+00
3.764381992091761497e-01 6.330192867230618470e-01 1.766476092599494674e+00
2.525374282466601450e-01 7.566258642117019706e-01 9.429574433314686921e-01
6.678570482819007337e-01 7.534221244686889474e-01 3.195944051562618071e+00
7.935930497574836817e-01 5.647042197661275020e-01 2.109363273345970402e+00
9.681510804657667002e-01 6.805671088732411222e-01 -3.022357981170526120e+00
2.199724926888794174e-01 2.199724926888794174e-01 2.170793345942892749e+00
7.706789683909789357e-01 7.706789683909789357e-01 6.416501884318090987e-01
9.104599198219840428e-01 2.380179093032032400e-02 2.164017717399085772e+00
3.458484873760152289e-02 1.785082856096097403e-01 1.342416698696663691e+00
4.911982837706352356e-02 2.863516972945623351e-01 1.375007523358265482e+00
6.903244501924782339e-01 2.049680116489568937e-01 2.540256037766487118e+00
9.220018122462317889e-01 1.672702771636097596e-01 1.262509070201309536e+00
6.827848230111611683e-01 3.258854848789569103e-01 2.118924255144114976e+00
9.406097314657155817e-01 4.857923630115957292e-01 8.996360262618896542e-01
7.076691282882510148e-01 8.394390213392534106e-01 -3.610149427144251355e+00
9.455614799894255240e-01 9.683919766605523227e-01 1.683485493901728303e+00
9.431995188280113407e-01 2.913296914126909387e-01 1.382441343381830112e+00
6.909654528521229633e-01 6.140048565224726085e-01 2.644902065420582815e+00
8.806962288452889753e-01 2.622745245565165084e-01 1.187639622998569067e+00
6.870374082393682080e-01 5.064273023226618653e-01 2.390991765404994140e+00
1.921161000181858536e-01 4.133927209155922600e-01 1.443117399755636576e+00
5.303952799531546081e-01 7.236785627104991292e-01 3.141812566481715585e+00
1.423817514145801488e-01 4.782334559421503872e-01 -4.756680420385012709e-01
7.958123318191981932e-01 6.228024483746137374e-01 -1.234143693901458505e+00
5.267011352163015747e-01 5.079246607708354233e-01 -8.783902413782757046e-02
5.781248482403037459e-01 3.889106404244210280e-01 -3.211404542050868560e-01
7.927265395597222764e-01 5.195384232440866112e-01 1.998792864108414946e+00
4.335507540110067892e-01 2.322659682228232769e-02 -5.798331026809655508e-01
9.252369778362788955e-01 5.464740421402269899e-01 -1.802455069861404358e+00
