9.914618245968673804e-01 4.072690681878916030e-01 1.699905918132470717e+00
8.824204314091503853e-01 2.425887496884966965e-01 1.794726755148330133e+00
9.807140742680999779e-01 3.857685891935988542e-01 1.552759297055941179e+00
2.904069458123802461e-01 2.904069458123802461e-01 1.349769017510280555e+00
3.710618634033128749e-01 1.515740266455998242e-01 2.666299361226140974e+00
2.674143152643840837e-01 9.866345066940191977e-01 1.922260094205257897e+00
9.081773257324252668e-01 1.064151864864904679e-01 1.025626200016174217e+00
3.537775292427542406e-01 6.787877019447107196e-01 1.064613370597818687e+00
8.110389053008003613e-01 8.749928896302967551e-01 1.927596877832182587e+00
6.394603147013239175e-01 2.230836317408083636e-01 1.943164032528930107e+00
8.244094800393280131e-01 6.586360497106795442e-02 1.251726241907901160e+00
5.474548718034507599e-01 2.671292497345342243e-01 1.664503098850721230e+00
3.836055449372246517e-01 8.275275378070274801e-01 1.529379122473048636e+00
2.815760905803161296e-01 4.604619024338126865e-01 1.462134109026716366e+00
2.786747233333640716e-01 7.607796299127057571e-01 7.665455394045436188e-01
8.014534530535187828e-01 3.133622078138333378e-01 2.053679296788945674e+00
9.285337200789750556e-01 3.750666417041625400e-01 1.820544497531572770e+00
7.437706114874523822e-01 2.466409131056647996e-01 1.564483861081643168e+00
4.943392144743602445e-01 2.463934646390631700e-01 2.225951091903631163e+00
3.828328243480183524e-01 6.407075094912760838e-01 8.769973678012303875e-01
2.582378699066451011e-01 7.648420047217655560e-01 9.642367174196349033e-01
6.661242536115151713e-01 7.632708514234929353e-01 1.744954865758892915e+00
7.861113574984814889e-01 5.713392993392438779e-01 2.416094861855957010e+00
9.683184693250723729e-01 6.905657078235831747e-01 1.554056659086836323e+00
2.230494751165517098e-01 2.294873326318209728e-01 1.258023367156269945e+00
7.658808797399885293e-01 7.794526988004021328e-01 2.071233177149545579e+00
9.084555710137930395e-01 3.359886119928866960e-02 1.772598116085373876e+00
3.492524111441012991e-02 1.885024905819830121e-01 1.536750512312075490e+00
5.388080671366554664e-02 2.951456204963197050e-01 1.074584316024453701e+00
6.867443433202264913e-01 2.143051865312891324e-01 1.936932818061869011e+00
9.200805410600987333e-01 1.770839776394412257e-01 1.764125514354288438e+00
6.835196656480793109e-01 3.358584486460106655e-01 1.497245766812423717e+00
9.435886501437520391e-01 4.953383592146980985e-01 1.268312830188272899e+00
7.076592757508137765e-01 8.494390164856275849e-01 1.571781580698017766e+00
9.486797807876389266e-01 9.778933555147956147e-01 1.253677781321349549e+00
9.427377450063874065e-01 3.013190239698572692e-01 1.616990135786272376e+00
6.811708133806303467e-01 6.160210503681825545e-01 2.938581675695295825e+00
8.779239282426833935e-01 2.718825602230194316e-01 1.851706291192756870e+00
6.770427217394729968e-01 5.067532498166135158e-01 3.108992129893857648e+00
1.952731766824586657e-01 4.228812859775973876e-01 1.249593955445975624e+00
5.453541862769800685e-01 7.247881219000034125e-01 7.403823617457833128e-02
1.557822110801642679e-01 4.714934499517188238e-01 -4.660194030209421356e-01
7.975215119524461382e-01 6.079001430740197387e-01 -1.456602963739202172e+00
5.388143439112015320e-01 4.990776174729985026e-01 -6.308147299181272594e-01
5.854225887424091557e-01 3.758055656988069093e-01 -1.062698751829688648e+00
7.937918833193988721e-01 5.345005435040537378e-01 1.499713563923973814e+00
4.207160040339957274e-01 3.098992040355949898e-02 2.597601768006046807e+00
9.339336705459823085e-01 5.342524409393617502e-01 -9.523382724143103495e-01
