9.964130093365380914e-01 4.159573228845295789e-01 1.052825139394036214e+00
8.765671656757639818e-01 2.506967260238324724e-01 2.196079106355593780e+00
9.859646911841740691e-01 3.942792308850717742e-01 1.018008727709040162e+00
2.890800721026470232e-01 3.003185252101562841e-01 1.703876162774371261e+00
3.649100552487092308e-01 1.594578871484849669e-01 2.233411621663468960e+00
2.698070407499599255e-01 9.963440311288551676e-01 1.329179759289086604e+00
9.096941923892090109e-01 1.162994727806817563e-01 1.418521865366370927e+00
3.623872006911026400e-01 6.838743076451256897e-01 5.336283468890503645e-01
8.075060266109239659e-01 8.843480362439323228e-01 1.931879611386796647e+00
6.334023752031271437e-01 2.310398474892774723e-01 2.221559714371873273e+00
8.285278639920130583e-01 7.497617396220686292e-02 1.146325754024116961e+00
5.414380800077329692e-01 2.751166283086962649e-01 2.216398066340773632e+00
3.879159263308468719e-01 8.365508748971242081e-01 1.125153360674109981e+00
2.865154129513501347e-01 4.691569064312242632e-01 1.054189942967883376e+00
2.801374126639492590e-01 7.706720785439695742e-01 1.424000746574769494e+00
7.957728952121166932e-01 3.215921083363478816e-01 2.174937869858031725e+00
9.279742947760836191e-01 3.850509816087573922e-01 1.626768077567395832e+00
7.401171117069144101e-01 2.559496154509763310e-01 1.944805070824475068e+00
4.858529847852615657e-01 2.516834462707760456e-01 2.584173067313404459e+00
3.848227194314813859e-01 6.505075256931407424e-01 1.370469626378330918e+00
2.573545259630142246e-01 7.748029134894056646e-01 1.659246004785816186e+00
6.586771334352700125e-01 7.699447109575677795e-01 2.410899555946643069e+00
7.871328880716070842e-01 7.871328880716070842e-01 1.164426909099882224e+00
9.644040276435763559e-01 6.997677264239863248e-01 1.972996800256978656e+00
2.292231041110041334e-01 2.373541175557181693e-01 9.054102469461291491e-01
7.569503501953420699e-01 7.839522145579249646e-01 2.674881538549013893e+00
9.110677529864937840e-01 4.325165899793219360e-02 1.306512324280790560e+00
3.324765070399510886e-02 1.983607708790167401e-01 1.739352379813684291e+00
5.901795071931761200e-02 3.037252330438181547e-01 1.031287786219051705e+00
6.827213871569670633e-01 2.234602847671625925e-01 1.984819268763212463e+00
9.216009139417413731e-01 1.869677252232661846e-01 1.418167128537832555e+00
6.828848510691513107e-01 3.458382788274506625e-01 1.634320499467909027e+00
2.991269630436499405e-02 2.991269630436499405e-02 2.581283442470104994e+00
6.984862279688316411e-01 8.534208746435072435e-01 2.732054391791328918e+00
9.552412999213456546e-01 9.854396437850646562e-01 8.550882538820789858e-01
9.466389371147687637e-01 3.105266675410160992e-01 1.170035268212188839e+00
6.713820310856186691e-01 6.180654919009407333e-01 2.935696820556658704e+00
8.814842753640704798e-01 2.812272875264366090e-01 1.206775224346424702e+00
6.690461069362481084e-01 5.127577607616319311e-01 2.497527557358630190e+00
2.022723319908422968e-01 4.300235422715933953e-01 7.955171038133632688e-01
5.552207454934128261e-01 7.360863965129089692e-01 8.529412186829996578e-01
1.620328537018170811e-01 4.578578543718999083e-01 -1.140973767757086144e+00
7.904561443161420842e-01 5.946683412252967704e-01 -2.061248161911041876e+00
5.477456835251213185e-01 4.870264277931027341e-01 -9.330047234751752683e-01
5.962501728897556807e-01 3.654246494804699319e-01 -7.643404790748433708e-01
7.787999231955256008e-01 5.340094919342631696e-01 -3.108850032136461827e+00
4.082053090073310964e-01 3.926533640215367632e-02 2.557198235791817709e+00
9.373306906120704163e-01 5.196421618636358764e-01 -1.342346391437823527e+00
