2.996923096994175140e-03 4.234840804596662900e-01 8.521167761196044577e-01
8.794991987731292093e-01 2.602572271569297824e-01 1.273220635709808146e+00
9.927371634966020153e-01 4.016367861024925934e-01 8.267815834747278547e-01
2.935393364122259596e-01 3.092692213739926532e-01 1.108587294621687480e+00
3.645962949345354920e-01 1.694529636597103539e-01 1.602177508544535778e+00
2.741642238052796610e-01 5.344861969529546286e-03 1.119960160445048425e+00
9.157212013621371938e-01 1.242791446310928527e-01 9.239148047539218478e-01
3.595674986501967707e-01 6.934685392662880421e-01 1.856643347979624492e+00
8.012725506988215285e-01 8.921674849491313397e-01 2.243812871507012030e+00
6.315594671447092301e-01 2.408685651008592721e-01 1.756146587154166383e+00
8.257520344036128890e-01 8.458319067376524059e-02 1.852073605908896026e+00
5.350831768019309598e-01 2.828377166545764654e-01 2.259439721758153663e+00
3.916306414149976489e-01 8.458353184369160616e-01 1.190202889372512285e+00
2.948416231019850287e-01 4.746953380257702415e-01 5.869729267698496900e-01
2.834824380941398658e-01 7.800960270196022339e-01 1.229719010886549668e+00
7.990832832024188370e-01 3.310282797715043968e-01 1.233392094738570366e+00
9.264273870660069132e-01 3.949306109811835386e-01 1.726110775912528483e+00
7.403446660248349520e-01 2.659470260673507114e-01 1.548038930714636940e+00
4.871757529120174790e-01 2.615955744218260715e-01 1.438130700206724288e+00
3.821964956385484058e-01 6.601565126135087169e-01 1.836535305411934438e+00
2.606479419216596871e-01 7.842450219045500326e-01 1.235190142783066936e+00
6.491545273498675606e-01 7.729975740960420838e-01 2.831353571264031199e+00
7.820801445775377170e-01 7.957624757316948960e-01 2.100496179706007549e+00
9.645916535114233969e-01 7.097659660957342798e-01 1.552032638988949387e+00
2.289187316941524164e-01 2.473494843539832400e-01 1.601238270080784787e+00
7.490104246026606516e-01 7.900314893158777441e-01 2.488144935710632666e+00
9.064595622560730481e-01 5.212660002264130066e-02 2.049714209754935013e+00
3.909873222706886087e-02 2.064703235800197378e-01 9.457829113641541552e-01
6.679761066479757148e-02 3.100082968770682124e-01 6.793743123543913853e-01
6.864626045808749355e-01 2.327340807637892361e-01 1.187346764825880641e+00
9.252595821825950750e-01 1.962743973837846045e-01 1.196232293353194809e+00
6.760684008023576386e-01 3.531551091357418848e-01 2.320804891474907095e+00
2.643947828422744256e-02 3.929015633278376551e-02 1.925509919313382667e+00
6.931656434883777251e-01 8.618879509267559635e-01 2.131826160600757358e+00
9.553797689305121299e-01 9.954386850557815913e-01 1.556948983346969184e+00
9.471811922338919665e-01 3.205119546869015235e-01 1.516544205487045271e+00
6.614113697566194050e-01 6.188309412215354799e-01 3.064972776018256795e+00
8.889678975757011603e-01 2.878601902540203206e-01 7.252068729533983626e-01
6.592075511101213037e-01 5.145474029762061585e-01 2.961659078341980500e+00
6.462020007513002984e-01 6.462020007513002984e-01 7.704249425611773283e-01
5.697954598212262578e-01 7.396329021540479776e-01 2.386938484365350721e-01
1.694609535854062210e-01 4.448262262265213485e-01 -1.052723637432340764e+00
7.754569584949603245e-01 5.948246252668979439e-01 3.131173528970572661e+00
5.627406877554536058e-01 4.866393255684665076e-01 -2.580968035533443006e-02
6.112316817689520398e-01 3.661692243273190206e-01 4.965873025807998609e-02
7.638603701294344184e-01 5.326642208889179608e-01 -3.051787252323920452e+00
3.998586171185278815e-01 5.172859177598707059e-02 2.160898747975926071e+00
9.521526798000881087e-01 5.219462097169339510e-01 1.542137121840246872e-01
