5.397236567799983814e-03 4.331917318358678437e-01 1.328398184778198043e+00
8.831009203005867336e-01 2.695860857172601710e-01 1.202343902085370120e+00
9.967902575365845674e-01 4.107785818070058825e-01 1.153479071642554477e+00
2.950654526589616689e-01 3.191520837731890436e-01 1.417586010689467102e+00
3.611616629727238403e-01 1.788446250296119588e-01 1.921398271980848227e+00
2.745731727576371517e-01 1.533649650820067059e-02 1.529890024253139913e+00
9.186609597184081100e-01 1.338372731511921487e-01 1.272412496358257483e+00
3.551764744980261401e-01 7.024529094108810101e-01 2.025395704569640909e+00
7.926004144467854173e-01 8.971468476418985594e-01 2.620375234184728619e+00
6.280160353320002331e-01 2.502197196279046798e-01 1.933007907315921869e+00
8.263552140921326394e-01 9.456498281061909150e-02 1.510441722548707455e+00
5.297766483611625610e-01 2.913136092864658244e-01 2.130166942959358600e+00
3.898769938544092151e-01 8.556803537458036457e-01 1.747072580203735459e+00
3.003441618367194144e-01 4.830453121258945770e-01 9.881280783431194426e-01
2.809431654274457402e-01 7.897682601807796132e-01 1.827534782786262024e+00
8.048817583131333553e-01 3.391755300064256407e-01 9.522548147200388113e-01
9.243939480446370371e-01 4.047216847602115863e-01 1.775568299653707882e+00
7.446170817781870843e-01 2.749884011635685965e-01 1.129356647610724629e+00
4.792933129356681254e-01 2.677492026214534637e-01 2.478746480841141242e+00
3.805138044054879876e-01 6.700139235420529138e-01 1.739869817673026509e+00
2.546147161301455797e-01 7.922199944153872631e-01 2.218457160255236538e+00
6.428776522268054849e-01 7.807822281467681202e-01 2.249375395637321695e+00
7.734944455250770678e-01 8.008894408944959853e-01 2.603270091095223115e+00
9.602248970842476306e-01 7.187621563063578689e-01 2.022696377098174292e+00
2.317620185211987094e-01 2.569367529962580110e-01 1.282490188864216618e+00
7.411750641008135743e-01 7.962449525857534516e-01 2.471132847967920210e+00
9.047483927543551463e-01 6.197910726376477941e-02 1.742759555580082109e+00
4.485607368411680118e-02 2.146466931501258557e-01 9.572945751523931346e-01
6.811302396466444031e-02 3.199214037488079532e-01 1.438872666346666662e+00
6.879306083946847838e-01 2.426257421410625004e-01 1.423463498945779726e+00
9.326861061814009091e-01 2.029711683441176862e-01 7.337739039158867049e-01
6.747641875306498171e-01 3.630696957505181732e-01 1.701590251505032736e+00
3.238472661758941273e-02 4.733092882394757811e-02 9.341217538235982998e-01
6.833899629405173481e-01 8.639941488818838611e-01 2.929383719322476765e+00
9.589556761606392588e-01 4.777469103050435706e-03 1.205109573297176162e+00
9.471396198350614526e-01 3.305118682733109159e-01 1.574953578652726671e+00
6.534785767948465551e-01 6.249195203518126407e-01 2.486972562972246337e+00
8.888930097912136619e-01 2.978599098410754653e-01 1.578285175242780225e+00
6.551636841626112817e-01 5.236932840223840202e-01 1.987104477093149857e+00
6.386774406460596909e-01 6.527884258228107139e-01 2.422579403090417749e+00
5.847922110801324624e-01 7.399450746680432678e-01 2.081300353382348201e-02
1.824641772879954937e-01 4.523039379982079500e-01 5.218838751020056232e-01
7.605403522920886061e-01 5.932451128774407501e-01 3.247089057571912463e+00
5.777177817520526837e-01 4.874679723068517379e-01 5.527125305782093490e-02
6.243099690248911093e-01 3.735148626556837326e-01 5.117562168817311186e-01
7.498534275433375029e-01 5.380313019754848769e-01 -3.507509300196410162e+00
3.848937639755464213e-01 5.070235086421379100e-02 -3.073123106905112145e+00
9.665770220942960789e-01 5.178305871176757114e-01 -2.779395326237181774e-01
