3.566342856147769122e-03 4.430226945667824490e-01 1.754924355148276716e+00
8.907544952872474830e-01 2.760221396265714056e-01 6.991997171617432283e-01
9.960928064113970803e-01 4.207542302534967305e-01 1.640598107910868020e+00
2.990786280020697463e-01 3.283114736909438780e-01 1.157841481203545797e+00
3.652304069947868159e-01 1.879794661384067145e-01 1.151766505111273542e+00
2.752418161876092340e-01 2.531411726485178690e-02 1.503882059991104914e+00
9.253994863844803298e-01 1.412259305644596730e-01 8.313855570162639319e-01
3.477735543288703601e-01 7.091757639362374910e-01 2.404300945792729127e+00
7.830699628809837387e-01 9.001751298202808060e-01 2.833933833907876565e+00
6.246774633380850483e-01 2.596459562598509296e-01 1.911188934729667110e+00
8.302360292861060698e-01 1.037812333188369157e-01 1.172247276814881278e+00
5.334131190879813911e-01 3.006289772691592699e-01 1.198616296754643429e+00
3.853449903803443655e-01 8.645944406037529006e-01 2.041148616284608863e+00
3.084821515128772229e-01 4.888567770041115090e-01 6.201367928098679982e-01
2.745751608555794809e-01 7.974785466717403404e-01 2.261137738047027224e+00
8.018127321434719290e-01 3.486929392321516108e-01 1.882733204741139366e+00
9.189139194619888595e-01 4.130864493554263772e-01 2.150771127399492499e+00
7.499619147315886858e-01 2.834401915478736989e-01 1.006900053194799582e+00
4.749150600053730353e-01 2.767398033398906221e-01 2.023974704243817868e+00
3.797905104898450790e-01 6.799877315365751018e-01 1.643188932986863415e+00
2.492884002721767189e-01 8.006834664795668965e-01 2.132503206279183772e+00
6.361902761171660536e-01 7.882172130672789878e-01 2.303305910984807525e+00
7.686546306331116796e-01 8.096402232487492912e-01 2.075995211071459234e+00
9.573160312135223782e-01 7.283297317226339329e-01 1.865949692221468004e+00
2.351122741221279289e-01 2.663588433910930586e-01 1.229163968987261546e+00
7.311777129160863531e-01 7.964751031652290703e-01 3.118575563338996659e+00
9.080676784220018671e-01 7.141215251206899095e-02 1.232449005596670144e+00
4.423366798100280411e-02 2.246273049119734688e-01 1.633077152827524969e+00
7.252700592496919008e-02 3.288945171022714109e-01 1.113640043356964870e+00
6.850035518666084400e-01 2.521877680812827927e-01 1.867851525043712879e+00
9.331842745488619917e-01 2.129587520497824848e-01 1.520958861786430916e+00
3.958291928082613431e-02 3.958291928082613431e-02 -2.778360187626176536e+00
3.917161098114188555e-02 5.467519193441461312e-02 8.248210033360605653e-01
6.736255387467297018e-01 8.661519301877103061e-01 2.924103990113817719e+00
9.591141517000872918e-01 1.477621329936812562e-02 1.554948109436219639e+00
9.420892933380896617e-01 3.391428706643420110e-01 2.100216120093377992e+00
6.483982895905345822e-01 6.335329216498890581e-01 2.103690949114292774e+00
8.874420034348499131e-01 3.077540788589259169e-01 1.716411010606053500e+00
6.474896570116872585e-01 5.301049380435302050e-01 2.445576717861740690e+00
6.287397591632268856e-01 6.539030947179375053e-01 3.029893636965634851e+00
5.879414603751277335e-01 7.546107566800729360e-01 1.359272555186819442e+00
1.937321274901680768e-01 4.622051146071448069e-01 7.209231769300703530e-01
7.465224690034498733e-01 5.985835534836575489e-01 2.777719942635607175e+00
5.904847352375495184e-01 4.953422912424271241e-01 5.526617663347400677e-01
6.389882383007845501e-01 3.766049129893130343e-01 2.074889447728863190e-01
7.367303228133964543e-01 5.307660337597204236e-01 -2.635971214629726500e+00
3.703781638936377574e-01 5.448353510491042717e-02 -3.396420635570541080e+00
9.811722874453326915e-01 5.143696292541888315e-01 -2.328283981803511149e-01
