1.518922853750887501e-03 4.528108543189414137e-01 1.776996443266016135e+00
8.941915067685052287e-01 2.854129304387289512e-01 1.219941004743101409e+00
3.833750931221402425e-04 4.297870050424196231e-01 1.127347931031036143e+00
2.966970442898857474e-01 3.380237370225190330e-01 1.811265546558717077e+00
3.709573780294151413e-01 1.961771367080580863e-01 9.610041529148992678e-01
2.756673773104542646e-01 3.530505804791735786e-02 1.528227359016744780e+00
9.255905413374075907e-01 1.512241052981279088e-01 1.551689668996719673e+00
3.447858651880978398e-01 7.187190188106558075e-01 1.874198713522799986e+00
7.733116881198940362e-01 9.023605528198577197e-01 2.921272242787971152e+00
6.238382031587701437e-01 2.696106761430898113e-01 1.654821181543164377e+00
8.346002518730980535e-01 1.127786530162384199e-01 1.119177914270797380e+00
5.300322157236726506e-01 3.100401138870819695e-01 1.915683329842583493e+00
3.781213024513524479e-01 8.715095206976156694e-01 2.378018091765421005e+00
3.134371666654016675e-01 4.975428477405408056e-01 1.052384211450505314e+00
2.678192478180466685e-01 8.048513099955758587e-01 2.312562745630666328e+00
8.000336656331041851e-01 3.585334129174824191e-01 1.749655082455473964e+00
9.174531019631022577e-01 4.229791745732289221e-01 1.717402691422854621e+00
7.544640585388442400e-01 2.923693965034557252e-01 1.103790912898360954e+00
4.737857617721875081e-01 2.866758330047277648e-01 1.683967573271619722e+00
3.803506613206056319e-01 6.899720307632007943e-01 1.514751909290924958e+00
2.427079555477424100e-01 8.082132571292904855e-01 2.289015076507239232e+00
6.316822481301970216e-01 7.971434487614954545e-01 2.038460831622412872e+00
7.635668084423188340e-01 8.182491758769657730e-01 2.104565973054961070e+00
9.541496764414248988e-01 7.378152046922447083e-01 1.892976677324600843e+00
2.316698381248577798e-01 2.757476470638033916e-01 1.922229352041072259e+00
7.220514816718854867e-01 8.005631226462701644e-01 2.720451734436462488e+00
9.099450826278183690e-01 8.123433930768544919e-02 1.381935173374480463e+00
4.033632154360378141e-02 2.338365769107197956e-01 1.971139761599955964e+00
7.246106360801374269e-02 3.388942996804495400e-01 1.577390606281852570e+00
6.892286164413468086e-01 2.612513672195551084e-01 1.134587372607937628e+00
9.313358319233129290e-01 2.227864303035743399e-01 1.756709718566733747e+00
3.524920998660321242e-02 4.859507572382943535e-02 2.019026179440160274e+00
3.466096816011706577e-02 6.360010657496649455e-02 2.038753791346355371e+00
6.666865570745306169e-01 8.733526616333958659e-01 2.337684929322035643e+00
9.645893120187039038e-01 2.314416522833175061e-02 9.914034118497137005e-01
9.410229338085789319e-01 3.490858519754891920e-01 1.677635417869071555e+00
6.440801425526211377e-01 6.425525450432996166e-01 2.017300087774581918e+00
8.924545548119118266e-01 3.164070742184713625e-01 1.045747635634826089e+00
6.374938499340550013e-01 5.303944909173829991e-01 3.112633318616579992e+00
6.231110099194412388e-01 6.621685155753762597e-01 2.168656279331105274e+00
5.946266576248551150e-01 7.680386432499035632e-01 1.108862801000478182e+00
2.030627782859278363e-01 4.739498562274440108e-01 8.994465741907906597e-01
7.338412850011946098e-01 6.065952681753414844e-01 2.578132893006449766e+00
6.047823701419644538e-01 4.998785491870392783e-01 3.072275773822370493e-01
6.374806928784346738e-01 3.616808617028978157e-01 -1.671469323142272145e+00
7.243525698453979755e-01 5.222930631199032003e-01 -2.541323361439748574e+00
3.580243383937409818e-01 4.597571543603518746e-02 -2.538505182564625429e+00
9.950899359408840184e-01 5.087750729398528016e-01 -3.822083943130802353e-01
