9.983768549819280747e-01 4.623043999942336169e-01 1.890417336668263726e+00
8.943122025395495722e-01 2.954122020387432435e-01 1.558726456632596680e+00
3.562092216463655803e-03 4.392683423663299447e-01 1.247312399195340316e+00
2.959262226583787569e-01 3.479939844623973766e-01 1.647955027430570318e+00
3.760159945926537794e-01 2.048032829197871663e-01 1.040415764620866934e+00
2.694070976494073455e-01 4.310306411135961940e-02 2.247245405556133502e+00
9.312904858893887861e-01 1.594405906844923171e-01 9.642972199840752490e-01
3.412485409500473077e-01 7.280724853998354895e-01 1.932354852180141691e+00
7.634383068655785642e-01 9.039468512176791481e-01 2.982289887321476041e+00
6.203244103108039864e-01 2.789730081080215029e-01 1.929840251735304602e+00
8.386206309235437750e-01 1.219348832607624750e-01 1.157054862251812200e+00
5.359999570893778653e-01 3.180642065455731027e-01 9.313214791327919517e-01
3.772864936063838326e-01 8.814746144850500453e-01 1.654374480500616862e+00
3.133837071797520579e-01 5.075427048436895738e-01 1.576142300823978104e+00
2.615091713235544457e-01 8.126090760808388769e-01 2.253647744555666854e+00
7.970662797468412997e-01 3.680830003955888885e-01 1.872071922081096629e+00
9.229313858111541924e-01 4.313450819406442482e-01 9.910300933768264597e-01
7.530414021991095330e-01 3.022676816548853784e-01 1.713546282766003959e+00
4.736279000984806586e-01 2.966745869116890755e-01 1.586583149899376988e+00
3.773573857893356975e-01 6.995135349210315212e-01 1.874784143009067039e+00
2.363334055783152532e-01 8.159181330327217596e-01 2.261986953514253162e+00
8.137551157875755337e-02 8.137551157875755337e-02 1.076926421335387296e+00
7.594943718451183656e-01 8.273823713835659621e-01 1.990230414702077510e+00
9.463772207501329747e-01 7.441071783513523163e-01 2.461072538941893484e+00
2.308686996707963734e-01 2.857155042646978838e-01 1.650996118821741465e+00
7.172010322341841881e-01 8.093080148841598209e-01 2.077210888051528315e+00
9.164330375983893440e-01 8.884396743919377448e-02 8.647958272784056488e-01
4.317415542037123660e-02 2.434254610422478815e-01 1.283058910880168879e+00
7.793055901908568783e-02 3.472659554275681071e-01 9.920802386234384151e-01
6.954160020405628639e-01 2.691073368889603246e-01 9.036603498563344772e-01
9.348363448613571380e-01 2.321537356349161751e-01 1.213170465374519891e+00
3.579634231199873423e-02 5.858009681637137145e-02 1.516055759728758057e+00
4.094645336168208083e-02 7.137781033513293516e-02 8.911107318426000345e-01
6.591347335122526019e-01 8.799078092964330855e-01 2.426728589565234628e+00
9.664858527921810216e-01 3.296267494694683775e-02 1.379986509121040372e+00
9.425307225654376841e-01 3.589715271200956681e-01 1.419440218122407282e+00
6.342448897798473872e-01 6.443602515724815571e-01 2.959822696795384012e+00
8.949157877718789678e-01 3.260994594933545043e-01 1.322117857578611000e+00
4.230661251323056815e-01 4.230661251323056815e-01 2.261499380070285170e+00
6.141577255425755277e-01 6.666225810067514246e-01 2.679964372501047354e+00
6.017341425780846631e-01 7.812478694815803149e-01 1.077158739507798169e+00
2.125896859660705296e-01 4.855359699008910956e-01 8.826231656139640336e-01
7.225235680236600233e-01 6.164395194123033495e-01 2.425710306402117933e+00
6.194350372322185994e-01 5.030878087811175847e-01 2.156174683621155663e-01
6.375780347928600156e-01 3.466811775545000085e-01 -1.564306820283783983e+00
7.140630197557318315e-01 5.332075103781133141e-01 2.326732293047946154e+00
3.430259322594716997e-01 4.575705260994707840e-02 -3.127014615503921124e+00
3.627206467358368158e-03 4.964415814651003123e-01 -9.653229469519798434e-01
