4.236784638320223451e-03 4.704075613786646848e-01 9.446914059698794386e-01
8.948309584887003121e-01 3.053987375874318011e-01 1.518897436785715538e+00
5.232308849917462548e-03 4.491278746269057320e-01 1.402988204267478389e+00
2.908917064810367936e-01 3.566342186525152669e-01 2.098385294009872837e+00
3.759361206313097115e-01 2.148029639222141518e-01 1.578783807862387700e+00
2.697442871348008087e-01 5.309737765711853436e-02 1.537070985426161274e+00
9.296418285707838125e-01 1.693037508801806257e-01 1.736418205602355602e+00
3.346747440810066698e-01 7.356080805803498768e-01 2.288132542858634988e+00
7.604886693110521900e-01 9.135019356389141310e-01 1.870213913032406028e+00
6.240842346416721753e-01 2.882392760191608838e-01 1.185339554839358600e+00
8.436320478109129439e-01 1.305885357139749958e-01 1.045878740133326712e+00
5.387294321086034676e-01 3.276844958405695785e-01 1.294340781869787849e+00
3.692314140920341381e-01 8.874004641302489782e-01 2.507328475391536138e+00
3.073618914518109202e-01 5.155262964751998744e-01 2.217027199323046815e+00
2.584623506112201374e-01 8.221336172008556487e-01 1.880400938680317768e+00
7.985759646644779997e-01 3.779683861467602046e-01 1.419248406384824301e+00
9.220776437522976154e-01 4.413085715149319133e-01 1.656274586278123850e+00
7.542826892063081434e-01 3.121903429191712487e-01 1.446346634291890476e+00
4.765714935765848481e-01 3.062315350352096122e-01 1.272011229666699217e+00
3.771140769541067028e-01 7.095105745233687422e-01 1.595129611571834083e+00
2.279030908280601508e-01 8.212967753531992265e-01 2.573691035679062544e+00
8.804971141225872988e-02 8.882232677604107174e-02 8.400575327769863598e-01
7.574211317531533982e-01 8.371650947017974520e-01 1.779635064578559467e+00
9.429738712325816952e-01 7.535102210536579470e-01 1.918069417719270753e+00
2.347969825644724284e-01 2.949116226581969813e-01 1.167091221687412306e+00
7.075945744917589986e-01 8.120857783087513937e-01 2.860114074477769108e+00
9.195422094889490472e-01 9.834833749485520638e-02 1.254638428228240343e+00
4.143511516185505172e-02 2.532730871003016637e-01 1.745589053003320013e+00
7.473652072138819991e-02 3.567421423903101019e-01 1.895896622733332038e+00
7.033891744587490447e-01 2.751429413814593383e-01 6.479591378685120029e-01
9.376345685597216040e-01 2.417542535445870444e-01 1.287187244015415510e+00
4.181064322337341155e-02 6.656935113373027568e-02 9.255064031791799817e-01
3.954200863480721029e-02 8.127869590204832295e-02 1.711706649381070200e+00
6.521011971326489132e-01 8.870162103822464283e-01 2.350900731323864346e+00
9.705665795757562053e-01 4.209216939723335604e-02 1.150454356661727573e+00
9.393282923132378892e-01 3.684448813560458613e-01 1.896782338526204370e+00
6.245416276070112627e-01 6.467782472724791232e-01 2.897372626760088998e+00
9.013688857418802325e-01 3.337386693078291389e-01 8.693675775955548302e-01
4.156679569326771628e-01 4.297942086105336901e-01 2.403594382528774442e+00
6.042306057014977805e-01 6.678276916493400828e-01 3.020787971010516326e+00
6.158775896112300696e-01 7.762515802565044254e-01 -3.395745302096930263e-01
2.253447563138361864e-01 4.934295229933551852e-01 5.541690255844746726e-01
7.077918671157950037e-01 6.192638756860777693e-01 2.952171515772601396e+00
6.115379031658112474e-01 5.158406623259987889e-01 2.125246125831165678e+00
6.432604700856670021e-01 3.327991773692579036e-01 -1.182265644976683960e+00
7.004504200113553791e-01 5.395080760828261379e-01 2.708105776485757232e+00
3.310542883384062218e-01 5.479473714898782516e-02 2.494947454376908347e+00
9.250953976938443464e-04 4.816869687705157554e-01 -1.751925854790256754e+00
