4.541928962578582578e-03 4.804029046414732829e-01 1.540277156896857402e+00
8.928071287808642120e-01 3.151918021391275637e-01 1.774586963370200055e+00
1.585851704673991135e-03 4.584393380074868185e-01 1.944048618377983040e+00
2.915576426804409316e-01 3.666120204634515378e-01 1.504153387801094643e+00
3.761028945449878536e-01 2.248015731485873969e-01 1.554118162234866762e+00
2.645189562990605814e-01 6.162356775921351559e-02 2.120615526348130331e+00
9.303055414056192740e-01 1.792817008335966522e-01 1.504376217247534786e+00
3.260105798151923806e-01 7.406013017425844280e-01 2.618776454041173984e+00
7.585895267087856553e-01 9.233199424313469628e-01 1.761871143484510460e+00
6.187530193562348346e-01 6.187530193562348346e-01 -3.095746600927380854e+00
8.410675254771138309e-01 1.402541047711720612e-01 1.830146212200067124e+00
5.449499756324031052e-01 3.355142364664469579e-01 8.994325687013495774e-01
3.658073775520783166e-01 8.967959935870197796e-01 1.920270331052349233e+00
3.059204646205692657e-01 5.254218656195278614e-01 1.715442880123944747e+00
2.547945372590237345e-01 8.314366890168447544e-01 1.946343190588059047e+00
8.042717622036605896e-01 3.861877468513796319e-01 9.648018502522914819e-01
9.220981834014870815e-01 4.513085504210502252e-01 1.568742360431746752e+00
7.584972552140178959e-01 3.212588286453913478e-01 1.135745382393779090e+00
4.770865902538671821e-01 3.162182599945270178e-01 1.519263853858782376e+00
3.746945308434209698e-01 7.192134502114452266e-01 1.815176139223980467e+00
2.277496657934169610e-01 8.312955983218662803e-01 1.586139432241133740e+00
9.463933613047752214e-02 9.634408495302601572e-02 8.513577700378549551e-01
7.481199127731011922e-01 8.408376041279413959e-01 2.765540952079425185e+00
9.391290872341325757e-01 7.627415609350223225e-01 1.965439050913864838e+00
2.322470622128697260e-01 3.045810541927020942e-01 1.828635792859644837e+00
7.033769897525385950e-01 8.211528604726834324e-01 2.006180178497413813e+00
9.266309769870531010e-01 1.054016612048392643e-01 7.828919064806212358e-01
4.547455944956609736e-02 2.624209223549659464e-01 1.154971693310843150e+00
7.678424335645117615e-02 3.665302388349642171e-01 1.364565291984435103e+00
7.111887480431838826e-01 2.814012679869495881e-01 6.761986481700100748e-01
9.356124477215782553e-01 2.515476710949596795e-01 1.774412468565104817e+00
4.424020181278091879e-02 7.626972458327520299e-02 1.325384473003870411e+00
4.370219039156276325e-02 9.037225888642129445e-02 1.141734143824669090e+00
6.477049737233513405e-01 8.959980375758381799e-01 2.025974486699646970e+00
9.776981276709161284e-01 4.910223514346009205e-02 7.768079584778042612e-01
9.406439034232546570e-01 3.783579619774874447e-01 1.438852711915186156e+00
6.147290041939127425e-01 6.487050118540281796e-01 2.947703667333146260e+00
9.082006508619763219e-01 3.410412021111678960e-01 8.186926164394812133e-01
4.154544627304047610e-01 4.397919293620647929e-01 1.592147369191141637e+00
5.994241116422751592e-01 6.765968201612652111e-01 2.072191448275889414e+00
6.305155075941665244e-01 7.795274552731715767e-01 2.201660499331919985e-01
2.383730171694649902e-01 5.008635272358674673e-01 5.185258270426000848e-01
6.961520241670180464e-01 6.287250625105627044e-01 2.459078736617648087e+00
6.195246652977414170e-01 5.285375765435544881e-01 1.009303029694888831e+00
6.471633368417430976e-01 3.183158203314604973e-01 -1.307576194660625246e+00
6.890688109294528241e-01 5.492783869635889937e-01 2.432225045605526770e+00
3.163459005351893505e-01 5.773809037790560844e-02 2.944087551877776487e+00
1.402323340088716327e-02 4.743767854041902043e-01 -5.090472953993914196e-01
