3.254886258823120292e-03 4.903197348345697537e-01 1.699858598761507578e+00
8.926376571665504134e-01 3.251903660046005506e-01 1.587744299553003113e+00
5.819423838372085322e-01 5.819423838372085322e-01 2.638695712253630532e+00
2.954893513837793528e-01 3.758066747077444258e-01 1.166718664243503456e+00
3.725504044534719839e-01 2.341492902040871738e-01 1.933976765576523427e+00
2.675987665011205219e-01 7.113749277044245645e-02 1.257726156656939320e+00
9.307922856436747772e-01 1.892698478112256888e-01 1.522102662565611109e+00
3.246771095591414746e-01 7.505119958189964136e-01 1.704541731845725883e+00
7.499595174641036088e-01 9.283719658315998657e-01 2.611976243394065200e+00
6.087825718118140550e-01 6.195212483350902577e-01 3.064693989290764975e+00
8.391198922213819467e-01 1.500626074449325775e-01 1.766812476010652722e+00
5.476390153528295501e-01 3.451459063830278340e-01 1.298541418168338568e+00
3.657367566623038746e-01 9.067957442184069183e-01 1.577858474475037687e+00
3.119043617628241560e-01 5.334339174785034388e-01 9.293065595159002434e-01
2.544575559609241200e-01 8.414310095842836290e-01 1.604500837596356977e+00
8.093585291928065972e-01 3.947973230080864537e-01 1.037149246365943300e+00
9.212466177423793701e-01 4.612722262451739996e-01 1.656056150821130890e+00
7.586607776862425156e-01 3.312574915760574945e-01 1.554443350730511320e+00
4.832516345976436423e-01 3.240917743457725764e-01 9.065010330455224308e-01
3.788341275748017822e-01 7.283164024194677122e-01 1.143996666772152837e+00
2.295635068807677648e-01 8.411297215928975612e-01 1.388402602580889322e+00
1.026789931992316413e-01 1.022908415662423243e-01 6.368621649562380416e-01
7.387480013128320255e-01 8.443257663347308872e-01 2.785284961397477055e+00
9.386209384287147461e-01 7.727286418294354586e-01 1.621633101411408484e+00
2.311310274465286640e-01 3.145185823763259059e-01 1.682632788128830992e+00
6.934619382231930196e-01 8.224535345942146636e-01 3.011155684474431382e+00
9.284457665448156982e-01 1.152356094892790228e-01 1.388306154852556595e+00
4.609999589826282301e-02 2.724013446530774707e-01 1.508211834574400667e+00
7.171297446200007586e-02 3.751489528805845297e-01 2.102644262870879910e+00
7.172771766150382033e-01 2.893341765030884027e-01 9.161952152843321207e-01
9.419899098483101030e-01 2.592501367276062174e-01 8.792276780445281714e-01
4.969575816087481307e-02 8.465047066776984486e-02 9.937443653440546365e-01
4.269794008315838663e-02 1.003217051684045097e-01 1.671390929206896914e+00
6.377082415710192409e-01 8.957424084019763866e-01 3.167158355864001074e+00
9.769866603527692650e-01 5.907689374690155981e-02 1.642003218179924673e+00
9.389277520084913231e-01 3.882096026693522273e-01 1.743265227071816748e+00
6.065296423543252713e-01 6.544295612182591260e-01 2.532095858814914280e+00
9.053419595511575935e-01 3.506238887902495827e-01 1.860709613015544051e+00
4.191411933290975500e-01 4.490875206553964216e-01 1.193215204962691844e+00
5.917034047245244288e-01 6.829521867667567303e-01 2.452889239738654137e+00
6.430507606417932287e-01 7.877656244285097253e-01 5.814201390294210237e-01
2.533456107428242454e-01 5.017698614385769362e-01 6.045910618008054627e-02
6.814956811378396484e-01 6.319174924645404312e-01 -3.356061694339902424e+00
6.250719952080431296e-01 5.424741159585696471e-01 1.191978902552995656e+00
6.620331453547985134e-01 3.202878230660081149e-01 1.318485269440698993e-01
6.832228731657666865e-01 5.630923296181358229e-01 1.971133833349260289e+00
3.022787721387464321e-01 5.253079754208488106e-02 3.496126090014412657e+00
2.541601289864292568e-02 4.646195022108255968e-01 -7.082235433757553267e-01
