2.847157470302675610e-04 4.998684565883374509e-01 1.872363531717993412e+00
8.955537066595677942e-01 3.347557544104245997e-01 1.274892045616706548e+00
5.736122895333335414e-01 5.874749717387741654e-01 2.555321406205854906e+00
2.965958452026153935e-01 3.857452697507511297e-01 1.459919906477356477e+00
3.731595236961040007e-01 2.441307216519434942e-01 1.509846672965474923e+00
4.590097333234383070e-01 4.590097333234383070e-01 -1.317531325651207563e+00
9.321875111403754577e-01 1.991720367517254842e-01 1.430817094934532907e+00
3.307877577809326675e-01 7.584278014197877171e-01 9.133912483233596058e-01
7.415423435365832150e-01 9.337711493878304569e-01 2.571252544581977162e+00
5.998289754542514007e-01 6.239746865872545234e-01 2.680034421463787453e+00
8.384568954761691950e-01 1.600406050053570783e-01 1.637144669304199551e+00
5.541446229445026184e-01 3.527404484931991324e-01 8.624737520990912731e-01
3.641437249612854421e-01 9.166680413168308839e-01 1.730781095759271748e+00
3.132546104917040553e-01 5.433423395713574688e-01 1.435357761597335413e+00
2.610885304659375517e-01 8.489163403795031426e-01 8.458470834243748682e-01
8.127380287028045380e-01 4.042089638353770775e-01 1.226058489226349746e+00
9.220962864868308406e-01 4.712360640110502819e-01 1.485726884237176693e+00
7.590392158698014979e-01 3.412503282374477198e-01 1.532943469579502782e+00
4.868375719739534424e-01 3.334267115781905932e-01 1.204035320868548142e+00
3.855813908487553121e-01 7.356970824905694206e-01 8.302024833853010044e-01
2.382563325896645823e-01 8.460728765767860926e-01 5.170472223741202633e-01
1.011323233599617788e-01 1.121705081804704046e-01 1.726086699062121088e+00
7.289204653989744820e-01 8.461749655835516526e-01 2.955602272245119622e+00
9.357605029495132953e-01 7.823108080182116231e-01 1.860891630418949561e+00
2.344313989358317307e-01 3.239582618217623500e-01 1.234453397894887061e+00
6.847973712570466498e-01 8.274460569315872371e-01 2.618857109093427837e+00
9.350932994707159551e-01 1.227062390476945791e-01 8.436327937726676440e-01
4.358792924736668017e-02 2.820806793999211526e-01 1.824723021175725490e+00
7.609154610976454070e-02 3.841393983826379976e-01 1.117582498965010940e+00
7.228901107463936437e-01 2.976103453291252809e-01 9.748485372265673909e-01
9.461630185437470697e-01 2.683377746944305975e-01 1.140312132535337364e+00
5.349487521027797288e-02 9.390069821334591504e-02 1.181095483962339543e+00
4.686262884541363832e-02 1.094132049079164087e-01 1.141238461684238814e+00
6.318054511339280532e-01 9.038144010342689105e-01 2.202200817607434136e+00
9.825695657765115554e-01 6.737334883504302041e-02 9.784724262263782002e-01
9.450251931928617122e-01 3.961355859523994494e-01 9.150586148635823092e-01
6.010223038502456872e-01 6.627763703451939881e-01 2.154039508651228285e+00
9.125552906289887689e-01 3.575497717492371330e-01 7.650711121999718145e-01
4.196231974846891255e-01 4.590758975002092179e-01 1.522577227852054182e+00
5.855131517182674550e-01 6.908058972095045824e-01 2.238297353433858383e+00
6.536483748863335386e-01 7.983812060105011099e-01 7.862451519088188290e-01
2.649349831684847389e-01 5.112928046169928908e-01 6.878310322891314499e-01
6.672120837126012116e-01 6.273372255952716081e-01 -2.831285510612318035e+00
6.135754320010431417e-01 5.521088984899740204e-01 2.444072737136596452e+00
6.733713385374969773e-01 3.104671624287694276e-01 -7.137998361757058596e-01
6.757689799709198919e-01 5.761092215758889523e-01 2.090849420627677979e+00
2.883367930492708453e-01 4.699715325747226558e-02 3.519428273537641871e+00
1.536057011977954613e-02 4.757500040198638924e-01 2.305494003023138117e+00
