7.365960568981170728e-03 5.069293327217641032e-01 7.839578791215491282e-01
8.961140329699074369e-01 3.447400437905427939e-01 1.514734333729364835e+00
5.638542202624297062e-01 5.896613120837895794e-01 2.921178234869651114e+00
2.965691976398464047e-01 3.957452342460580086e-01 1.573461086225509398e+00
3.718584333287996979e-01 2.540457185685394692e-01 1.701275277227057181e+00
4.541622609891626250e-01 4.677562761815298176e-01 2.076870481060274720e+00
9.402404852633257093e-01 2.051007472164972090e-01 6.346193818258536457e-01
3.383528284776435302e-01 7.649676565675541662e-01 7.128408296495364338e-01
7.316892610503996641e-01 9.354790034566730084e-01 2.969965921493106897e+00
5.909200123651853209e-01 6.285167540325549140e-01 2.670111043338945667e+00
8.391333506677836063e-01 1.700176991902256352e-01 1.503099111072403904e+00
5.532975769486412343e-01 3.627045095669227948e-01 1.655602545558072292e+00
3.678618270626692333e-01 9.259511289908586296e-01 1.189838057111675340e+00
3.124921008645770160e-01 5.533132261452052836e-01 1.647121373347221640e+00
2.688025722971790765e-01 8.552797953079092075e-01 6.897514804320410420e-01
8.178382659599201521e-01 4.128105671697054890e-01 1.035583953850540473e+00
9.223733610868105615e-01 4.812322247573591616e-01 1.543085320386688331e+00
7.632863656127177876e-01 3.503035994175928702e-01 1.132149296179742137e+00
4.878657108290425648e-01 3.433737176852891260e-01 1.467800438491439818e+00
3.917100361789376262e-01 7.435989624198542369e-01 9.111156814471812471e-01
2.424347198821450999e-01 8.551580887170741052e-01 1.139731200335490913e+00
1.072852861060556440e-01 1.200534676149201951e-01 9.080345735418491326e-01
7.204572544887338781e-01 8.515016963904147307e-01 2.579836745138078147e+00
9.378307707614804700e-01 7.920941607761741166e-01 1.362261408741191726e+00
2.359285315586705511e-01 3.338455563915438962e-01 1.420518066634000265e+00
6.185105230680019162e-01 6.185105230680019162e-01 4.232448814134954773e-01
9.335047811567790399e-01 1.325792633850639002e-01 1.730323935614519915e+00
4.706959323115525451e-02 2.914550068906796021e-01 1.215181917426683800e+00
7.746779959047427055e-02 3.940442419632723681e-01 1.432732779191489447e+00
7.233040610007672733e-01 3.076017739150134767e-01 1.529389470170864573e+00
9.540508845391942883e-01 2.744844461544865832e-01 6.619639147718446859e-01
5.488763876003648068e-02 1.038032337318110787e-01 1.431065717119059055e+00
5.352073939774501521e-02 1.168744088237019529e-01 8.422160053146331427e-01
6.221728406039095383e-01 9.065000693639357898e-01 2.869687759668903659e+00
9.869414851801384669e-01 7.636703110251225057e-02 1.118322289509138923e+00
9.505140940541945138e-01 4.044945313006153564e-01 9.897604843661853558e-01
5.914895304564061762e-01 6.657973356580874080e-01 2.834701475809505489e+00
9.198745073461095378e-01 3.643636595269907907e-01 7.496584033271052050e-01
4.220815038320058221e-01 4.687690254733014039e-01 1.322419795689897315e+00
5.755144110794015999e-01 6.909645970415521088e-01 3.125722004150143007e+00
6.652181672268616675e-01 8.079279282331834899e-01 6.898845636794138647e-01
2.750349291604463065e-01 5.223829394655625791e-01 8.320930809440634235e-01
6.525407228427093642e-01 6.304599119748821590e-01 -3.351305546832751947e+00
6.090751994175426232e-01 5.664179133650240061e-01 1.875505235102296719e+00
6.880060064721744695e-01 3.071767985519734956e-01 -2.211559767532106091e-01
6.689115860531509306e-01 5.894499917431823555e-01 2.045595219319781055e+00
3.000687567488535268e-01 5.634386539338796795e-02 6.727180312813128005e-01
1.643613444892521105e-02 4.907113930387307366e-01 1.499030450925672220e+00
