5.368159392330131875e-03 5.167277402688388310e-01 1.771929836254923840e+00
8.994997085039588836e-01 3.541494646642270872e-01 1.225402200656667384e+00
5.590726007690528521e-01 5.984440289197440199e-01 2.069357039847669277e+00
2.938220347266995991e-01 4.053604875411424002e-01 1.849090955681690129e+00
3.739250966434975454e-01 2.638298333851021860e-01 1.362629826086445783e+00
4.508887253963671515e-01 4.772052954281342796e-01 1.904297781129709488e+00
9.398710259069241735e-01 2.150939198750660142e-01 1.607750672815822623e+00
3.453902274414104023e-01 7.720722336714198608e-01 7.901483931031375585e-01
7.220438500674035698e-01 9.381183304483695640e-01 2.874495436502207735e+00
5.843240791611908902e-01 6.360329808232021431e-01 2.291073890296414284e+00
8.400928983880919798e-01 1.799715561397930152e-01 1.474693693621302648e+00
5.499672890597239183e-01 3.721336761566554907e-01 1.910310236526556515e+00
3.760536796120595437e-01 9.316864190279053881e-01 6.108073348024458671e-01
1.949495546898177833e-01 1.949495546898177833e-01 -1.999830783357112729e+00
2.782388338564711905e-01 8.585899263906044965e-01 3.373770063555527332e-01
8.244631837743920943e-01 4.203012589903247220e-01 8.466559350623039659e-01
9.303704797897033307e-01 4.872360645663349477e-01 6.439811713562220152e-01
7.634294254135358671e-01 3.603025760598992933e-01 1.556489858688618444e+00
4.819438397316427869e-01 3.514317225689921331e-01 2.204566676794900815e+00
4.007775755254897043e-01 7.478155641556990529e-01 4.352754399141522956e-01
2.511495691969746202e-01 8.600623115321401890e-01 5.125742409038335223e-01
1.121628674174652562e-01 1.287832557309392667e-01 1.061276489635448073e+00
7.130162369933118471e-01 8.581823594288281454e-01 2.409985606329172025e+00
9.382646886783667650e-01 8.020847421026738866e-01 1.527390906867779341e+00
2.367444566965961339e-01 3.438122141146374711e-01 1.489113009213642869e+00
2.999700122921207246e-01 2.999700122921207246e-01 -2.509958793981974079e+00
9.386788942845414319e-01 1.411366317504620382e-01 1.026973249726403248e+00
4.672941517438439218e-02 3.014492191602730076e-01 1.604820696854665663e+00
7.721551054245086310e-02 4.040410589685119458e-01 1.596027908720484056e+00
5.191124800302737707e-01 5.191124800302737707e-01 -2.361439796422661441e+00
9.620228716166244753e-01 2.805216161899656280e-01 6.481555037907757999e-01
6.167704302460428473e-02 1.111451673825783332e-01 8.244778374325159032e-01
6.024467321402172948e-02 1.242763487068900413e-01 8.333588167525627366e-01
6.136682614279281855e-01 9.117605002435752448e-01 2.587651503509385886e+00
9.941928450752206547e-01 8.325308800555869526e-02 7.595644677264645761e-01
9.555337364902093400e-01 4.131434150328988641e-01 1.044927949111958077e+00
5.858171406372570944e-01 6.740328680476548318e-01 2.173945728123689580e+00
9.270621985966319700e-01 3.713161478935516069e-01 7.687660411706263019e-01
4.145391074947404886e-01 4.753350179718964230e-01 2.425291637703669068e+00
5.726349768285328157e-01 7.005410712567798903e-01 1.862874940825022918e+00
6.787768624016189412e-01 8.143436733308329067e-01 4.419648464752280459e-01
2.884565566742482434e-01 5.290806939311095691e-01 4.628689032366252731e-01
6.375407242474362413e-01 6.304664036467331201e-01 -3.142025431726698681e+00
5.949173503792287709e-01 5.713732448986668100e-01 2.804912525299773307e+00
7.026799715228329024e-01 3.040663725856378452e-01 -2.088772976462507369e-01
6.540724048548811620e-01 5.916405855816005976e-01 2.995028906670499591e+00
3.058172825848212151e-01 7.019862813813435021e-02 1.177500098380727334e+00
1.827412778620644135e-02 5.055983598383212430e-01 1.447954722805453009e+00
