1.388202719584833919e-02 5.219731244324836705e-01 5.521728674525047120e-01
9.055657236548964040e-01 3.620995250532176302e-01 9.190175347351730029e-01
5.528277795555075480e-01 6.062544199477818418e-01 2.245264620167771064e+00
2.858074065291063559e-01 4.113409335825629620e-01 2.500533555765580562e+00
3.641261594216521624e-01 2.658250349594633577e-01 2.940724445608643212e+00
4.418054287288830095e-01 4.813878450871905690e-01 2.710069331408660354e+00
9.477009236186336727e-01 2.213142656712550616e-01 6.713385049419404726e-01
3.525865173148096665e-01 7.790158215089870719e-01 7.675284800558097587e-01
7.156989666441838649e-01 9.458476547620306984e-01 2.258142697348711536e+00
5.817571145532981491e-01 6.456979015524076937e-01 1.830398898407976427e+00
8.416454350661990436e-01 1.898503025108227160e-01 1.414912097250860423e+00
5.401809199119385063e-01 3.741896379518438454e-01 2.934519791491644103e+00
3.858674635109793360e-01 9.336072640464589956e-01 1.932857619658421844e-01
1.984349058019267975e-01 2.043225119406175683e-01 1.214788566781645596e+00
2.879840216436658218e-01 8.608329856836933747e-01 2.262307588324699303e-01
8.312295263525972810e-01 4.276644517838327220e-01 8.276143854307161929e-01
9.386442619906240070e-01 4.928525161232993890e-01 5.963728573585935777e-01
7.658454518506297992e-01 3.700063287492078579e-01 1.326779243376210005e+00
4.722656056522549495e-01 3.539480264267517162e-01 2.887228176258656021e+00
4.068832791521866388e-01 7.557351842995532198e-01 9.140157462071953898e-01
2.581850615990540221e-01 8.671687766632925065e-01 7.904167142641778110e-01
1.118525712439143449e-01 1.387784403857958149e-01 1.601830925720094889e+00
7.059783971276252235e-01 8.652864997726665841e-01 2.351506321249170917e+00
9.417325443916659822e-01 8.114641864759690737e-01 1.216654503111763042e+00
2.320448497744389549e-01 3.526390875575510231e-01 2.060042572336050259e+00
2.952974769961414503e-01 3.088112460243454538e-01 2.056978112207531684e+00
9.434340373043673678e-01 1.499337116558056571e-01 1.075247759322883523e+00
5.412344857552533334e-02 3.081818464381498868e-01 7.386126217342436906e-01
8.035600836998066376e-02 4.135351241355139651e-01 1.251340692576468072e+00
5.092042669707370628e-01 5.204642618051272818e-01 3.005999365255955347e+00
9.624277625363204525e-01 2.905134159949631090e-01 1.530296163912214347e+00
6.167970203601756685e-02 1.211451670290612376e-01 1.570530425650435102e+00
6.052682484294167470e-02 1.342723674372795495e-01 1.542577418900815012e+00
6.107035218134085897e-01 9.213109096074767468e-01 1.871794825519436767e+00
1.778382187637594924e-03 8.976919318550674598e-02 7.097056487163840854e-01
9.576418719565864546e-01 4.229186779375680993e-01 1.358389191223624781e+00
5.838574539404309816e-01 6.838389696201596646e-01 1.768041503058626285e+00
9.360969421845676264e-01 3.756025692797730353e-01 4.429893072112218722e-01
4.056335158499601024e-01 4.798836922245131031e-01 2.669369311972419112e+00
5.705988862523541094e-01 7.103315939785550537e-01 1.775839120757848555e+00
6.816309247170626584e-01 8.290696479437257294e-01 1.379358327085209002e+00
2.925715975095675159e-01 5.146561856579081606e-01 -1.292897126033792699e+00
6.251584846603915890e-01 6.389328162760008478e-01 2.541853087802273148e+00
5.817983540593253400e-01 5.786459291045402686e-01 2.635406016751901337e+00
7.148869034118188193e-01 3.127836435954010619e-01 6.201428297305039417e-01
6.404727623662928027e-01 5.979690707228157986e-01 2.706053801020675387e+00
3.093048320995807621e-01 8.478756224526158569e-02 1.336145597051067613e+00
2.095464973596282421e-02 5.203569099729677960e-01 1.391129814890509353e+00
