2.362295404354050610e-02 5.242346160083932727e-01 2.281225959347958909e-01
9.108985417373549609e-01 3.705589015845823231e-01 1.008320992267952798e+00
7.962942896007320082e-01 7.962942896007320082e-01 -2.402400191775648786e+00
2.760742516169928940e-01 4.136356439034534205e-01 2.910058475720452620e+00
3.546846940741519849e-01 2.691202939920666615e-01 2.805791265643033050e+00
4.321762871753273005e-01 4.840859245785301135e-01 2.868399075243803775e+00
9.480951720630451662e-01 2.313064910572278643e-01 1.531361262077036267e+00
3.621690749806791843e-01 7.818749452524240695e-01 2.899584129730566895e-01
7.132017965633831169e-01 9.555308433684533975e-01 1.823184320161965966e+00
5.732508495714195851e-01 6.509556059999842548e-01 2.587972055742321587e+00
8.431117674056269884e-01 1.997422118042982420e-01 1.423632474951754157e+00
5.334733842988462760e-01 3.816064409018419257e-01 2.306020667113488187e+00
3.949298442539962983e-01 9.378349413364842624e-01 4.364972382174998611e-01
2.005958138406382929e-01 2.140862446514322226e-01 1.352987435160820651e+00
2.965823768709916486e-01 8.659386969352937946e-01 5.358488854429541703e-01
8.386862955612901516e-01 4.343275286232732846e-01 7.292461340386193758e-01
9.451366854142028151e-01 5.004583321931872497e-01 8.642084697461229759e-01
7.716795355462853223e-01 3.781281184184917543e-01 9.478773556580101234e-01
4.622920002028299558e-01 3.546741079230040783e-01 3.068920554460145222e+00
4.070207709330664336e-01 7.657342390553883993e-01 1.557046715479522447e+00
2.606102622400677249e-01 8.768702405657572418e-01 1.325833703480495229e+00
1.106995094178434974e-01 1.487117403624027001e-01 1.686359559512087269e+00
2.878894355996716170e-01 2.878894355996716170e-01 -3.074570600335075898e+00
9.465587043627879948e-01 8.202225070874299417e-01 1.067157193249335556e+00
2.311304599919511704e-01 3.625971943718848678e-01 1.662363208403623283e+00
2.933199142901704581e-01 3.186137582403007484e-01 1.769864783825491283e+00
9.429866424969950423e-01 1.599236985369950625e-01 1.615550746240156155e+00
5.427810499573310077e-02 3.181806504362132970e-01 1.555330068180028391e+00
8.359710146289363319e-02 4.229953205163018426e-01 1.240726264717601834e+00
5.046360969574532618e-01 5.293598687394367452e-01 2.045210054951221323e+00
9.610377459376794329e-01 3.004163374757940486e-01 1.710249543113947723e+00
6.192568376766964533e-02 1.311421412206700832e-01 1.546195672350745731e+00
6.435376575151396938e-02 1.435111186127521199e-01 1.178085708399847942e+00
6.041020233363987302e-01 9.288222488927198039e-01 2.291814565497299672e+00
1.339158326265612632e-03 9.975954264884392964e-02 1.614732847541765937e+00
9.580611687195013104e-01 4.329098835817638546e-01 1.528854354694885620e+00
5.786236330029379538e-01 6.923599506900987022e-01 2.121611597891627454e+00
9.372167197165119923e-01 3.855396764181183156e-01 1.458583228053694558e+00
3.981958275905614353e-01 4.865680615557217981e-01 2.409487405372761071e+00
5.654080632965587938e-01 7.188788366357860005e-01 2.116573242240074038e+00
6.822730045886984396e-01 8.440558994242808311e-01 1.527977919226101378e+00
2.821662849571031084e-01 5.038520442905654040e-01 -2.337392411763716371e+00
6.101685488580089745e-01 6.394822019697067317e-01 3.104958747179005218e+00
5.684990838286297921e-01 5.855834655066743943e-01 2.660777085309018908e+00
7.218624326697959948e-01 3.260630257937980891e-01 1.087121860376435212e+00
6.301488234800285415e-01 6.088509954548051439e-01 2.329887751036978205e+00
2.952682966472092718e-01 9.007676563465004393e-02 2.781230061075685267e+00
3.184364816817260996e-02 5.306733877218573481e-01 7.584060020368479371e-01
