2.647718202571851254e-02 5.338186330485362729e-01 1.281348778306250491e+00
9.105069984789636583e-01 3.805512333383226919e-01 1.609960663871933706e+00
7.975545007598872083e-01 8.062145651933927404e-01 1.444439240607620523e+00
2.666522216103979770e-01 4.169860693323840239e-01 2.799942271273953232e+00
3.453970898738468187e-01 2.728270996544226445e-01 2.761850971604109084e+00
4.263583519406243805e-01 4.922192897864131611e-01 2.191728425981042783e+00
9.477580802788841963e-01 2.413008078987659288e-01 1.604511892483099667e+00
3.679622809532741012e-01 7.900259430170594177e-01 9.529014042106561666e-01
7.064340912417865770e-01 9.628927836480287716e-01 2.314163358966848438e+00
4.393025040618879773e-01 4.393025040618879773e-01 -1.659447287514000502e+00
8.424257102295467092e-01 2.097186503246896150e-01 1.639455976976146090e+00
5.240695310963788822e-01 3.850075502718040554e-01 2.794557788855416280e+00
3.967623061318961142e-01 9.476656118866575440e-01 1.386508783082657903e+00
1.952168729272753533e-01 2.225163688883904367e-01 2.138733364054516972e+00
2.967773924128132013e-01 8.759367952013865644e-01 1.551293536293133268e+00
8.420142790677389577e-01 4.437575087813014352e-01 1.231526795293899745e+00
9.430058597601460590e-01 5.102286741540407178e-01 1.785525230113234274e+00
7.695146332159102931e-01 3.878909662560818261e-01 1.789014331698747018e+00
4.571282804559373414e-01 3.632377519123085596e-01 2.113405295798081340e+00
4.017537770910856731e-01 7.742347552672743660e-01 2.125509358698463469e+00
2.559256496810684012e-01 8.857050809815240067e-01 2.058344621652963280e+00
1.132267011223622305e-01 1.583871371030336483e-01 1.315306701866209238e+00
2.806098453668106063e-01 2.947456419881662737e-01 2.386136722786110109e+00
9.438366834921514403e-01 8.298449081588786802e-01 1.846477120573034814e+00
2.278826143316858566e-01 3.720550746083382543e-01 1.901580263459147657e+00
2.899237561259894735e-01 3.280194006810842056e-01 1.917304733429520347e+00
9.422193242268647184e-01 1.698942162102317077e-01 1.647603650608197023e+00
5.966009683170467315e-02 3.266088272187407937e-01 1.002497340537950254e+00
8.088847448852984345e-02 4.326215004394982078e-01 1.845085444572105882e+00
5.047105048239398650e-01 5.393595919090752311e-01 1.563355471484284109e+00
9.626627568844393634e-01 3.102834211089102734e-01 1.407571413856561149e+00
6.214141336353868478e-02 1.411398139869425583e-01 1.549221693541552813e+00
6.112947385253545557e-02 1.529770544751051786e-01 1.899090940058330457e+00
6.002607367955483664e-01 9.380550446616665594e-01 1.965060212973849030e+00
3.928532200476815908e-03 1.094184837367454671e-01 1.308874420000780248e+00
9.616846280959583382e-01 4.422303203819983319e-01 1.200012678440231406e+00
5.773687666921951678e-01 7.022809037966385448e-01 1.696614651158074860e+00
9.424826289078770403e-01 3.940408645932087506e-01 1.016210888053702410e+00
3.945749430581756423e-01 4.958894989557759980e-01 1.941303732103695889e+00
5.600040543520504732e-01 7.272929133722838557e-01 2.141709820186550317e+00
6.865751254349381494e-01 8.584257204469779579e-01 1.279903082887696497e+00
2.777277586160675216e-01 4.895237686120361698e-01 -1.871195738933307373e+00
5.953126732557029177e-01 6.374078442163748637e-01 3.280327791712777330e+00
5.535567370341609728e-01 5.842695886959246021e-01 -3.053888472339457039e+00
7.237060640713786075e-01 3.409492954156710942e-01 1.447575989089428194e+00
6.165559186131241987e-01 6.151939393517105170e-01 2.704990365944986763e+00
2.814385354835527986e-01 9.588518247198357658e-02 2.743969754568346353e+00
1.695099525276284186e-02 5.324647249712710639e-01 3.021884471057059152e+00
