3.266443390916540929e-02 5.416747080310438944e-01 9.036773706543356210e-01
9.159712708480645116e-01 3.889262991575435091e-01 9.927040074943800363e-01
7.984161655758295062e-01 8.161773727166247161e-01 1.484522861194901067e+00
2.577342026490349602e-01 4.215103303554428860e-01 2.672108736080136993e+00
3.401717015075786388e-01 2.813532544982939032e-01 2.120622273869150476e+00
4.211149035959010911e-01 5.007343499421735844e-01 2.122741837725859337e+00
9.537817302422896271e-01 2.492830156834810185e-01 9.243356836917383523e-01
3.630250921115233398e-01 7.987221586503617798e-01 2.087157353560381789e+00
7.028576957622616472e-01 9.722313807254292506e-01 1.936535362718563080e+00
4.329148918636666621e-01 4.469965543869855451e-01 2.263683464747229479e+00
8.386771215225514720e-01 2.189894692046908675e-01 1.955040867009429917e+00
5.207405612276791995e-01 3.944371822695699192e-01 1.910170458776737634e+00
3.969799258729952429e-01 9.576632436886536315e-01 1.549032634633446870e+00
1.966772580082545019e-01 2.324091579498863691e-01 1.424233672722172939e+00
2.924389168640583736e-01 8.849466581255855946e-01 2.019555116217294444e+00
8.494446785225040486e-01 4.504499794717585215e-01 7.331950128999451533e-01
9.406869296623430188e-01 5.199560871298274378e-01 1.804819616446298625e+00
7.709554926394394103e-01 3.977866180345968616e-01 1.426207112799751986e+00
4.486350203959673655e-01 3.685164386385424984e-01 2.585503484655722328e+00
4.028723678811469422e-01 7.841719960636116538e-01 1.458702652538520050e+00
2.525330541886205427e-01 8.951120090573956301e-01 1.916925979054903140e+00
1.115572438501663127e-01 1.682467979702395866e-01 1.738527431844713478e+00
2.761614090752261830e-01 3.037017245335493221e-01 2.031795982692157221e+00
9.388533484090193504e-01 8.385147623358083502e-01 2.092471870117361465e+00
2.222810142616994944e-01 3.803389189245919844e-01 2.165375269671863556e+00
2.864793610903759169e-01 3.374074858340129213e-01 1.922438016890132273e+00
9.427301767862904525e-01 1.798811591690418765e-01 1.519688825157006873e+00
5.761872636504065948e-02 3.363982504202288060e-01 1.776378436890597268e+00
7.771253589240373350e-02 4.421037688407636335e-01 1.893987216537012408e+00
4.986296879588862363e-01 5.472983365361355768e-01 2.224438280976543059e+00
9.581940694691720717e-01 3.192294164579271287e-01 2.034058414479603893e+00
5.919334127863917078e-02 1.506953815254112317e-01 1.870050080879880339e+00
6.509461664466810460e-02 1.621573400173962620e-01 1.163079571839908066e+00
5.929371762525336154e-01 9.448642634841746268e-01 2.392571964680438867e+00
6.581469682831245921e-03 1.190601600803445903e-01 1.302287752132356369e+00
9.624570740875124653e-01 4.522004421059359069e-01 1.493474704396817065e+00
5.736760207064495187e-01 7.115741070702551463e-01 1.949024654320968386e+00
9.460156436946631775e-01 4.033959598100598787e-01 1.209698494351509224e+00
3.853357055762000605e-01 4.997152656438604845e-01 2.749009129166710252e+00
5.583236688519768176e-01 7.371507176192316768e-01 1.739635913761180319e+00
6.922519143774691353e-01 8.723100305595459236e-01 1.182672350090729241e+00
2.663605590122460898e-01 4.797366968759712025e-01 -2.430751486923763860e+00
5.858341487983120821e-01 6.490335731875250813e-01 2.254800654555674466e+00
5.385739313615849344e-01 5.835515816083393092e-01 -3.093707216176834862e+00
7.313576566293774617e-01 3.538509670641969973e-01 1.035488102924258857e+00
6.124524017559825895e-01 6.296217302222198997e-01 1.847896701957563836e+00
2.701954729636524277e-01 1.058146107119987828e-01 2.418159450425498846e+00
3.190857880237064903e-02 5.335919757670134489e-01 7.522096879131018321e-02
