3.715535841423876079e-02 5.506095609727398310e-01 1.105046988172148525e+00
9.224642121204653655e-01 3.965316731544718531e-01 8.641403818687710681e-01
7.929400558414811950e-01 8.245447033648886093e-01 2.150302704506696916e+00
2.538800879317625325e-01 4.307377785263135084e-01 1.966450029316363146e+00
3.335005320601418521e-01 2.888027845642501257e-01 2.301128257791169585e+00
4.174562380789518801e-01 5.100410231735214017e-01 1.945360067553638883e+00
9.491336519294212293e-01 2.581371315624065854e-01 2.054213886795160260e+00
3.584616536309452317e-01 8.076201937836919864e-01 2.044678232115153538e+00
6.937724973060727107e-01 9.764097977715918697e-01 2.710524252170592785e+00
4.328306113705616132e-01 4.569961992206024726e-01 1.579224475885478096e+00
8.331669887407240349e-01 2.273344339575601447e-01 2.154374317610652234e+00
5.156331236583902022e-01 4.030345121734305036e-01 2.106845997221951095e+00
3.925271419333881684e-01 9.666171654655721923e-01 2.032281482065471323e+00
1.939861353232551211e-01 2.420402460864513050e-01 1.843267503990998035e+00
2.865539292035120256e-01 8.930316392780198731e-01 2.199997091887843759e+00
8.460768828222038351e-01 4.598658146509149169e-01 1.914290895410537985e+00
9.441674473004156853e-01 5.293308402983681882e-01 1.215304200298611415e+00
7.663433031256386974e-01 4.066594816021711356e-01 2.050164832623984523e+00
4.426037181997954928e-01 3.764928660229328594e-01 2.218215978246692810e+00
3.975540544838847556e-01 7.926404990368945969e-01 2.131557958002699316e+00
2.520492031970422708e-01 9.051002966092209778e-01 1.619200325072762903e+00
1.164878932071825995e-01 1.769467230801560487e-01 1.055187131659540700e+00
2.772863477889597750e-01 3.136382487191156088e-01 1.458063828092097225e+00
9.328894596684741414e-01 8.465417188630606216e-01 2.209791127945223810e+00
2.212143829855379995e-01 3.902818710878437902e-01 1.677662748409129989e+00
2.835940433734803756e-01 3.469821890499130701e-01 1.863489364231920797e+00
9.453493640819468080e-01 1.895320585007245207e-01 1.305786523145315181e+00
5.712875120375252719e-02 3.463862394240934117e-01 1.619813469319231425e+00
8.246458518980535890e-02 4.509025203132774884e-01 1.075599401973465152e+00
4.933032578687204794e-01 5.557617367095042393e-01 2.132516703420921811e+00
9.584884100531547713e-01 3.292250837003187214e-01 1.541358016638397777e+00
6.198030696388721894e-02 1.602991736029840131e-01 1.288359690391703838e+00
6.659333061451466751e-02 1.720443950104964259e-01 1.420358127415839444e+00
5.852888125524120522e-01 9.513065094210093608e-01 2.441583623658967195e+00
4.263067376869057387e-03 1.287876988619537089e-01 1.804765358605183057e+00
9.669421760593690518e-01 4.611382192514038025e-01 1.105698546782427183e+00
5.661458020298034688e-01 7.181540619851379814e-01 2.423438951586347478e+00
9.500351928633188336e-01 4.125525543997946021e-01 1.157145496197915069e+00
3.784436341745820997e-01 5.069609092864225675e-01 2.331190551955137025e+00
5.522748253489311310e-01 7.451138509394557019e-01 2.220416954812815202e+00
6.840752315575466813e-01 8.848854771942538111e-01 2.147319253615212364e+00
2.695516412679522800e-01 4.650800603574067327e-01 -1.356419238367029045e+00
5.905856967839837601e-01 6.632611095779146204e-01 1.248474294684741359e+00
5.239282910497352619e-01 5.803104059179571284e-01 -2.923796487104191932e+00
7.416007828961839188e-01 3.648089944543005392e-01 8.191053080290122690e-01
6.068856513769488314e-01 6.435505237886968155e-01 1.951007631066913772e+00
2.579177813761516780e-01 1.144319356613211630e-01 2.529613764417311117e+00
3.966144407693937557e-02 5.464330458172228511e-01 1.027620083634953829e+00
