3.860312403285550559e-02 5.605042047113264481e-01 1.425509175287765773e+00
9.266120831705294547e-01 4.056308580493973581e-01 1.143087507801799463e+00
7.880977793225926176e-01 8.332941238093878322e-01 2.076276536600692335e+00
4.721934961284216525e-01 4.721934961284216525e-01 6.154901626798179315e-01
3.363349515073278395e-01 2.983926785364175993e-01 1.283414974183776813e+00
4.168273170349200418e-01 5.200212264941143081e-01 1.633729965917527061e+00
9.491890326393956911e-01 2.681369782100788690e-01 1.565258227488071752e+00
3.572838838075624301e-01 8.175505944927836666e-01 1.688847311916328975e+00
6.858804770392078476e-01 9.825511344426589577e-01 2.480304889291655268e+00
4.259784446967165294e-01 4.642795921026215966e-01 2.325697465422543964e+00
8.326034026202451255e-01 2.373185398606845464e-01 1.627184816813639356e+00
5.102190508448601891e-01 4.114421168007780238e-01 2.142906355491585479e+00
3.855352667995286531e-01 9.737665488034914496e-01 2.345056748003936598e+00
1.917845782476446936e-01 2.517948935143612399e-01 1.792770418393523357e+00
2.864193253661862504e-01 9.030307333273314141e-01 1.584257117023671002e+00
8.469605401066048200e-01 4.698266956261964444e-01 1.482315191713610814e+00
9.519002943252671267e-01 5.356714299310636473e-01 6.867909776119327514e-01
7.634542354959727994e-01 4.162330539882356240e-01 1.863881035294141064e+00
4.442904114046983821e-01 3.863495929661191486e-01 1.401316835734205624e+00
3.926377067533429188e-01 8.013485140226647152e-01 2.084762406986362393e+00
2.534609431221710452e-01 9.150001446072357769e-01 1.429149142829329033e+00
1.227992940200263450e-01 1.847034117924633290e-01 8.877741884557287522e-01
2.801120835500165440e-01 3.232307049952048983e-01 1.284320357040796168e+00
9.287898103814180573e-01 8.556627317302338831e-01 1.993211937553093005e+00
2.220640139678347058e-01 4.002457120738251439e-01 1.485730674157237363e+00
2.768344384142547021e-01 3.543515676394016212e-01 2.313063612009159886e+00
9.414341438322587630e-01 1.987337458675302593e-01 1.973081410192929486e+00
5.538962287739909729e-02 3.562338499294127048e-01 1.745597996062922874e+00
8.964068156143331634e-02 4.578669758458448480e-01 7.704323374919622713e-01
1.170699750311954279e-02 1.170699750311954279e-02 -1.407104177963607095e+00
9.649858647150830748e-01 3.368266021615332617e-01 8.635467840107766690e-01
6.330789585404393571e-02 1.702106572325287059e-01 1.437644334416361414e+00
6.546684209111176822e-02 1.819807436158263347e-01 1.683684797881001671e+00
5.754744609749820050e-01 9.532244518379230369e-01 2.948602650905034483e+00
6.477102482426385505e-03 1.385395216941917862e-01 1.347542861934118763e+00
9.751860243166778908e-01 4.667985165855079721e-01 6.016818118442593954e-01
5.618706047562502803e-01 7.271941221769842034e-01 2.012543671840193671e+00
9.572381579161834964e-01 4.194892174626232428e-01 7.665666560947512753e-01
3.718626493443907832e-01 5.144902278920330252e-01 2.289086807942027235e+00
5.439229436829584596e-01 7.506134938949201585e-01 2.559271166513698681e+00
6.832644457440486541e-01 8.998635487111290576e-01 1.624875069481674261e+00
2.663156918610403157e-01 4.504332644130403795e-01 -1.788235658268958250e+00
5.803835417170563060e-01 6.742572921878191572e-01 2.318754926829700302e+00
5.095279267033777648e-01 5.845091565288121904e-01 -3.425300000760729269e+00
7.434144283293796507e-01 3.796989471151604456e-01 1.449590076569399644e+00
6.006259753875863305e-01 6.571819747939345868e-01 2.001281470784912031e+00
2.440013428566706055e-01 1.200295011083260810e-01 2.759168040030467672e+00
3.656001567169842037e-02 5.611089151900118255e-01 1.779060499291410080e+00
