4.664761405684900164e-02 5.664444219004424186e-01 6.360490135093789243e-01
9.266975620386701529e-01 4.156304927108788183e-01 1.562248335883560824e+00
7.818977969545759521e-01 8.411401558406940149e-01 2.239536782746820442e+00
4.654238207037379449e-01 4.795536248395539380e-01 2.314430998396688199e+00
3.408539881244581071e-01 3.073133460032070885e-01 1.101898148128769961e+00
4.173556527759887946e-01 5.300072598079336172e-01 1.517938141939936258e+00
9.455440393489608075e-01 2.774490147173464538e-01 1.943891413253878930e+00
3.517121652771221796e-01 8.258545665915776324e-01 2.161772443781377895e+00
6.802396963368425586e-01 9.908083490497661128e-01 2.170112639786305309e+00
4.256561210145438645e-01 4.742743961249079043e-01 1.603034278794941203e+00
8.280117867586578306e-01 2.462020675259546931e-01 2.047847510062552168e+00
5.069702822855230995e-01 4.208996800624148493e-01 1.901677845001042755e+00
3.775547609920597014e-01 9.797924534705895194e-01 2.494849514197430285e+00
1.958834110708648213e-01 2.609162733160849679e-01 1.148470228838039509e+00
2.830429489756807748e-01 9.124434950086679486e-01 1.915202348311123792e+00
8.519051832613768749e-01 4.785186749216139290e-01 1.053577900788706723e+00
9.608792031466808492e-01 5.400736107970365296e-01 4.558415465779867559e-01
7.698389575214442671e-01 4.239295028224356887e-01 8.782847676572506090e-01
4.423546603904094932e-01 3.961604475675634118e-01 1.765601198819094275e+00
3.917347607369237594e-01 8.113076650151657132e-01 1.661214077843550463e+00
2.491579634508529761e-01 9.240270137182965415e-01 2.015619166895314507e+00
1.204774662902831084e-01 1.944301335420249577e-01 1.805117510129025771e+00
2.836902390361766835e-01 3.325686278540028740e-01 1.204868818218299165e+00
9.188087270259233108e-01 8.562775284858087366e-01 3.080074182369806124e+00
2.265749963692326174e-01 4.091704550826897879e-01 1.102800813292614590e+00
2.799525910522615013e-01 3.638529951177382760e-01 1.253693374829384810e+00
9.377291667622815741e-01 2.080220796745670675e-01 1.950341131253090499e+00
5.152631955566665950e-02 3.654574548344534102e-01 1.967446027069186032e+00
9.103454618489199845e-02 4.677693564389885927e-01 1.430954525161179713e+00
1.102426346723288549e-02 2.168366399229526911e-02 1.639122881935418885e+00
9.692253362895152380e-01 3.458834714202551619e-01 1.132997237480917185e+00
6.392169101383275709e-02 1.801918022320675716e-01 1.509378204670953627e+00
6.874249198368419245e-02 1.914290301155727458e-01 1.237071105136159144e+00
5.665072958737006337e-01 9.576505053900574715e-01 2.683090617348940388e+00
8.031016445817856786e-03 1.484180515136728773e-01 1.414772676688136777e+00
9.803940741149769211e-01 4.753352734227639931e-01 1.023002689601323345e+00
5.589521777064715424e-01 7.367587854515129653e-01 1.866949175701887897e+00
9.605496097497261410e-01 4.289250156140319015e-01 1.233279351526001655e+00
3.705037095119406709e-01 5.243974617406802485e-01 1.707112087583518178e+00
5.439738945981750229e-01 7.606133640942897012e-01 1.565701213228254396e+00
6.742195641158169606e-01 9.118297559770623950e-01 2.218042840546659455e+00
2.625454296196115256e-01 4.359148236348143746e-01 -1.824871950617490413e+00
5.791901147183059484e-01 6.892097412179497562e-01 1.650442305478799998e+00
5.025934664889936121e-01 5.712082820637582881e-01 -2.051380604022830401e+00
7.452846423541700238e-01 3.945819004343601444e-01 1.445790076424192439e+00
5.905415730598725377e-01 6.682862455801141799e-01 2.308098889792374653e+00
2.290097314165909781e-01 1.205310850291941710e-01 3.108147490704939564e+00
4.390062628849476095e-02 5.741900250730674893e-01 1.059424500385142576e+00
