4.994643410236703635e-02 5.758846436302159644e-01 1.234617746613362321e+00
9.255510197961617225e-01 4.255645473154269220e-01 1.685703248345771232e+00
7.785943958757575167e-01 8.505787755126832383e-01 1.907460215699889661e+00
4.679364394847023711e-01 4.892328162759056465e-01 1.316812589841413139e+00
3.421397640690359565e-01 3.172303405187014147e-01 1.441861792084667471e+00
4.113266869546252091e-01 5.379854532829522196e-01 2.217923100739645381e+00
9.421054900381298225e-01 2.868392425440279836e-01 1.921815413081138679e+00
3.500618945157645268e-01 8.357174569597307645e-01 1.736581790577848006e+00
6.773542552119875548e-01 3.830150760562034407e-04 1.863502253216188898e+00
4.255810430526497656e-01 4.842741142859181558e-01 1.578304193518093701e+00
8.254475847421194334e-01 2.558677215658208270e-01 1.830113072314489164e+00
5.014379130256796380e-01 4.292299195771430709e-01 2.157041327199088698e+00
3.699271293410674732e-01 9.862592328387743690e-01 2.438371602485420286e+00
1.954177361196357543e-01 2.709054247735310783e-01 1.617380668877043126e+00
2.783532613116945220e-01 9.212756425173010966e-01 2.058919151376881196e+00
8.567812574131384862e-01 4.872493049599629367e-01 1.061449126926364173e+00
9.582432382972796425e-01 5.497199411517735834e-01 1.837544986206687270e+00
8.402452319867259600e-01 8.402452319867259600e-01 1.848949430370909752e+00
4.383231777525845030e-01 4.053117943395372347e-01 1.985750795768635557e+00
3.861792785465717470e-01 8.196225082267171169e-01 2.159818473583243303e+00
2.458249358230161496e-01 9.334552122117563133e-01 1.910600811470424709e+00
1.245676771863145488e-01 2.035553828441528657e-01 1.149415272056478532e+00
2.833321909440529307e-01 3.425622158765164182e-01 1.606608790624908023e+00
9.119333289507345341e-01 8.635389953698268117e-01 2.328891911015281924e+00
5.196540710721772038e-01 5.196540710721772038e-01 -2.120374018422471085e+00
2.784955390800420427e-01 3.737462756429357214e-01 1.717022066179884954e+00
9.435302369190984306e-01 2.161674823678468027e-01 9.519362605727380577e-01
4.815105023257936628e-02 3.748706135496045477e-01 1.915084737337148235e+00
9.141844979003534155e-02 4.777619846229028688e-01 1.532396529942079866e+00
5.363190284375559877e-03 2.992697949143356684e-02 2.172572254129734315e+00
9.692675619036313917e-01 3.558833822697333726e-01 1.566573752835116906e+00
6.985723902791191042e-02 1.882397379781182989e-01 9.353276080120601632e-01
6.479541791835476128e-02 2.006170988094171659e-01 1.976545706693534132e+00
5.604452659606106169e-01 9.656036049954189737e-01 2.222073930692584298e+00
6.204488563493210616e-03 1.582498263226832236e-01 1.754480283792804629e+00
9.844232025146344434e-01 4.844876569559793955e-01 1.156099099171986611e+00
5.517244958576265068e-01 7.436696909704646474e-01 2.378595832818226175e+00
9.650340742014157369e-01 4.378631126476029700e-01 1.105769874221888882e+00
3.722224262707600206e-01 5.342486552065986993e-01 1.398067022961721806e+00
5.369339421019129199e-01 7.677154109013991645e-01 2.351803745257098122e+00
6.678342574148963262e-01 9.254028123143498430e-01 2.010517426938793761e+00
2.553031763985033065e-01 4.227790035887971642e-01 -2.074664838781801635e+00
5.708414066790159502e-01 7.016716461315131159e-01 2.161060524306278374e+00
4.988349908499636887e-01 5.566867855544167520e-01 -1.824060199432567364e+00
7.555165547829008066e-01 4.055503993312367661e-01 8.201281638111979078e-01
5.796042172808397730e-01 6.785514415627956764e-01 2.387885711354531981e+00
2.192713125113824046e-01 1.319399937073577334e-01 2.277365230943365404e+00
5.657898536310397575e-02 5.822062094007431909e-01 5.638122618829113364e-01
