5.538736820323041099e-02 5.842748901170637943e-01 9.954881194436634440e-01
9.212116319759522387e-01 4.345739709010852936e-01 2.019656371220195368e+00
7.789383413586802307e-01 8.605728588375698429e-01 1.536394993517889773e+00
4.605130866396351386e-01 4.959331022800723132e-01 2.407345339179679300e+00
3.440722865295308686e-01 3.270418315847770652e-01 1.376320523865653067e+00
4.050931772613717285e-01 5.458048750585130504e-01 2.243817191659295940e+00
9.435321632085755805e-01 2.967369495342722652e-01 1.427640548208063409e+00
3.439621215317260616e-01 8.436416458483927405e-01 2.226828268924594401e+00
6.769594112931152097e-01 1.037521694950379637e-02 1.610290985360791405e+00
4.218148617543041601e-01 4.935378002924704077e-01 1.956939227518622593e+00
8.214298706518223803e-01 2.650251214964031155e-01 1.984246755633487069e+00
5.025097185230040786e-01 4.391723153133781365e-01 1.463409499797529101e+00
3.632607616531948191e-01 9.937130601677435227e-01 2.300483871526951773e+00
1.972614010397075179e-01 2.807340004415765922e-01 1.385369060752017489e+00
2.700712071521239044e-01 9.268798890231160215e-01 2.546694206665409244e+00
8.622111850744883510e-01 4.956466786918214962e-01 9.967993759282774979e-01
9.648982887877938230e-01 5.571838746300883383e-01 8.426260600690478331e-01
8.403880453610900192e-01 8.502442121517279627e-01 1.556514503851756936e+00
4.348197218421415156e-01 4.146779993705827505e-01 1.928736381585085979e+00
3.794279767730466268e-01 8.269994943567566814e-01 2.311937478893511422e+00
2.369930509579195044e-01 9.381453944821672719e-01 2.653413827477234754e+00
1.313033769147831098e-01 2.109466174614484379e-01 8.317680953410846456e-01
2.862862225059525367e-01 3.521159427687454713e-01 1.270918847241816252e+00
9.038871879967926848e-01 8.694769761503025052e-01 2.505821616578531419e+00
8.443915938724469994e-01 8.443915938724469994e-01 1.277094688537673939e+00
1.746180855485959249e-01 1.746180855485959249e-01 -7.122790821922628801e-01
9.384634615154928694e-01 2.247888388161916884e-01 2.102122978373186513e+00
4.505835004926266041e-02 3.843803562157397935e-01 1.885221648789241033e+00
9.112508205868884159e-02 4.877576804653244724e-01 1.600137309657476470e+00
9.978997895950366681e-01 3.658262748020035121e-02 2.413342332616397190e+00
9.680124449335089087e-01 3.658043036680365678e-01 1.696639916853577734e+00
6.674052133888284943e-02 1.977416362540889150e-01 1.887748257934518836e+00
6.276567585043714426e-02 2.104089396546170998e-01 1.775190730381793092e+00
5.596767145448470204e-01 9.755740276906375019e-01 1.647727330395496015e+00
9.077588754662073434e-03 1.678282027660845388e-01 1.279379065816480976e+00
9.855344692252629990e-01 4.944257194581901937e-01 1.459439655540804015e+00
5.452097015904291410e-01 7.512563539823621239e-01 2.280329170942829720e+00
9.690528750781673972e-01 4.470200356850113077e-01 1.157227216369737022e+00
3.678082593718813298e-01 5.432216775841950396e-01 2.027973220639069041e+00
5.276895955890822387e-01 7.715288158826089093e-01 2.750346716621085541e+00
6.669879845536532681e-01 9.403789206955123214e-01 1.627244490461537740e+00
2.427915328237226777e-01 4.145050217748426080e-01 -2.557312868133813755e+00
5.616947605676151367e-01 7.135602484426679659e-01 2.226574777514727987e+00
4.953069770192816135e-01 5.421075839846970501e-01 -1.808221610964310111e+00
7.653080508184690878e-01 4.169137881473184426e-01 8.595658785699636928e-01
5.676258728351758487e-01 6.875802434955567977e-01 2.495689217231764179e+00
2.102641635052082958e-01 1.439346286238767370e-01 2.214893319291971974e+00
5.286374823066191525e-02 5.967388283336720889e-01 1.821083789790848728e+00
