5.987828802792083405e-02 5.932097454112587043e-01 1.105047512006434918e+00
9.174280213520749072e-01 4.438305518382825166e-01 1.958821416413536021e+00
7.809018442516548753e-01 8.703781969953938713e-01 1.373161969914877378e+00
3.233928428776298158e-01 3.233928428776298158e-01 1.192287932791795235e+00
3.415887450923492108e-01 3.367285246185116043e-01 1.821777120921070026e+00
4.070754766211712727e-01 5.556064305089575273e-01 1.371244638037399044e+00
9.382471694481105962e-01 3.052262864313359247e-01 2.127628260096161128e+00
3.358181680047921946e-01 8.494447502719871812e-01 2.522482820987729912e+00
6.759507337056921417e-01 2.032421536766783332e-02 1.671835916643080733e+00
4.174961343884342480e-01 5.025571458307722672e-01 2.017364429362884959e+00
8.234165658258989495e-01 2.748257868965328643e-01 1.370796136386812858e+00
5.067822831552203366e-01 4.482136200568062057e-01 1.129340181150508382e+00
3.534819563028552269e-01 9.958047020874252198e-01 2.930872485924001403e+00
1.959176083058143114e-01 2.906433001690212903e-01 1.705583354462882451e+00
2.627618065586619922e-01 9.337043056988691969e-01 2.390494757252799918e+00
8.587693857544620446e-01 5.050357157798655017e-01 1.922161540491099219e+00
9.687874212976299582e-01 5.663966184298981910e-01 1.171344643154135223e+00
8.403403513852548690e-01 8.602440984153145731e-01 1.575565742460303342e+00
4.293470948229332618e-01 4.230476082926669656e-01 2.149886533428929880e+00
3.756976917090255053e-01 8.362776931766322530e-01 1.953067324547026917e+00
2.309251777361669422e-01 9.460940367916902405e-01 2.222808857523975945e+00
1.325391061867282894e-01 2.208699723964720751e-01 1.446906720009081493e+00
2.834920396248615249e-01 3.617176375163938529e-01 1.853984539616733374e+00
9.034891421084221275e-01 8.794690509834265368e-01 1.610611434233454764e+00
8.458283420108632100e-01 8.542878434037975977e-01 1.426622564048158903e+00
1.775381409751542738e-01 1.841822518115708296e-01 1.274473224211638112e+00
9.365320719638156044e-01 2.346005529579546778e-01 1.765156663488693489e+00
4.147390699934444536e-02 3.937158673437869960e-01 1.937397258751993867e+00
9.059332436578737546e-02 4.977435321443772209e-01 1.623997188547950277e+00
9.992157120205965581e-01 4.649566678053143609e-02 1.438821307329287702e+00
9.696198470325947394e-01 3.756742711701033799e-01 1.409355757716381996e+00
6.128351225565060317e-02 2.061214364823473755e-01 2.148021640009769140e+00
6.403351518406041887e-02 2.203282432301771065e-01 1.443670255133940872e+00
5.632519383647328626e-01 9.849130733933697535e-01 1.205182752060462326e+00
1.225503526268734329e-02 1.773099659823137997e-01 1.247446408432031806e+00
9.824655837881129949e-01 5.039431740639999102e-01 1.882718417925467014e+00
5.397916558950586197e-01 7.596613989461250549e-01 2.143378961756889467e+00
9.643056887903401764e-01 4.558214118472183052e-01 2.065440640913542847e+00
3.708632356332978164e-01 5.527436059625321363e-01 1.260335330624244188e+00
5.182262840783475877e-01 7.747608021528142874e-01 2.812485079234833929e+00
6.683233027835585593e-01 9.553193666468513534e-01 1.481657111298709584e+00
2.452616045126899402e-01 3.997097946440628102e-01 -1.405371426165145987e+00
5.554561988924867633e-01 7.272013755304719274e-01 1.999733079580855000e+00
4.848064030408186786e-01 5.313960039834634275e-01 -2.346247406853525064e+00
7.758151033125001428e-01 4.276190134082681338e-01 7.947402531070848486e-01
5.592666244058011049e-01 7.000350805356787554e-01 2.161906573077477134e+00
2.037967098538636668e-01 1.574687352906541660e-01 2.016578311948687752e+00
6.371766935411773969e-02 5.863854522540640213e-01 -7.618000536225049135e-01
