6.424283210993028681e-02 6.022070091595432828e-01 1.119142182048182166e+00
9.163359196413783936e-01 4.537707386500830498e-01 1.680224760436993092e+00
7.764371430863215018e-01 8.793261824392952786e-01 2.033612873611508665e+00
3.212902914175593816e-01 3.331693083615230311e-01 1.782632259038882117e+00
3.352782686351535313e-01 3.444859653616419437e-01 2.253699302064087640e+00
4.038884858903807884e-01 5.650849900029869533e-01 1.895153002490419514e+00
9.347188604868239548e-01 3.145831574827988586e-01 1.931391184261431526e+00
3.280183102941338635e-01 8.557027227626172738e-01 2.465439406415929291e+00
6.720566645470263945e-01 2.953487361708345346e-02 1.970783921088671509e+00
4.181238826318994239e-01 5.125374229883880028e-01 1.507980199930212262e+00
8.201873084109492229e-01 2.842900299485678350e-01 1.899615553785415800e+00
5.085670996129408872e-01 4.580530524699207851e-01 1.391353224119613596e+00
3.441126379418496528e-01 9.992998234658789780e-01 2.784542302413971271e+00
1.949375459870586191e-01 3.005951581790290428e-01 1.668960135990158467e+00
2.531387509288154924e-01 9.364240116287225746e-01 2.866152429916901667e+00
8.585087284499359761e-01 5.150323180911309251e-01 1.596865009756735843e+00
9.662531733328537653e-01 5.760701693422068947e-01 1.827015320583454061e+00
8.357563863134088722e-01 8.691315763601589195e-01 2.046986468269373027e+00
4.244912018554800048e-01 4.317894790014247808e-01 2.077833476645285948e+00
3.665694343094579866e-01 8.403611863928921455e-01 2.720947641473545175e+00
2.218721363657200074e-01 9.503416763650269772e-01 2.702891516936320127e+00
1.285222292284747547e-01 2.300277395644149125e-01 1.984155341557012342e+00
7.726945851162736467e-02 7.726945851162736467e-02 -2.190095093001880766e+00
8.992847460582680252e-01 8.885422562524286638e-01 2.004726101566014940e+00
8.403852482010435443e-01 8.626766889606964916e-01 2.146361962729121498e+00
9.339049099031994094e-01 9.339049099031994094e-01 -1.608979019940296462e+00
9.362981379489279110e-01 2.445978163273312411e-01 1.594191862487255973e+00
4.468048238620154350e-02 4.031878193225716389e-01 1.244372725452296047e+00
8.911919584967654961e-02 5.076342826274290454e-01 1.718748361457469231e+00
2.818330031066906827e-03 5.582417917376084060e-02 1.202247802477935501e+00
9.699888015103129701e-01 3.856674624818601793e-01 1.533892503088483128e+00
5.752871171671307404e-02 2.153897412309405401e-01 1.955710999194124833e+00
6.672270027876595067e-02 2.299598725589258874e-01 1.298526324774708529e+00
5.646416646941595507e-01 9.948160356132965676e-01 1.431372421888418733e+00
1.655864498853521632e-02 1.863365347283871265e-01 1.125903687852336521e+00
9.817015311404788669e-01 5.139139425174162890e-01 1.647276126852079692e+00
3.966739039024538283e-01 3.966739039024538283e-01 -4.184423573990994072e-01
9.634330737295268010e-01 4.657832662406353186e-01 1.658168957220318873e+00
3.649132459482972712e-01 5.607808705935112270e-01 2.208060692097824074e+00
5.133842779995950734e-01 7.835103722641582058e-01 2.076245627373653146e+00
6.737132417997879763e-01 9.693175292906174301e-01 1.203247268926188829e+00
2.512966074096893432e-01 3.859773971828323602e-01 -1.156731975674394342e+00
5.491382727745701686e-01 7.408059265913686797e-01 2.005558900313568316e+00
4.706070580344972054e-01 5.362311463176095971e-01 -3.469796027824383344e+00
7.895299440462685281e-01 4.336938091782812088e-01 4.169639394033525792e-01
5.465664329689842171e-01 7.080166303518613535e-01 2.580509821819601868e+00
1.930416281580275006e-01 1.679247487621398638e-01 2.370293168558213814e+00
6.937780896912294770e-02 6.002765580249754818e-01 1.183871203465346467e+00
