6.533148568384891663e-02 6.121475742036438517e-01 1.461714775078422068e+00
9.142710987518000154e-01 4.635552424542603855e-01 1.778774523448805045e+00
7.713567248116069974e-01 8.879395064291348838e-01 2.103706166214496687e+00
3.151375822214532718e-01 3.410524656952410028e-01 2.233525916137013123e+00
3.355090090079752563e-01 3.544833029512379774e-01 1.547720241542723585e+00
4.007203453900700096e-01 5.745698666901289942e-01 1.893164942511100790e+00
9.288060389662230465e-01 3.226478051295047500e-01 2.203444085356371041e+00
3.186588309998908408e-01 8.592241070558513938e-01 2.781737755314942717e+00
6.751240685074669790e-01 3.905280579500284427e-02 1.259029890679191688e+00
4.194257275201451751e-01 5.224523208641580485e-01 1.440241277023936339e+00
8.164900423955029352e-01 2.935814358707642402e-01 1.949511081510670873e+00
5.050306031571387688e-01 4.674068320706008528e-01 1.932266353612318133e+00
3.343610098073810377e-01 9.970849309793143878e-01 3.364934039404480881e+00
1.923220086308747578e-01 3.102470473380697369e-01 1.835427953018899938e+00
2.433163125305037033e-01 9.345479242343376347e-01 3.330319743731664062e+00
8.568948664730220433e-01 5.249012313808235630e-01 1.732891429194280519e+00
9.709246458877623942e-01 5.849119646445611886e-01 1.084734740367091277e+00
8.289648713696712301e-01 8.764715576114284756e-01 2.317402337120226363e+00
4.239760676415397778e-01 4.417762020246004950e-01 1.622332558386798684e+00
3.572748562678178530e-01 8.440504707446141452e-01 2.763736789449745324e+00
2.126302737787098551e-01 9.541610972534368962e-01 -3.533489444062894780e+00
1.244059516552741551e-01 2.391412602310050706e-01 1.995035760630816668e+00
7.292995555303004307e-02 8.627882663998825974e-02 2.019669151032475796e+00
8.911564522007606737e-01 8.943672746185806766e-01 2.519789409464176622e+00
8.364127797541921483e-01 8.718538069417823833e-01 1.979311196180450150e+00
9.301298694015043278e-01 9.431649892338834773e-01 1.957895750397496304e+00
9.389616589162493865e-01 2.542365743415485602e-01 1.301189905091403975e+00
4.882353494397217303e-02 4.122891991906768028e-01 1.143616996006548758e+00
9.036097377280551124e-02 5.175568824676740620e-01 1.446297159918374708e+00
9.992043848354810187e-01 6.514830916659671012e-02 1.940559390423630015e+00
9.737473609832874022e-01 3.949342435134867713e-01 1.185476052389838220e+00
5.693713347569403366e-02 2.253722276539091574e-01 1.629988710612229719e+00
7.027025568225704621e-02 2.393094634943177257e-01 1.208143738109403120e+00
5.720432402207765721e-01 1.540370504108157235e-03 7.374916964330088254e-01
1.743491031653870288e-02 1.962980687003685054e-01 1.483057266013124709e+00
9.842400412104482799e-01 5.235863758526563272e-01 1.314136713902162468e+00
3.930208560461956324e-01 4.059827836073316987e-01 1.944756522707054902e+00
9.656684369385498679e-01 4.755302222436008641e-01 1.345355228017129701e+00
3.587177087119061691e-01 5.686304131504053005e-01 2.238970364297883542e+00
5.057013035733839423e-01 7.899113021939564439e-01 2.446973356333247640e+00
6.820661278770162594e-01 9.817766341613874959e-01 9.801968268270493390e-01
2.563389331188554165e-01 3.718502972878545143e-01 -1.227964948140450430e+00
5.383973860843112025e-01 7.512765212787309022e-01 2.368936522197531147e+00
4.595881493339342705e-01 5.260535409485328495e-01 -2.395864313455211558e+00
7.974824367216213350e-01 4.464122155347576282e-01 1.011999783860066504e+00
5.412791463602752984e-01 7.220538879300839596e-01 1.931022366284306457e+00
1.804905772858344803e-01 1.761388294778147845e-01 2.562092959464239872e+00
6.087528329505882685e-02 6.126340277158903724e-01 2.173455330215331216e+00
