6.326200249237880213e-02 6.219310929632836382e-01 1.779251045978185397e+00
9.125304455517916358e-01 4.734025835389035208e-01 1.745752845253079277e+00
7.653585645443834462e-01 8.959408858982452761e-01 2.214067488817415441e+00
3.157119285495305072e-01 3.510359583854483767e-01 1.513330070062598454e+00
3.303440525439057529e-01 3.630462011010623935e-01 2.113549716915276377e+00
3.983864661543640717e-01 5.842937037780866483e-01 1.806356703770833239e+00
9.316438615025650627e-01 3.322366926172287127e-01 1.283060093543683333e+00
3.088191967741187871e-01 8.574404035202225494e-01 3.320922649062286514e+00
6.820395780624615156e-01 4.627608258568309541e-02 8.071623114950065014e-01
8.914643564624700200e-01 8.914643564624700200e-01 -1.881862002308378301e+00
8.190407467958658039e-01 3.032506606102131075e-01 1.312875774562773268e+00
4.979255763267153023e-01 4.744437769857584586e-01 2.361008627183728059e+00
3.260315972478950441e-01 2.618545206370503919e-03 2.555198194216736773e+00
1.910131383367877633e-01 3.201610202325886889e-01 1.702059980260808070e+00
2.341778001959243238e-01 9.386084158684553369e-01 2.723466047335103557e+00
8.617753796130309674e-01 5.336293807545567924e-01 1.060940616217015631e+00
9.764458512226503739e-01 5.932496076958080344e-01 9.858908994578712282e-01
8.200359774145964398e-01 8.809743181801272804e-01 2.674518166109779216e+00
4.171178738215925996e-01 4.490539199037188456e-01 2.326525306904794643e+00
3.472794025241315863e-01 8.437489670832294397e-01 3.171747589602392559e+00
2.053494821078648280e-01 9.610160277888802893e-01 2.386311972728927699e+00
1.216050627436164044e-01 2.487410009204483463e-01 1.854683032218090055e+00
7.236190811762170660e-02 9.626267970937615881e-02 1.627631664171583115e+00
8.867263525078473707e-01 9.033324414720670381e-01 2.029749630692445184e+00
8.337636145106150920e-01 8.814965204349970440e-01 1.838913679462731876e+00
9.284989251187769632e-01 9.530310938728298042e-01 1.734622595754048646e+00
9.412012250628519761e-01 2.639825654904769947e-01 1.344924001534900215e+00
5.042750426316942175e-02 4.221597251352794400e-01 1.409703548399856343e+00
9.461810675333394427e-02 5.266054635048366128e-01 1.131046288986868653e+00
4.412274288210227269e-04 7.507152539921503609e-02 1.446794527189039004e+00
9.802616393050905819e-01 4.025213495458344060e-01 8.613314875562871897e-01
6.175492345928506460e-02 2.341351552282994741e-01 1.068112603138578365e+00
6.734764850577538986e-02 2.488728503050651464e-01 1.867386243423666548e+00
5.817999720528599372e-01 3.732671568472255719e-03 2.210253108457482796e-01
1.483984941737375406e-02 2.059554834128899392e-01 1.833307063578291096e+00
9.887822744880244707e-01 5.324952543933078042e-01 1.099296102361789540e+00
3.850299428514605826e-01 4.119948802727396164e-01 2.496578602670790570e+00
9.708736361658016900e-01 4.840687174860084929e-01 1.023336572932296740e+00
3.561183321086653364e-01 5.782866671484381271e-01 1.833753970281389201e+00
4.960188873072793325e-01 7.924114652386141655e-01 2.888895559231260179e+00
6.788915149319233455e-01 9.964368467331358170e-01 1.784049876412025837e+00
2.704215067787087978e-01 3.666849203301869031e-01 -3.515553695811142187e-01
5.317311611117198078e-01 7.647138366584784741e-01 2.031317447499811468e+00
4.512918175562510847e-01 5.135567061878982820e-01 -2.156863502709312819e+00
8.091618755730389800e-01 4.558244792431327963e-01 6.783179863469025461e-01
5.284560356776537571e-01 7.298364217347800276e-01 2.596104354010063453e+00
1.685355142013132412e-01 1.851984357962547512e-01 2.493115043986281698e+00
5.545652892483637214e-02 6.266210610351898858e-01 1.940404712305805912e+00
