6.823425951020738178e-02 6.306073052790729383e-01 1.050398083291619766e+00
9.128033306757140641e-01 4.833988595309488545e-01 1.543504426476742575e+00
7.625609196624610897e-01 9.055415724942473821e-01 1.854345119977246714e+00
7.317399193205884611e-01 7.317399193205884611e-01 2.430137046501417153e+00
3.216488762674353796e-01 3.679852201859725724e-01 2.625021149921464847e+00
3.906787647770376681e-01 5.906648370742876297e-01 2.450845388562380212e+00
9.276861645300495951e-01 3.414201905713713514e-01 1.977702157442202235e+00
2.997238820435612627e-01 8.615967540771538591e-01 2.712951739026294717e+00
6.861331283276330684e-01 5.539983434833608417e-02 1.149049293766375879e+00
8.823029297444120456e-01 8.954728799424627184e-01 2.729145630669003175e+00
8.155212956227315679e-01 3.126108669882757263e-01 1.930444691677383862e+00
4.897331226442104835e-01 4.801782083141477586e-01 2.530890139662214988e+00
3.173705422840913393e-01 7.617157705251735751e-03 2.618154085411807497e+00
1.841094904865323567e-01 3.273956346908486470e-01 2.332789480108283797e+00
2.242009274318602086e-01 9.392881289326787675e-01 3.073568899030345580e+00
8.705687218120410353e-01 5.383914320952195576e-01 4.963340313387296643e-01
9.849057333071443709e-01 5.985816237419633312e-01 5.623805270272932422e-01
8.117039884815681061e-01 8.865040523889201607e-01 2.555663943534985716e+00
4.142878292405773877e-01 4.586451058402684078e-01 1.857721514673295937e+00
3.406631287280619258e-01 8.512472949671940903e-01 2.293783338571436126e+00
1.980582237779682231e-01 9.678598243935956358e-01 2.387840093832109822e+00
1.152980005992675083e-01 2.565012178702069656e-01 2.253259246888331013e+00
7.313369860908740250e-02 1.062328521972162321e-01 1.493540450677315112e+00
8.799462249635172650e-01 9.106829428483417255e-01 2.315852027655863399e+00
8.304928509461250163e-01 8.909464995728154646e-01 1.904004429256859199e+00
9.277100863223781690e-01 9.629999319873392416e-01 1.649762247720477637e+00
9.442264351859290805e-01 2.735139926507312302e-01 1.263459831614436535e+00
4.880367394235612249e-02 4.320270031332486549e-01 1.733901587933265764e+00
1.030442454220086845e-01 5.319906456871090761e-01 5.686775654133624514e-01
9.961058478201055832e-01 8.408287844125783561e-02 2.019211527858476796e+00
9.831558010671783698e-01 4.120933831696192984e-01 1.277179471932759380e+00
5.593165559656719521e-02 2.422647032722584637e-01 2.192384228264585566e+00
6.529558950420388808e-02 2.586600385557359938e-01 1.777470406649666490e+00
5.889224654798641545e-01 1.075193701310970910e-02 7.780987779438515162e-01
1.100845801613693081e-02 2.151923898176625050e-01 1.963988713436527478e+00
9.967539341957495358e-01 5.385328566909283188e-01 6.482097275386056179e-01
3.751670616220393883e-01 4.136452056510609987e-01 2.975801652181765622e+00
9.705663391366697867e-01 4.940639947976135371e-01 1.601530868182500678e+00
3.534678094277906024e-01 5.879290076069663140e-01 1.839054455557930678e+00
4.902098361206768118e-01 8.005511780290897050e-01 2.190636555442637690e+00
6.877009746666682410e-01 8.577415878851635256e-03 9.430807868880368705e-01
2.849383208755730812e-01 3.704614410142402781e-01 2.545067164756177336e-01
5.168528746367813120e-01 7.666208216006481502e-01 3.014115343617877585e+00
4.409021336527998436e-01 5.027375348524232290e-01 -2.335946875040780579e+00
8.169449033002815774e-01 4.686472901439053818e-01 1.025269508611346581e+00
5.192113027665494762e-01 7.416489114555097073e-01 2.234851715944035089e+00
1.551521948322043543e-01 1.919724126684055898e-01 2.673036576154147248e+00
6.978119412262769050e-02 6.310712258603605740e-01 3.012117883301051458e-01
