7.517114284417383829e-02 6.378100581979879724e-01 8.041990896297348534e-01
9.104376692833269225e-01 4.931150134087221582e-01 1.809626471583061447e+00
7.588477561336079980e-01 9.148266366624691059e-01 1.951222656362998409e+00
7.224408243626964099e-01 7.354178036260156093e-01 2.764963017841160386e+00
4.212737591413997507e-01 4.212737591413997507e-01 1.048827724915883053e+00
3.813387902684273190e-01 5.942376337629489136e-01 2.776238956641604361e+00
9.209588242238991862e-01 3.488190345625123978e-01 2.308694148918335465e+00
2.897250595994074196e-01 8.614432948634006548e-01 3.156939177349463943e+00
6.935914531134236283e-01 6.206116990433853398e-02 7.290126412519333243e-01
8.820924091891966246e-01 9.054706637516791723e-01 1.591849937633363909e+00
8.178397328796059851e-01 3.223383974398310592e-01 1.336823701996907365e+00
9.740337175089444077e-01 9.740337175089444077e-01 1.371132701948600818e-01
3.075561583024526979e-01 9.534934298328851324e-03 2.948619546933418434e+00
1.793986932502481813e-01 3.362165410727698256e-01 2.061310755953285945e+00
2.169045035801457078e-01 9.461264181175650378e-01 2.388595171917704540e+00
8.780128804362482553e-01 5.450685948442950401e-01 7.311367418715153388e-01
9.914266456696416707e-01 6.061630287542700835e-01 8.604567754304049965e-01
8.045641216865220269e-01 8.935056452183410824e-01 2.365972091859333659e+00
4.097705431209557325e-01 4.675666598592425616e-01 2.039498285780152464e+00
3.311807098660100035e-01 8.544227843034384318e-01 2.818449142417692954e+00
1.884495918046276142e-01 9.706300575247411855e-01 2.860897864006928693e+00
1.150735601303584515e-01 2.664986988767363285e-01 1.593242258422628677e+00
6.789431839875902097e-02 1.147504161101915443e-01 2.122264150400507976e+00
8.723584738256917603e-01 9.171964697478354189e-01 2.432226849525013002e+00
8.294184903150164656e-01 9.008886195295613408e-01 1.678440151127218005e+00
9.299240799733072826e-01 9.727517642312637491e-01 1.347547112894061927e+00
9.448199800897181255e-01 2.834963623316830716e-01 1.511406930511919544e+00
5.480359946673486748e-02 4.400270589894229589e-01 9.273045274217701639e-01
1.093503378570456069e-01 5.397516506607429321e-01 8.884583594037044341e-01
9.894065474830540108e-01 9.150712082644305023e-02 2.304910869924765127e+00
9.886649844048764901e-01 4.204389747574954761e-01 9.873321061985367297e-01
5.512359765660336530e-02 2.522320019216248710e-01 1.651690318122364998e+00
6.518629150114660376e-02 2.686594412352227845e-01 1.581726344725622013e+00
5.918916520900090461e-01 2.030096475807603024e-02 1.269332160363031425e+00
5.993354947228516326e-03 2.238439065175380493e-01 2.096139934311955777e+00
9.982326091379277733e-01 5.484229285013538790e-01 1.422384611951200029e+00
3.725673184493266121e-01 4.233013609644314945e-01 1.833791932346708453e+00
9.735277374234279080e-01 5.036154407712442049e-01 1.270147671336199657e+00
3.522562826798528168e-01 5.978553464556572994e-01 1.692247355708684786e+00
4.806656114081656606e-01 8.035357675548187029e-01 2.838515046778709028e+00
6.849068207751898285e-01 2.331487509103390143e-02 1.758167703329563514e+00
2.998141657395373416e-01 3.723873796382023427e-01 1.287513299735635330e-01
5.030378240995262429e-01 7.724641407475961730e-01 2.741444702746854034e+00
4.360650095775259749e-01 4.885388648203249362e-01 -1.899139270018500802e+00
8.318700030491638087e-01 4.671501603947137427e-01 -9.997510897877626146e-02
5.187225992659996177e-01 7.566409483047357165e-01 1.603382326751902731e+00
1.568189900672642412e-01 2.068795181434594788e-01 1.459446687819763833e+00
7.201441155871612931e-02 6.459040522897081527e-01 1.421359598115349510e+00
