7.769282778620723029e-02 6.474868916187471735e-01 1.315875810675972479e+00
9.175166980091663538e-01 5.001781113337647744e-01 7.842716854318920738e-01
7.542514676975727861e-01 9.237077476635077167e-01 2.048373563468747882e+00
7.203533767132218602e-01 7.451975051710886255e-01 1.781087599743381489e+00
4.238153603518646784e-01 4.309453806852239222e-01 1.313817117986158411e+00
3.833818733912835452e-01 6.040266996710476066e-01 1.365039263853934370e+00
9.167187540968247950e-01 3.578756236178627370e-01 2.008661505381471368e+00
2.830550822053866100e-01 8.688938922598011816e-01 2.300968251990355373e+00
5.631276838983182431e-01 5.631276838983182431e-01 2.019130452268254494e+00
8.796844421456330165e-01 9.151764195036601324e-01 1.813982951977968217e+00
8.151668509875903412e-01 3.319745638140347843e-01 1.841374054405450433e+00
9.666641066387933190e-01 9.807930692250893534e-01 2.399359732072092299e+00
2.980841707964552723e-01 1.274140473889559880e-02 2.815180131916279915e+00
1.832447067245309147e-01 3.454473687905660895e-01 1.176020413999662173e+00
2.070392130471285230e-01 9.477622795723226190e-01 2.977267973658121125e+00
8.772038227608289773e-01 5.550358123937340071e-01 1.651790620075481053e+00
9.950080494769473205e-01 6.154997062558772436e-01 1.204520931671855921e+00
8.013936072509023623e-01 9.029897286328586459e-01 1.893415239341685874e+00
8.097925868241271363e-01 8.097925868241271363e-01 1.181728871437499606e-01
3.214136504885878876e-01 8.522769625219498435e-01 3.357856676571916665e+00
1.804181136733277457e-01 9.765878556940694732e-01 2.503356403450738288e+00
1.101858997231612292e-01 2.752228478750006757e-01 2.081471100471103508e+00
5.956324985946910566e-02 1.202815368821195802e-01 2.555497519919835092e+00
8.737860843189725335e-01 9.270940415853859973e-01 1.427545846552934261e+00
8.262272730867712411e-01 9.103657568928240629e-01 1.895598936756676345e+00
9.290377750374828603e-01 9.827124099714119598e-01 1.659543269958632994e+00
9.380600041034419245e-01 2.908654005772731144e-01 2.313113960300249516e+00
5.226215667804744863e-02 4.496987221634499154e-01 1.827759155575134464e+00
1.118678593347554873e-01 5.494295680818243044e-01 1.316306037269259210e+00
9.882769638120361133e-01 1.014431180451508818e-01 1.683996300872883545e+00
9.939221731198910614e-01 4.289455584909764863e-01 1.017236357542964154e+00
5.221309141587569119e-02 2.617990784564230289e-01 1.866121147652437307e+00
6.367495350235512219e-02 2.785445743882667413e-01 1.722511474090513861e+00
5.953702656152346506e-01 2.967642463704290440e-02 1.215507303360499280e+00
9.978286907782102366e-01 2.296178357695421723e-01 2.526060701223947991e+00
9.993319988055713310e-01 5.583623119006738689e-01 1.460634682470356216e+00
3.761594517954466310e-01 4.326339157070350772e-01 1.203371496334326052e+00
9.740060822774921911e-01 5.136039935293063019e-01 1.522943580595849999e+00
3.531701920691105445e-01 6.078134973697691956e-01 1.479277686501030642e+00
9.002505248028274121e-01 9.002505248028274121e-01 -3.018538245307706980e+00
6.881893832239959208e-01 3.795129486397319507e-02 1.350173396704187789e+00
3.145534053876128389e-01 3.751721264124351363e-01 1.867331017420334471e-01
4.898532201340853875e-01 7.796171973162583368e-01 2.644501867596244615e+00
4.317052160374992287e-01 4.741864364443203472e-01 -1.865705455076439145e+00
8.452030191405088821e-01 4.740226186090598648e-01 4.759284130833484339e-01
5.227709508009559247e-01 7.421975813202194017e-01 -1.297517430169910169e+00
1.526015975988557205e-01 2.212744339392330450e-01 1.855798459420746171e+00
8.694310600775143061e-02 6.444432025207919024e-01 -9.754459966563122642e-02
