8.196300695386045387e-02 6.565293232538849111e-01 1.129604005450886239e+00
9.178706339364083311e-01 5.101718458389138400e-01 1.535395340271866305e+00
7.525766831578826199e-01 9.335665050266653830e-01 1.739067765993467241e+00
7.233314812262667814e-01 7.547437554040010710e-01 1.268398117689018001e+00
7.377157143751489343e-01 7.377157143751489343e-01 1.720287484856290128e+00
3.801991067645698608e-01 6.135066783946460101e-01 1.894707387542856614e+00
9.128628023028338978e-01 3.671023042649003143e-01 1.966649125868745518e+00
2.732604858072069653e-01 8.668774891759000178e-01 3.344624994052249445e+00
5.615822060307031904e-01 5.730075370430118831e-01 1.725966051225746867e+00
8.742410225500676368e-01 9.235650536658235321e-01 2.146400798805955468e+00
8.115448095670801942e-01 3.412955517417229356e-01 1.941427845581693790e+00
9.625030700405523554e-01 9.898862410824831315e-01 1.999952516907390176e+00
2.882515240302364057e-01 1.091957665404087729e-02 3.324798610524240416e+00
1.779015125452552415e-01 3.539001952978685361e-01 2.134498715596381935e+00
1.971741014702086958e-01 9.493992198812289951e-01 2.977158614087873190e+00
8.809254720037017483e-01 5.643174785649031078e-01 1.189455919920368254e+00
4.539245447690021251e-04 6.238867465410837809e-01 9.948991127845295823e-01
7.941678626481373238e-01 9.099026596274233381e-01 2.378315556635063999e+00
8.045256131742678507e-01 8.182931155471941942e-01 2.125506983300775588e+00
3.114848128270936711e-01 8.534678372809795244e-01 3.022221886359886867e+00
1.705968140853292014e-01 9.747058157362631370e-01 3.330925795720690807e+00
1.099869954476882933e-01 2.852208695337689059e-01 1.590688066114427368e+00
5.604738377296932667e-02 1.296430904744353685e-01 1.930061705612361678e+00
8.670748553012475046e-01 9.345075026577627231e-01 2.306518757309441892e+00
8.194020445996128554e-01 9.176743994547559291e-01 2.322005292909934404e+00
9.289403082415920165e-01 9.927119349713156016e-01 1.580543160709366735e+00
9.399127230489371376e-01 3.006922735544211855e-01 1.384447786967168970e+00
4.758319283460876736e-02 4.585365554585394965e-01 2.057705361803468858e+00
1.121851353000286600e-01 5.594245336126233425e-01 1.539063404808211910e+00
9.900386918373731415e-01 1.112867105989262528e-01 1.393699247846433620e+00
9.899826443164552181e-01 4.381368648620479478e-01 1.975724649237223129e+00
5.421810199501939098e-02 2.715960133126687492e-01 1.368926989195816679e+00
6.574775635562671305e-02 2.883273903597275978e-01 1.362002283786757806e+00
5.955364098612496715e-01 3.967504434625857695e-02 1.554181137726613926e+00
9.943348994936733742e-01 2.389876501999401437e-01 1.927704719009289080e+00
9.956320298659121493e-01 5.676526418111537131e-01 1.949802004190687166e+00
3.755624642381970579e-01 4.426160800944056728e-01 1.630530599989562068e+00
9.706831464516310071e-01 5.230357535716954054e-01 1.909530628734521063e+00
3.488461910819403156e-01 6.168303158476443615e-01 2.017949212373876922e+00
8.974596978572473294e-01 9.098531955229877122e-01 1.853635042469076177e+00
6.734283590506352501e-01 4.061815919375485334e-02 2.962851467969431329e+00
3.256368106729833345e-01 3.852794567859917918e-01 7.393692992890750215e-01
4.755531650179130043e-01 7.841458200290081226e-01 2.834899051621338373e+00
4.209587995385907777e-01 4.637215173126696399e-01 -2.369464792825966892e+00
8.601807123036455671e-01 4.748403639917598840e-01 5.454339909940031372e-02
5.329375281079997695e-01 7.311684967770716304e-01 -8.260683553552133906e-01
1.508862003944209385e-01 2.361760248754726232e-01 1.685406888397197767e+00
8.837611137611425804e-02 6.593745954770516837e-01 1.475116717817661849e+00
