8.188687437884684117e-02 6.665290334412364848e-01 1.578409657844388470e+00
9.116348922342525363e-01 5.179894877739218417e-01 2.244102668386700472e+00
7.468122362319427054e-01 9.417378667025442240e-01 2.185167369513653757e+00
7.216277392178165329e-01 7.645975497578854085e-01 1.742005736515646497e+00
7.333167408539533749e-01 7.466961949836586898e-01 2.026280695891343964e+00
3.732781487976013501e-01 6.207247349765422362e-01 2.335184900081220594e+00
9.155954736373419500e-01 3.767216861253712690e-01 1.294008518888026593e+00
2.635227640256200821e-01 8.691527418002054084e-01 -3.371128185952398937e+00
5.527677758006852571e-01 5.777304407811950648e-01 2.649705242416527273e+00
8.704112618955053282e-01 9.328026363219499295e-01 1.963812173055364152e+00
8.139026902867372293e-01 3.510135967360553666e-01 1.332766901641799784e+00
9.569144763970082179e-01 9.981788655818402134e-01 2.163806006167343643e+00
2.794211211960363483e-01 1.561254861067476289e-02 2.653097935646315353e+00
1.753386652378367272e-01 3.635662086269953464e-01 1.829972917914793662e+00
1.877296604283425763e-01 9.526859406492156346e-01 2.806695459898674638e+00
8.833880944368677213e-01 5.740095108983028771e-01 1.321974497770276979e+00
3.671491028472596493e-03 6.333549705521086537e-01 1.243212113679877495e+00
7.955288105920985675e-01 9.198096178232485487e-01 1.434277871745540001e+00
7.961033830359282026e-01 8.236844084808830901e-01 2.572189706245575191e+00
3.019139502260370644e-01 8.563658692117380733e-01 2.847571453578146450e+00
1.628116021872133001e-01 9.809819989475336843e-01 2.463102463070828918e+00
1.121906980821034405e-01 2.949750324757681730e-01 1.348602277263892590e+00
5.933858420074945156e-02 1.390859713772202855e-01 1.235424776842729111e+00
8.604711543905286808e-01 9.420169057153813252e-01 2.292107817807056414e+00
8.185963486161889069e-01 9.276418893083898665e-01 1.651453349816580651e+00
9.217911660383036887e-01 9.997040566634174397e-01 2.367297745154556932e+00
9.345694290641619606e-01 3.091450369719235258e-01 2.134510522992624892e+00
5.043157331072028321e-02 4.681223120099707313e-01 1.281958853939871634e+00
1.079837175952652190e-01 5.684991184113951102e-01 2.004397869274063382e+00
9.880700323191679013e-01 1.210910147405458992e-01 1.768956611178641447e+00
9.867347369785474109e-01 4.475947239181115589e-01 1.901586784763078519e+00
5.961974951072516321e-02 2.800116062279700557e-01 1.000163460276609850e+00
6.064511910682935519e-02 2.969275701896605391e-01 2.106287739608923459e+00
5.973592440549502225e-01 4.950750464377699778e-02 1.387488045592219610e+00
9.942557275675955042e-01 2.489873367853347730e-01 1.578713602115847436e+00
9.897898300516765335e-01 5.757685953183236949e-01 2.194714958761001533e+00
3.721603117310530173e-01 4.520195559580496014e-01 1.917942120324868327e+00
9.738050836259825038e-01 5.325359382161853894e-01 1.253295036386293138e+00
3.484860134213701999e-01 6.268238273452525489e-01 1.606821884919670929e+00
8.925801146532005292e-01 9.185818648233327055e-01 2.080545496086117385e+00
6.607342549656395336e-01 4.860938697672381736e-02 2.579747606044838992e+00
3.375491731087081337e-01 3.943951367496551508e-01 6.531763603764773052e-01
4.608681197854043732e-01 7.872035064941602656e-01 2.936308082261362085e+00
4.069963824452141332e-01 4.692033882442571135e-01 -3.515717511027175224e+00
8.708155171602359745e-01 4.854186873779227640e-01 7.827355982014712055e-01
5.272456999727985760e-01 7.172903451537706587e-01 -1.960003722638349544e+00
1.485803709565007569e-01 2.509977370101492689e-01 1.725130238855489662e+00
7.883535805181696166e-02 6.709493104197580271e-01 2.260165096538435225e+00
