7.620793742925120740e-02 6.747600525228883983e-01 2.174740931674717714e+00
9.070219055814218168e-01 5.268619369364025973e-01 2.050254674830942481e+00
7.474904782756767174e-01 9.517148395766233948e-01 1.502920014539391946e+00
7.200329949709523003e-01 7.744695703609378867e-01 1.730954568032903929e+00
7.262690645072903406e-01 7.537905771352407802e-01 2.352891885050746090e+00
3.652869819371480919e-01 6.267364944701009355e-01 2.496620796408775433e+00
9.163537278763047578e-01 3.866928972107457341e-01 1.494898054614289151e+00
2.581175707763512794e-01 8.775660577896390313e-01 2.141850579337746474e+00
5.488327135830251002e-01 5.869236603120854268e-01 1.975238742153014204e+00
8.618917788752358256e-01 9.380388953937817131e-01 2.590491224286427308e+00
8.177426994971548346e-01 3.602469238321734379e-01 1.176670783725658254e+00
9.489982390445961258e-01 4.288954466649785857e-03 2.484258233969165452e+00
2.754848724478395905e-01 2.480526016887778240e-02 1.975367811551695052e+00
1.758822773371138126e-01 3.735514219890382348e-01 1.516408307025084223e+00
1.834050962210752866e-01 9.617024890141512294e-01 2.018011676593872039e+00
8.803737658643064901e-01 5.835443849539284633e-01 1.876991378838460900e+00
9.973904464342010501e-01 6.411362608567285903e-01 2.249911112714887196e+00
7.956984322776619045e-01 9.298081791439479771e-01 1.553833344754388168e+00
7.971555015879939754e-01 8.336289067865996216e-01 1.465389390552330084e+00
2.943829361034291381e-01 8.629449136928979414e-01 2.423559849222546525e+00
1.558970970741609396e-01 9.882062372493598534e-01 2.334291295077487671e+00
1.114677076541331913e-01 3.049488624743726950e-01 1.643158504554912858e+00
5.153961042502740869e-02 1.453450454337880671e-01 2.465298169434585240e+00
8.520491196959845137e-01 9.474085039574514644e-01 2.572153455523535470e+00
8.129519050135484148e-01 9.358966004733314525e-01 2.170556307020000908e+00
9.159930709271125737e-01 7.851577334246240270e-03 2.189291198198893618e+00
9.324641578263246355e-01 3.189209171376750640e-01 1.782910463792225064e+00
4.658403455252822095e-02 4.773525040721225410e-01 1.965737483322496093e+00
1.100281209799717497e-01 5.782879086737615637e-01 1.364904390879404072e+00
9.844851697676679780e-01 1.304263647868405540e-01 1.937442195252536914e+00
9.800837967037064891e-01 4.550623201485259894e-01 2.298416051727692810e+00
5.873580990474853297e-02 2.899724621536917679e-01 1.659305804944561480e+00
6.186364061250911039e-02 3.068530528147118686e-01 1.448640601089252300e+00
5.986212204504013368e-01 5.942755583201813491e-02 1.444261296331735611e+00
9.888828251041446027e-01 2.574213108852619891e-01 2.138017233309383425e+00
9.845440554169163638e-01 5.842822225406835157e-01 2.123015057847966069e+00
7.064957464926158170e-01 7.064957464926158170e-01 -3.042084321960550675e+00
9.671988596417270267e-01 5.400431217539608530e-01 2.292443856026780580e+00
3.429785982814634315e-01 6.351705859063183635e-01 2.154048690131025623e+00
8.855377835032003375e-01 9.256815529836490697e-01 2.352138725979011635e+00
6.460618477279614913e-01 4.549162081298837451e-02 3.350970196866039696e+00
3.427778825688616027e-01 4.084543187095453498e-01 1.214740001664128544e+00
4.461481237452494253e-01 7.843187679309934213e-01 3.335114214204085492e+00
3.944994159215436946e-01 4.774995215427438322e-01 -3.727643947230503851e+00
8.824040224696064749e-01 4.949426857344267350e-01 6.879220827381260506e-01
5.296867626737773449e-01 7.024903041778175483e-01 -1.407331805682140446e+00
1.478543408313932328e-01 2.659801560490573924e-01 1.619217254090395297e+00
7.287786557938363829e-02 6.847155111825283802e-01 1.979223283699172109e+00
