7.189505754750491473e-02 6.837821956787925037e-01 2.016716203042102418e+00
3.367345396578083072e-01 3.367345396578083072e-01 3.063293768782586746e+00
7.389340222542836178e-01 9.568904613126050229e-01 2.597593273646935597e+00
7.182239605994837905e-01 7.843045789853797523e-01 1.752701293720363651e+00
7.249959911558142567e-01 7.637092103193927617e-01 1.698450076086315041e+00
3.564631280982864525e-01 6.314417684717300583e-01 2.651704272550569286e+00
9.088846517760458266e-01 3.933421755331308334e-01 2.414195461817282062e+00
2.579703601795588774e-01 8.875649741829384487e-01 1.585517918225150424e+00
5.388711995150485823e-01 5.860471687413872921e-01 3.229354426026346925e+00
8.559662465621996619e-01 9.460942083490407883e-01 2.205021110277810781e+00
8.126788080854894236e-01 3.688699745551404230e-01 2.101788494052026390e+00
9.405886601750876874e-01 9.699960217664779089e-03 2.569847378299235707e+00
2.718001299913094804e-01 3.410163973454981984e-02 1.948163577578119643e+00
1.789554586062865604e-01 3.830674903413991972e-01 1.258422839256076564e+00
1.790652733236399452e-01 9.707117030319718509e-01 2.019704663131640654e+00
8.713604675979317316e-01 5.878757189702985553e-01 2.693626348009206417e+00
9.890911218506567293e-01 6.467148997101566099e-01 2.549782928348345745e+00
7.906713191820563535e-01 9.384527227365265789e-01 2.097528692741767120e+00
7.900721615090516847e-01 8.406876809950617480e-01 2.357931560426151041e+00
2.863694768970536098e-01 8.689269260255294558e-01 2.500338112458285078e+00
1.482877389115443700e-01 9.946945088491790932e-01 2.435550544304813325e+00
1.101597331193164692e-01 3.148629535883513686e-01 1.701969627590040668e+00
5.276512937640453343e-02 1.552696664995928122e-01 1.447935572489251088e+00
8.475307162037806208e-01 9.563294921247813551e-01 2.039623533916787856e+00
8.047659574702425989e-01 9.416403155444543760e-01 2.529756483011437851e+00
9.066447243679341961e-01 1.140241056174338269e-02 2.778589456825368842e+00
9.249000533194091656e-01 3.254618897724184112e-01 2.428604097846810639e+00
3.811351854448180587e-02 4.826676107086284584e-01 2.581209646518546563e+00
1.100413535112851615e-01 5.882878999187635127e-01 1.569473073277386277e+00
9.808073970839882305e-01 1.397255038914662628e-01 1.947413959065450451e+00
9.740328779596370001e-01 4.630238766767853509e-01 2.220677586703507345e+00
5.167773942168627649e-02 2.970565034477643529e-01 2.354358075502321679e+00
5.441632254363767268e-02 3.135266915209246052e-01 2.410929208338829177e+00
5.986227650661909427e-01 6.942755571272624104e-02 1.570641865215320898e+00
9.890833570170152189e-01 2.674193000306812062e-01 1.550741791264662162e+00
9.758141722522987171e-01 5.891596337323020682e-01 2.632092303600331640e+00
7.041227874504222273e-01 7.162101206558890709e-01 1.810377624557176768e+00
9.575791126069982395e-01 5.427745072975682650e-01 2.864938509832244407e+00
3.372427327733977798e-01 6.433620355260977197e-01 2.181673912516567615e+00
8.812094705018149732e-01 9.346963023735123111e-01 2.018427486272685201e+00
6.377304962740284466e-01 5.796513607337298868e-02 2.159668401580232988e+00
3.309882389867410124e-01 3.991804681496882168e-01 -2.475069891376782572e+00
4.359844647867455736e-01 7.732869939768541867e-01 -2.315259725709143623e+00
3.879981789074846699e-01 4.910174325236250636e-01 2.019075970022985889e+00
8.950191400281384269e-01 5.030580297803940448e-01 5.716529562825010125e-01
5.294984049034110463e-01 6.874914868460962891e-01 -1.583353841518261751e+00
1.393960547245536030e-01 2.783679482710331721e-01 2.169879734996570608e+00
6.940154837871095883e-02 6.701238965110704049e-01 -1.804677207169725461e+00
