6.234536784196227643e-02 6.867492525585729979e-01 2.840351510547954206e+00
3.289629680289289371e-01 3.430276052396370456e-01 2.460932044757619508e+00
7.346860689506441444e-01 9.659433554758048990e-01 2.009532118415751523e+00
7.135912433337345817e-01 7.931667418554487758e-01 2.052479770563705230e+00
7.250275388234522778e-01 7.737091605565022956e-01 1.567641554798077763e+00
3.465721628113231922e-01 6.329144550276841752e-01 2.993786406094609998e+00
8.992668596046877738e-01 3.960804366142851585e-01 2.864223705596579350e+00
2.493855659906806799e-01 8.926934543412897716e-01 2.603093626095059676e+00
5.293432878562502886e-01 5.890834327981083751e-01 2.833096209209676086e+00
8.469928270509129442e-01 9.505075678714974829e-01 2.684505735956665085e+00
8.075653890059701911e-01 3.774637481917454962e-01 2.107541881575711873e+00
9.357930220804294708e-01 1.847503031795813544e-02 2.070953892384197026e+00
2.644504388064632394e-01 4.088264552184962819e-02 2.396417465454763640e+00
1.754154810159400391e-01 3.924199530470101616e-01 1.932638543221242511e+00
1.764417415472009920e-01 9.803614222516183752e-01 1.836256321271028558e+00
8.614345419978611806e-01 5.890906267782680672e-01 3.019801002576421922e+00
9.816663576484107034e-01 6.534136217182001660e-01 2.407556005099455998e+00
7.856097288027567016e-01 9.470771243292274155e-01 2.101521668284370481e+00
7.892896812752340230e-01 8.506570202251052537e-01 1.649124419873366776e+00
2.765998030928532581e-01 8.710608130327350818e-01 2.926550408341685117e+00
1.385801270956811548e-01 9.970949823092516429e-01 2.899178030800705574e+00
1.037610402225113554e-01 3.225477912061788244e-01 2.265124491784741956e+00
5.175418375355397144e-02 1.652184347121726515e-01 1.672063885485997936e+00
8.457358185819846552e-01 9.661670905373651586e-01 1.751264092518446613e+00
8.047946684813904739e-01 9.516402743282613708e-01 1.567925221735573249e+00
8.993509811094818618e-01 1.824355880452989409e-02 2.388203256205964298e+00
9.159541041526473304e-01 3.299306696400907124e-01 2.678320231376622118e+00
2.991609625068087502e-02 4.883949371125533845e-01 2.531757129019501562e+00
1.006226328293066685e-01 5.916476172751597984e-01 2.798955906466529253e+00
9.764660918006518031e-01 1.487340036798258658e-01 2.019869210744475563e+00
9.652155216148885497e-01 4.677413152921490735e-01 2.650325159476133230e+00
4.249973407693277694e-02 3.010269212962629615e-01 2.733301220277954080e+00
4.491633056479828190e-02 3.166492149238773202e-01 2.824029655481030687e+00
3.845489103141961351e-01 3.845489103141961351e-01 -1.616978099770829402e-01
9.801224134008866828e-01 2.718579360270842460e-01 2.681686962072070468e+00
9.684610319586476335e-01 5.959368992444303847e-01 2.396926248418950856e+00
7.055328108749192584e-01 7.261102132788077590e-01 1.429322527251068342e+00
9.491853280337463339e-01 5.482099815673848742e-01 2.566935044516724496e+00
3.289466537467124474e-01 6.489454997538860459e-01 2.549201396939089648e+00
8.734495710038763239e-01 9.410037550908849635e-01 2.459079402298787187e+00
6.334771255206284035e-01 7.234946216930537854e-02 1.858298752262634634e+00
3.454997913654481168e-01 4.029771571756738391e-01 2.558962771802480440e-01
4.292272132371884874e-01 7.598952221935535434e-01 -2.038103084829674838e+00
3.944799116253036586e-01 4.774901585567551954e-01 -1.123959032206417685e+00
9.084287285254205591e-01 5.097798551525349886e-01 4.646631491721324170e-01
5.262983336210714791e-01 6.728368103301186620e-01 -1.785786763818986822e+00
1.250337130544241226e-01 2.826949728550242069e-01 2.848965900668245954e+00
5.955431254085624682e-02 6.814390167646811047e-01 2.286942414745169128e+00
