5.672732384367638880e-02 6.950219535463595388e-01 2.167361665093197942e+00
3.278211382417141606e-01 3.529622026012330105e-01 1.685228887507064899e+00
7.316661796441257248e-01 9.754764697925628614e-01 1.877574632162407386e+00
7.066275612633202696e-01 8.003435887969816420e-01 2.341120886789878064e+00
7.265125479218578208e-01 7.835982832667154341e-01 1.421744125200919084e+00
3.371613387934412343e-01 6.362962284240630817e-01 2.796613201929935233e+00
8.892770922494370733e-01 3.956281665755159715e-01 3.186835090179055641e+00
2.397349336506353623e-01 8.953136252206927992e-01 2.876480932251751721e+00
5.194081167716543268e-01 5.879466058456617183e-01 3.255521651849689224e+00
8.459165799646513051e-01 9.604494837939600016e-01 1.678629896826620671e+00
7.981711458508576884e-01 3.808913122746799829e-01 2.791743174545067152e+00
9.379426788443400165e-01 2.824124636089788906e-02 1.354139642337409244e+00
2.554469973995013854e-01 4.523443168748380455e-02 2.691355999339040572e+00
1.691977257616695263e-01 4.002519080773963567e-01 2.241804022612583047e+00
1.683258384442525568e-01 9.862036920864986067e-01 2.517665394065381257e+00
8.514841074290406819e-01 5.880962164546983395e-01 3.241198306961696307e+00
9.767604535100458119e-01 6.621275246660860425e-01 2.083563504435469671e+00
7.865024399357717355e-01 9.570371979651495220e-01 1.481406214391255638e+00
7.822326360977063242e-01 8.577420829180059103e-01 2.354213351385152198e+00
2.683495875730647628e-01 8.767118256744694804e-01 2.541036663921877548e+00
1.286647182764333042e-01 9.983929298995578572e-01 3.011430668631123186e+00
1.003910354335457583e-01 3.319628359603129519e-01 1.914525519460297254e+00
4.529453569142791874e-02 1.728521066276711982e-01 2.273082817426278268e+00
8.381184533487140431e-01 9.726459597985064320e-01 2.436785522735630316e+00
8.012959054990778096e-01 9.610082334226212053e-01 1.928235379458622001e+00
8.960436537929579170e-01 2.768080342472355876e-02 1.907876221832177199e+00
9.060062028909151577e-01 3.309501109021684706e-01 3.039471118938356753e+00
2.549896484149985834e-02 4.973665005278131157e-01 2.028303627850422952e+00
9.583648207783504458e-02 6.004278656192664210e-01 2.069873041325521079e+00
9.675799497898914803e-01 1.533205579599583313e-01 2.665111158043995232e+00
9.554253321088747031e-01 4.697790074760513357e-01 2.936386269283305595e+00
3.277221829268661679e-02 3.033454200923035859e-01 2.907613702498313746e+00
3.844084871025368194e-02 3.242694599823687795e-01 2.275158846390997081e+00
4.812631206226493097e-01 4.812631206226493097e-01 -1.260700741576364248e+00
9.702162300916995497e-01 2.732245128616540564e-01 3.004506000866613125e+00
9.651647787012491708e-01 6.053780175289923404e-01 1.906703020754179301e+00
7.081913568460068698e-01 7.357503446741577857e-01 1.301706013256942907e+00
9.445442776557378961e-01 5.570677832917851902e-01 2.053420304231305948e+00
3.200595602664969008e-01 6.535302101562899812e-01 2.665318647301969435e+00
8.679391863899061921e-01 9.493485535549655019e-01 2.154404495647260553e+00
6.403436250213344616e-01 8.568554797462335504e-02 1.095314776419112901e+00
3.597040589664959875e-01 4.077978191548860543e-01 3.271837607171387274e-01
4.163226892893474584e-01 7.522484410616263606e-01 -2.606657318934686884e+00
4.084912783957088678e-01 4.828456791873927401e-01 3.650914394089777582e-01
9.211314010460340818e-01 5.177574557212555328e-01 5.607719024642019434e-01
5.317744575576957011e-01 6.588721382383461167e-01 -1.197083040706325541e+00
1.191542945171849832e-01 2.964946988546217632e-01 1.973558774241094715e+00
5.440844862776302721e-02 6.955287323256115206e-01 1.920966431493837723e+00
