5.288044425661272280e-02 7.042524203515992953e-01 1.965666069714472108e+00
3.205612026389849656e-01 3.598392175818932448e-01 2.383274376627949387e+00
7.257890711495333935e-01 9.835671802522685248e-01 2.199022893625435238e+00
7.022101278675588754e-01 8.093150035234343287e-01 2.028337288547985562e+00
7.259505814338265139e-01 7.935824804636025798e-01 1.627022596475138583e+00
3.275136062620471189e-01 6.336654002269586083e-01 3.407808853642906755e+00
8.817947286490327441e-01 4.022624890692860777e-01 2.416196048239218186e+00
2.303963531867628811e-01 8.988900640807572229e-01 2.775848972366870004e+00
5.137999131242839690e-01 5.796672307575513328e-01 -2.166172648112959287e+00
8.450476962056217012e-01 9.704116643290283672e-01 1.657794404399703936e+00
7.884741482359548526e-01 3.784483146781668639e-01 3.388390159581904371e+00
9.354969480140690186e-01 3.793755497324424047e-02 1.817875706718942608e+00
2.455284085853677578e-01 4.650785068221543334e-02 3.013904056348839511e+00
1.627013078265132640e-01 4.078543125662261737e-01 2.277909493359028481e+00
1.597077553001983730e-01 9.912760330571125378e-01 2.609620323619781246e+00
8.447467045652168327e-01 5.954858986299029766e-01 2.310055008818413746e+00
9.743008048579420155e-01 6.718203121138847100e-01 1.819311340376043473e+00
7.785785511157572447e-01 9.631373607472438758e-01 2.485511519619540977e+00
7.827021887650897902e-01 8.677310528495130182e-01 1.523823788442422167e+00
2.584386275042117043e-01 8.780433175120712086e-01 3.008046870470420409e+00
1.242256896187652337e-01 7.353679007551017222e-03 2.030745837975303836e+00
9.453008987442337863e-02 3.400652625815791530e-01 2.197026624462573352e+00
3.807973613928714030e-02 1.797764598409633263e-01 2.376733591825032299e+00
8.365190815751014641e-01 9.825172317494644814e-01 1.731423337530291651e+00
7.946165678808388977e-01 9.684504406880485305e-01 2.302225264782516767e+00
8.905633943694476473e-01 3.604541678405025901e-02 2.150798724464093592e+00
9.004373242336154437e-01 3.392559877673930191e-01 2.161430493277311182e+00
1.755740801717100771e-02 5.034436441994697420e-01 2.488413309433874510e+00
9.005205476614987214e-02 6.085850955826688224e-01 2.187614656605446850e+00
9.622883679620346520e-01 1.618057899402341460e-01 2.128404488006124140e+00
1.424216890651897049e-01 1.424216890651897049e-01 -2.815661016275286865e+00
2.355366916637032654e-02 3.072207719480314347e-01 2.743636323703722457e+00
3.497547610458481837e-02 3.336498220598090869e-01 1.924673424120397103e+00
4.749910718492678652e-01 4.734745774864572709e-01 -2.248755567933585997e+00
9.647872839335431827e-01 2.816225211738576095e-01 2.144676399916213505e+00
9.630780758512876849e-01 6.151578780196109708e-01 1.781011442668772427e+00
7.117388816640857208e-01 7.450999472146465630e-01 1.208147009417578577e+00
9.393812636822107542e-01 5.656318528097867837e-01 2.113322882770232169e+00
3.101768872989955073e-01 6.520028676873533824e-01 3.294927046496242351e+00
8.599613837526429716e-01 9.553780365411655984e-01 2.494401055759066566e+00
6.487608774216704344e-01 9.810125826558285800e-02 9.750216181647861635e-01
3.505882424153561328e-01 3.958855612410409619e-01 -2.223984153249281448e+00
4.030205089617214798e-01 7.453164861763633686e-01 -2.661196725341579583e+00
4.227935552394996299e-01 4.873672803510919471e-01 3.062026245950520975e-01
9.356747122886559520e-01 5.214306148656743245e-01 2.473931130374562581e-01
5.220535188893158374e-01 6.474483318934539655e-01 -2.275834074145237640e+00
1.095810313030106536e-01 3.080425398403704440e-01 2.262977058032308530e+00
4.400706996439168739e-02 7.063366609847563371e-01 2.337028366205395002e+00
