4.486320261093222628e-02 7.102293624121154281e-01 2.500970682673787415e+00
7.552596890113766337e-01 7.552596890113766337e-01 8.152838283321983681e-02
7.251061628445829577e-01 9.935438348141459874e-01 1.639140349610434422e+00
7.050227602544418826e-01 8.189113100554421543e-01 1.285686090962061545e+00
7.296979796038428612e-01 8.028537806397029186e-01 1.186680200918946992e+00
3.175137760361323447e-01 6.337236707416376014e-01 -3.147419738033991443e+00
8.768376425712882671e-01 4.109473781081761090e-01 2.089446877463178254e+00
2.209365651921086082e-01 9.021323489381062322e-01 2.811396612081347612e+00
5.100204383395493535e-01 5.704089603817438237e-01 -1.958374657322253132e+00
8.428088878120063576e-01 9.801578295737118918e-01 1.796590902526155720e+00
7.802480471009618501e-01 3.841343730771693554e-01 2.536782593652389117e+00
9.265045851750746131e-01 4.231218759460488726e-02 2.688816913767754446e+00
2.378171900876697165e-01 5.287472662578145133e-02 2.451397613045195989e+00
1.597648716073518937e-01 4.174134622319023435e-01 1.868832603877569332e+00
1.503709179874672675e-01 9.948570202109001670e-01 2.775361883543725483e+00
8.367409071592168956e-01 6.014781609651219663e-01 2.499058402489623631e+00
9.651993173145717586e-01 6.759631281245080947e-01 2.714439312898712764e+00
7.718741698066751145e-01 9.705570151369328213e-01 2.305595457255054992e+00
7.789110401158038099e-01 8.769845490492753637e-01 1.959635894379914589e+00
2.501813585713476562e-01 8.836840186892617188e-01 2.542285971559541835e+00
1.175057331644508568e-01 1.475922998314483855e-02 2.307696627406596424e+00
6.319382739657891657e-01 6.319382739657891657e-01 -2.579988058293973818e+00
2.876175098693211155e-02 1.834062191581207757e-01 2.770132988727240786e+00
8.295561651465336306e-01 9.896948215126635251e-01 2.341014210107048577e+00
7.905153101169570817e-01 9.775707304177774226e-01 1.993388293031326697e+00
8.826331704970131753e-01 4.213734171243464777e-02 2.486550726685673229e+00
8.990565836860771043e-01 3.491602068451589713e-01 1.709312906106996932e+00
1.580743289161539236e-02 5.132893329544495620e-01 1.746699568527949831e+00
8.112275332753657309e-02 6.130870480278173273e-01 2.674608670612828032e+00
9.525966820340991958e-01 1.642697753042851039e-01 2.892630198203985259e+00
1.333264552492379462e-01 1.465782166824644295e-01 2.712932271736131273e+00
1.529737581283575551e-02 3.128629009841649711e-01 2.542113039891054971e+00
2.730660949165056653e-02 3.400676476162590722e-01 2.444772236638591334e+00
4.696019416038559879e-01 4.650509633453663305e-01 -2.139942511909897149e+00
9.620725650896123637e-01 2.912469848783144633e-01 1.845718344903287900e+00
9.591919003103261954e-01 6.243718695360404025e-01 1.969927067110800456e+00
7.065984843962739292e-01 7.536776109950166225e-01 2.110684095642010760e+00
9.334299855389556200e-01 5.736681634347946535e-01 2.208221012154975682e+00
3.001777128851397247e-01 6.521313629841209991e-01 -3.154442536891350457e+00
8.544429213924723543e-01 9.637174953473101047e-01 2.155372803128793535e+00
6.613987389940534367e-01 1.061811378981817461e-01 5.688442270731801642e-01
3.387177113262569428e-01 3.867154744550432288e-01 -2.483841010784503034e+00
3.913589351726163290e-01 7.358820971255951582e-01 -2.461378833835235813e+00
4.321387538691598973e-01 4.756341110191426580e-01 -8.982072959544770141e-01
9.304463868326549036e-01 5.354899396334621420e-01 1.926825338657847553e+00
5.250756939718755900e-01 6.327559373380945429e-01 -1.367929349753271406e+00
1.076652307630687894e-01 3.229196937446344728e-01 1.698866173620706022e+00
3.820462843008576997e-02 7.201689302216155442e-01 1.967987203810138030e+00
