3.648868464507738080e-02 7.156944743816522347e-01 2.563400080999883812e+00
7.479784697441776986e-01 7.621141653577484520e-01 2.386374352722099079e+00
7.210208401242899079e-01 2.671273571599019903e-03 1.991641769944973106e+00
6.983796453129921256e-01 8.263858684955566192e-01 2.297368634825880829e+00
7.288135381004098301e-01 8.128145920136324865e-01 1.659356192038043076e+00
3.085934777144159202e-01 6.382434359846101968e-01 2.672612794834077654e+00
8.760058789987165140e-01 4.209127265395829487e-01 1.654068890455025809e+00
2.109606502683359364e-01 9.028259781139987838e-01 3.072173995257453161e+00
5.027079303001819044e-01 5.635878735054326016e-01 -2.390950210705288015e+00
8.365742095326914596e-01 9.879763196295627825e-01 2.243966647171236062e+00
7.757105676217388446e-01 3.930456737664980715e-01 2.041763021438082415e+00
9.201203455467837911e-01 5.000903658419542097e-02 2.263245209670961877e+00
2.283237112869429819e-01 5.601699654737508222e-02 2.821950360784904355e+00
1.541114795059102260e-01 4.256620474286107458e-01 2.171640756784228632e+00
1.450267948628010672e-01 3.309259442512590965e-03 2.134608617019295274e+00
8.340994410317147389e-01 6.111229863496097092e-01 1.838115328183728803e+00
9.641330632893454489e-01 6.859061207501560009e-01 1.677624806944528757e+00
7.704489012140508519e-01 9.804549244838038913e-01 1.713810197416337555e+00
7.728085878888379945e-01 8.849066748257068404e-01 2.227166422363862974e+00
2.407841406993278255e-01 8.871034186754860329e-01 2.792612090079062526e+00
1.089151267488971120e-01 1.987796824692105932e-02 2.604228026829547904e+00
6.224285055441818315e-01 6.288456529790855676e-01 3.456009647650495342e+00
1.884200388450622127e-02 1.846705835928915129e-01 3.014816890910188008e+00
8.294130401815517084e-01 9.996937972224249069e-01 1.585109311984795433e+00
7.860680117507876652e-01 9.865273780742539467e-01 2.031668930545374785e+00
8.731237880619693303e-01 4.523114935094078165e-02 2.827050874588905582e+00
8.992353544885115513e-01 3.591586087674761840e-01 1.552918294191803383e+00
1.264244041776415098e-02 5.227752605654143458e-01 1.892833061333984990e+00
7.479858729174514165e-02 6.208333325534297620e-01 2.255465274409532039e+00
9.426034746432945255e-01 1.646382940207247181e-01 3.104732435665992885e+00
1.234022821629937455e-01 1.453490752934182562e-01 3.264818411189954528e+00
1.255420079019805603e-02 3.224792927604590576e-01 1.848676233962653903e+00
2.364238577740777544e-02 3.493721338767670215e-01 1.945957364796807587e+00
5.248922560244829727e-01 5.248922560244829727e-01 2.854326711381874659e+00
9.533317125404574544e-01 2.961047103454371165e-01 2.634345868245480116e+00
9.513318130858863242e-01 6.305540235962525664e-01 2.475122433825047708e+00
6.984504527381459882e-01 7.594749879965704276e-01 2.523185917846666904e+00
5.070421559687128266e-01 5.070421559687128266e-01 -2.593553638390666549e+00
2.926768620113849306e-01 6.587447763365201769e-01 2.418987055180210621e+00
8.459051018798885435e-01 9.689238028651716572e-01 2.594003095302274797e+00
6.609025785305961964e-01 9.118934598412084536e-02 -1.603879725720689597e+00
3.536585888133362832e-01 3.853849933705908448e-01 -8.881545838946658389e-02
3.792969326781480688e-01 7.269653658958540321e-01 -2.505012700912244927e+00
4.362201902799048847e-01 4.612000583372017348e-01 -1.295226030059042799e+00
9.220668344611120393e-01 5.479311253507710422e-01 2.163537671977439736e+00
5.264310433971628456e-01 6.178172952332922074e-01 -1.480316294447585612e+00
9.616591328301832275e-02 3.325511888255139881e-01 2.444358653605484211e+00
3.778956524631745667e-02 7.051746739028286193e-01 -1.598470738091768428e+00
