3.048302249580272724e-02 7.236902246371798020e-01 2.215005392257635375e+00
7.386901724403645009e-01 7.658192339395667458e-01 2.762037996770254189e+00
7.200411677248651499e-01 1.262316997328073037e-02 1.668920955509649584e+00
6.904293610599655517e-01 8.324515902412417123e-01 2.489850767051165370e+00
7.257049028975807170e-01 8.223191376195903013e-01 1.886897758413103254e+00
2.987004176332793692e-01 6.397019839718298684e-01 2.995215697259024701e+00
8.734256206616033413e-01 4.305741067160255287e-01 1.831774611969376521e+00
2.013792598810153767e-01 9.056890111640631957e-01 2.851226255105369756e+00
4.928149652929049163e-01 5.650470662153899148e-01 -3.288034779426267651e+00
8.357028287168859482e-01 9.979382820604217885e-01 1.658045060778460256e+00
7.693998719432142419e-01 4.008029361736266671e-01 2.253727561880185526e+00
9.123030063686511371e-01 5.624515782852923529e-02 2.468237761612773085e+00
2.213176185609504465e-01 6.315244780954445969e-02 2.347047332821524890e+00
1.458195457098546421e-01 4.312516658343547027e-01 2.548459393934987549e+00
1.350522487105523528e-01 2.596217328286364728e-03 3.212957425561582259e+00
8.276863031522060377e-01 6.187957734923897890e-01 2.267005639249794147e+00
9.570614854453586284e-01 6.929766784931091772e-01 2.356266622228248675e+00
7.622266851021284317e-01 9.861465992996066854e-01 2.536099676792541224e+00
7.658713035808963898e-01 8.921090415499709492e-01 2.337449234997158953e+00
2.311644782867137982e-01 8.898351022346379091e-01 2.864907530134527924e+00
1.002005923490497941e-01 2.478275062679051455e-02 2.628954203324080474e+00
6.137104412762621752e-01 6.337441584062972755e-01 2.629674342932190712e+00
8.874252149400687142e-03 1.854730331846420610e-01 3.061261324303017339e+00
8.274481126533633768e-01 9.498849991735669462e-03 1.768575977587368175e+00
7.837500387777032174e-01 9.962550191704319102e-01 1.804721223019660536e+00
8.637601283840224964e-01 4.874140253776249737e-02 2.782926776570139094e+00
8.901811132718532305e-01 3.634036901554551502e-01 2.703174075661347597e+00
6.817777524076472882e-03 5.309038091551010474e-01 2.192555838877785490e+00
7.276206555654007868e-02 6.306237655991145941e-01 1.775883159366735242e+00
9.347533717701521638e-01 1.708331212887833073e-01 2.473509059955135481e+00
1.142413271196096175e-01 1.493586766069025518e-01 2.729027978553205447e+00
9.072185235481811105e-03 3.318534896688195013e-01 1.926448240013561408e+00
1.480736927583427461e-02 3.540564143355913740e-01 2.654081948190029738e+00
5.169185545353122135e-01 5.309271615383742704e-01 2.493721179123063791e+00
9.434709191498800163e-01 2.977674652005928846e-01 2.974541291176172386e+00
9.457737840314630606e-01 6.388671645808736699e-01 2.160124808256314477e+00
6.956459085352962868e-01 7.690736614369090285e-01 1.855063823164990300e+00
4.984488352670913835e-01 5.121563361883653132e-01 2.604758527684883695e+00
2.853253147619080332e-01 6.655237698487392883e-01 2.396691221312422737e+00
8.423761241439740033e-01 9.782804217063674201e-01 1.931462659398507586e+00
6.750720663671015975e-01 8.626739368334371272e-02 -3.343234494702400639e-01
3.588694130815305861e-01 3.994508140166106447e-01 1.216011837247500615e+00
3.656574755858778003e-01 7.207231539298825096e-01 -2.712388289905383054e+00
4.498417304297420150e-01 4.674812719099418756e-01 4.320657102310827002e-01
9.359957058813145325e-01 5.534976809248640661e-01 3.801973185384051601e-01
5.252234585941460976e-01 6.028659829516387347e-01 -1.651389196611386279e+00
8.178697087059144666e-02 3.368227242754560091e-01 2.852827180139735574e+00
2.677662980370408563e-02 7.153587424874774392e-01 2.395277597668310499e+00
