2.881387663804590646e-02 7.335499382286353454e-01 1.738495847228302749e+00
7.308317636472149159e-01 7.720035213875877655e-01 2.474850984470947868e+00
7.149116726538677913e-01 2.120735778090785534e-02 2.109413580593905380e+00
6.887448524281779560e-01 8.423086907616500474e-01 1.740054189345303204e+00
7.198789661634518167e-01 8.304467732641014344e-01 2.192712559596530220e+00
2.932802576008851081e-01 6.481056656187769160e-01 2.143630537865132801e+00
8.650786207031699870e-01 4.360811559889042344e-01 2.558384123046334668e+00
1.916334936409482270e-01 9.079295558286408774e-01 2.915619925071665897e+00
5.090300995859711186e-01 5.090300995859711186e-01 1.189592218154160719e+00
8.279031390980086114e-01 4.196464052756088137e-03 2.465412546443681574e+00
7.631627633506073982e-01 4.086194876129782827e-01 2.244277527481102652e+00
9.028925906025218051e-01 5.962806709550399348e-02 2.796492500997640018e+00
2.131454536297749391e-01 6.891575591667052636e-02 2.527360971100859999e+00
1.406788723714544054e-01 4.398291641659115569e-01 2.110716280775164488e+00
1.252734575616639701e-01 4.687925641226334955e-03 2.930865696413005761e+00
8.254896429749482012e-01 6.285515248250985731e-01 1.792268440109038519e+00
9.493073794312342217e-01 6.992912521067207177e-01 2.458161406526088832e+00
7.588927124298124882e-01 9.955744636505745593e-01 1.910701049201505963e+00
7.650695541904971586e-01 9.020768496297342232e-01 1.651057409611798699e+00
2.223670463069282455e-01 8.945895938542589576e-01 2.646118131957630126e+00
9.040912388592348137e-02 2.275121294916728279e-02 3.346170438817893444e+00
6.090696993926542069e-01 6.426021217596717960e-01 2.053385477126860259e+00
9.991287115823400677e-01 1.877145592397606033e-01 2.915519224738970294e+00
8.215624906448009135e-01 1.758336936967799455e-02 2.200075554177336912e+00
7.781319756619220485e-01 4.527707175373096860e-03 2.167363976008375825e+00
8.613606549487774489e-01 5.844926158255467352e-02 1.813107936390660591e+00
8.804750121454750778e-01 3.658102646763292110e-01 2.898549499759910830e+00
9.986533309272439540e-01 5.366780460542479592e-01 2.526023020403821651e+00
6.613127592005590971e-02 6.381092601583734369e-01 2.295720872992767170e+00
9.312381747870437376e-01 1.801949261452170103e-01 1.929990233029819757e+00
1.070040412849282696e-01 1.562595239278567472e-01 2.379986530204688755e+00
3.050953428029669345e-03 3.398375217028813955e-01 2.216954061265564047e+00
9.408641906370451488e-03 3.624738808659793698e-01 2.141082239603184778e+00
5.127596946913051124e-01 5.400213291637210311e-01 1.999713146632746907e+00
9.340043807233797679e-01 3.009899875386992663e-01 2.813484974251633020e+00
9.368405005351103654e-01 6.433612101941038608e-01 2.675493965930466178e+00
6.904891363392341441e-01 7.776414908305139262e-01 2.112594209641705856e+00
4.925494176444070171e-01 5.202307941709893857e-01 2.201783039801246122e+00
2.828661951129717300e-01 6.752166915213938525e-01 1.819256763763542395e+00
8.416834374777755201e-01 9.882564021184607750e-01 1.640120506915768051e+00
6.888729614940604096e-01 8.039071999028538085e-02 -4.025635501707227615e-01
3.651260909096096241e-01 4.130836414033131065e-01 1.140531116098418174e+00
3.512165047817504826e-01 7.166662632197028371e-01 -2.867722490165676597e+00
4.600511809386083062e-01 4.784706813711918083e-01 8.221740701573960752e-01
9.509940186958890651e-01 5.537226536258087473e-01 1.499874241519033591e-02
5.162019754699638252e-01 5.908821253823877129e-01 -2.216088900399432404e+00
6.694688318204136679e-02 3.390071686890643310e-01 2.995443298598106985e+00
2.684779522148387707e-02 7.303585736693045671e-01 1.566051947810955136e+00
