2.608858091919733987e-02 7.431714122968239300e-01 1.846817472831255413e+00
7.230432312637506964e-01 7.782755835135339861e-01 2.463631698064498110e+00
7.109104807597508291e-01 3.037198889331238841e-02 1.982443222863259580e+00
6.823446312344906284e-01 8.499922556030421461e-01 2.265323379975131779e+00
7.144963831753449179e-01 8.388745725246523621e-01 2.139165454600881144e+00
2.854531340183718569e-01 6.543295017689390036e-01 2.469808297058377455e+00
8.621583890133287520e-01 4.456452684347952387e-01 1.867137858980274956e+00
1.819605695011177471e-01 9.104661950590172692e-01 2.885126455534662515e+00
5.035506192189332930e-01 5.173952233093387365e-01 2.150705590128739964e+00
8.236533777620917984e-01 1.324850959990984955e-02 2.009731846478958861e+00
7.538151393371196329e-01 4.121722225175927790e-01 2.778386025064135900e+00
9.014160926889973613e-01 6.951846415079747377e-02 1.718987922625265341e+00
2.057637660860280049e-01 7.566191697363405799e-02 2.401148138122263465e+00
1.387145230550411446e-01 4.496343327908310927e-01 1.768517007138916908e+00
1.162743309129941754e-01 9.048627369297308071e-03 2.690365522682558463e+00
8.167881071570677332e-01 6.334793310723189075e-01 2.626310225245161778e+00
9.415259245740781324e-01 7.055720928391420177e-01 2.462504066370371891e+00
7.558188414467605920e-01 5.090309234628165314e-03 1.883242294051856058e+00
7.610406581492238365e-01 9.112293354499151343e-01 1.985468166814136071e+00
2.161404961823912285e-01 9.024145586175423839e-01 2.242927470833226078e+00
8.214773579470786846e-02 2.838587947047277460e-02 2.543016618803779050e+00
6.030621539402682973e-01 6.505964571064981605e-01 2.215240951109463285e+00
9.936131025245916737e-01 1.960559054573734472e-01 2.155030697050539512e+00
8.135478958635024016e-01 2.356386019331297571e-02 2.500527968194121264e+00
7.745196051194123132e-01 1.385244733602142460e-02 1.940390516592725545e+00
8.530201727247752608e-01 6.396617704965253115e-02 2.557201656696800995e+00
8.755944375407659352e-01 3.745383796806052157e-01 2.080659079509503684e+00
7.603844472614081917e-01 7.603844472614081917e-01 -2.581522877326833942e-01
6.182169131786952043e-02 6.471329778266406985e-01 2.016350991367758638e+00
9.228149097568490999e-01 1.855846020381719808e-01 2.572381691190244180e+00
9.702500333732771987e-02 1.569066727827179708e-01 3.076832511593938779e+00
9.949204945774875464e-01 3.456595178278921709e-01 2.520161177355682902e+00
2.854478065080713091e-03 3.700265582946486442e-01 2.285530122133761388e+00
1.248456847441352657e-01 1.248456847441352657e-01 -1.710627342728571643e+00
9.251592626804411301e-01 3.056551656496057645e-01 2.656242829990645760e+00
9.341891636437630320e-01 6.530033268024311166e-01 1.839138897704194919e+00
6.866223078661626289e-01 7.868636184353480223e-01 1.967828245698261203e+00
4.890887109534993171e-01 5.296128786515036380e-01 1.924176056716784711e+00
2.810595290713377437e-01 6.850521354775153116e-01 1.752460492974841300e+00
8.402232099393500686e-01 9.981492144352908102e-01 1.717343055897667004e+00
6.987418819802067027e-01 6.909450786240273201e-02 -8.527322057736139715e-01
3.755497606376426711e-01 4.238700731302971758e-01 8.024997616151184898e-01
3.392163056582291891e-01 7.076665287238502744e-01 -2.498113669958559324e+00
4.708663403086040811e-01 4.888645414723088445e-01 7.655366195943141827e-01
9.652563333136896517e-01 5.583687683190630135e-01 3.149206026626308885e-01
5.022317512252656435e-01 5.854201811724155657e-01 -2.768894565500415794e+00
5.206573939118337019e-02 3.408917268536770795e-01 3.015622548098012334e+00
2.544679296399669083e-02 7.452930034433038475e-01 1.664332810574106203e+00
