2.674903649621983986e-02 7.531495783823719536e-01 1.504702659304463896e+00
7.140151865177901680e-01 7.825760960486785045e-01 2.697043105976696165e+00
7.521201785502632520e-01 7.521201785502632520e-01 4.642814125853682583e-01
6.784710469076244976e-01 8.592115475749160236e-01 1.968560928284253775e+00
7.092013762699055368e-01 8.473576675890348575e-01 2.128808190448558513e+00
2.810442235133571165e-01 6.633051080525708132e-01 2.027387505282995495e+00
8.522634587341237911e-01 4.470910743587257485e-01 2.996503555328080992e+00
1.720959287359928591e-01 9.121059702189207030e-01 2.976871245961968615e+00
4.959107347224888107e-01 5.238475225027261484e-01 2.440268462500621904e+00
8.199245819219145304e-01 2.252730702103489940e-02 1.952906821864226705e+00
7.486052338296506070e-01 4.207078469589118352e-01 2.118807357113938750e+00
9.016505923831730218e-01 7.951571426737610859e-02 1.547344207651460302e+00
1.961281145301616291e-01 7.833665417454371838e-02 2.870822384840155728e+00
1.370861595908557662e-01 4.595008637125130302e-01 1.734361017059270038e+00
1.062911501415795823e-01 9.628370144377753487e-03 3.083585851444941905e+00
8.068667936686949593e-01 6.347313449162653720e-01 3.016061843434033385e+00
9.413077732250395568e-01 7.155697130554191654e-01 1.592613192373594444e+00
7.481899756507662813e-01 1.155563263463752800e-02 2.438562467810329260e+00
7.556425072076211613e-01 9.196471716571404942e-01 2.141013761136254079e+00
2.078651370202531656e-01 9.080286863982058865e-01 2.545500629687717176e+00
7.228579218244131355e-02 2.672996033341476507e-02 3.307950834542539909e+00
6.038472031136308260e-01 6.605655943708457212e-01 1.492210547074084737e+00
9.839192972474232191e-01 1.985115396419254163e-01 2.893491788853816971e+00
8.129304610803594899e-01 3.354478070640019849e-02 1.632579102898304324e+00
7.757471936487356778e-01 2.377681262568472759e-02 1.447727040133830023e+00
8.493888597801912965e-01 7.328355684756227006e-02 1.942422731340532227e+00
8.676556393617669283e-01 3.806191266308672772e-01 2.487959506160224432e+00
7.598067076665493413e-01 7.703677441597546194e-01 1.628602474598203731e+00
5.987062864843839538e-02 6.569407989128939196e-01 1.767162124977117443e+00
9.130732883208017014e-01 1.878430997239672329e-01 2.913777398362911608e+00
8.904750710280152914e-02 1.508767844066267183e-01 -2.494350240052719769e+00
9.902046831355577616e-01 3.544777445455584708e-01 2.061879287919370363e+00
9.990778117222206545e-01 3.792859746550197309e-01 1.958071331977894625e+00
1.153322312011545309e-01 1.217644184970304438e-01 -2.828369436090330868e+00
9.200424868122411004e-01 3.142469410606955060e-01 2.107932534051085938e+00
9.336460582714204426e-01 6.629885677386595511e-01 1.625133598902503307e+00
6.794846792076292274e-01 7.938674928726064950e-01 2.365652482887919295e+00
9.067974483095093685e-01 9.067974483095093685e-01 -8.145659796364244087e-01
2.733259931579274382e-01 6.913918848634131864e-01 2.454910330574107125e+00
8.370838872882171433e-01 7.643668252761415260e-03 1.890128183440531240e+00
7.036635123705167194e-01 5.492490821028915560e-02 -1.236495595802607150e+00
3.905342038710097885e-01 4.231870936386594728e-01 -4.554771331252305266e-02
3.245949888639925174e-01 7.110157219405177642e-01 -3.366770321024384671e+00
4.854572173653781131e-01 4.923439533068154628e-01 2.340929687633840350e-01
9.648289064768005296e-01 5.733626772923463566e-01 1.599295306870808453e+00
4.907385065320676309e-01 5.757814402576344470e-01 -2.443728377292025744e+00
6.652397407618339253e-02 3.448866548622226968e-01 2.695819758677514555e-01
2.926884174899278129e-02 7.597978972066207204e-01 1.313152092443779839e+00
