2.363939988410473231e-02 7.626537964007358283e-01 1.887003121318846288e+00
7.058072982116680993e-01 7.882884134028024237e-01 2.533586907922125153e+00
7.493340894251011575e-01 7.617242249572030444e-01 1.853141692117689310e+00
6.720912765137502243e-01 8.669121014330125607e-01 2.262664691730979172e+00
7.090776839388437391e-01 8.573569025701339719e-01 1.583165875333969463e+00
2.758913285018591566e-01 6.718752698363692488e-01 2.112141743018525641e+00
8.437451951230066083e-01 4.523293169124376067e-01 2.590258390459978521e+00
1.640189665362031812e-01 9.180019588233168104e-01 2.511030549465887329e+00
5.757793883266451029e-01 5.757793883266451029e-01 1.672844953696843717e+00
8.144989582025875530e-01 3.092746221342727864e-02 2.144280828247308701e+00
7.394475169593033304e-01 4.247248385848126362e-01 2.728221117438996313e+00
8.960886575620751193e-01 8.782624259269085354e-02 2.160594712527146299e+00
1.864481533773551525e-01 7.582700238990155994e-02 3.395269869244331495e+00
1.357865430620726344e-01 4.694160539213851346e-01 1.701126631275392986e+00
9.647806538520972697e-02 7.703956580639017421e-03 -2.947943252858288510e+00
8.069518515565887729e-01 6.447309831675076541e-01 1.562290435438750791e+00
9.392987110333168577e-01 7.253658178481309227e-01 1.773079241112430315e+00
7.409512427711431037e-01 1.845496204389621836e-02 2.380196244176450815e+00
7.480019086447068366e-01 9.260986252608170988e-01 2.440379138283135241e+00
1.994408412891021387e-01 9.134167511188742150e-01 2.572572955944181672e+00
6.300829513887692968e-02 2.299793024154060672e-02 3.524051736753618158e+00
5.968962218694406907e-01 6.677547431203790795e-01 2.339352708212037335e+00
9.787599002351089483e-01 2.070777886734049000e-01 2.112900595099552969e+00
8.068663108952430774e-01 4.149626374620806607e-02 2.222340554729340223e+00
7.681337939736182507e-01 3.026034140150750743e-02 2.436173667117846442e+00
8.415791317862871823e-01 7.952920722692471966e-02 2.467018193827897665e+00
8.616301799972226894e-01 3.885999686570087430e-01 2.217483668574383948e+00
7.515312090020723756e-01 7.759816663051214425e-01 2.545525478586649903e+00
5.265302146175193654e-02 6.638622255359747371e-01 2.377139149986490452e+00
9.115371189879984959e-01 1.977244044850276217e-01 1.725023947107381606e+00
7.967964274241572109e-02 1.543758010292527461e-01 2.784126525488043846e+00
9.867738432739554533e-01 3.638707918596115753e-01 1.920994528678610092e+00
9.961983834150995865e-01 3.888624506573992168e-01 1.862874320163692810e+00
1.058195731588844335e-01 1.248481397832095496e-01 2.828111365590779691e+00
9.196022687422805708e-01 3.242372467642703482e-01 1.614832364657635688e+00
9.356995401965434445e-01 6.727754575399801373e-01 1.363976858376206192e+00
6.746357872804363831e-01 8.026132488192587733e-01 2.077032791678212309e+00
9.037667678260388193e-01 9.163271374863456442e-01 1.878706803073479037e+00
2.640751380813708415e-01 6.951894736184717205e-01 2.752057022098902017e+00
8.291089242817123450e-01 1.367690660748264314e-02 2.493930244799309914e+00
7.160824601043432880e-01 4.651243311763749583e-02 -5.953899795454045130e-01
4.009118205885560671e-01 4.340178402086657949e-01 8.067605342453655348e-01
3.104885395350233668e-01 7.059159094607078133e-01 -2.794689049318521690e+00
5.002903184699132311e-01 4.901125610009577915e-01 -1.493136831266040354e-01
9.627048797522463897e-01 5.882115328197390358e-01 1.712875640949365064e+00
5.039780912970757143e-01 5.687306675871985906e-01 -4.893491377318164304e-01
8.108224495411776866e-02 3.412732424799048703e-01 -2.432870353740601010e-01
1.426961132196512792e-02 7.596459544643530126e-01 3.151722342975681102e+00
