1.631190008004138742e-02 7.694587759467338417e-01 2.393150663599327821e+00
6.983903839142578951e-01 7.949958258923449650e-01 2.406384913769588518e+00
7.426410244901352486e-01 7.691540891401023039e-01 2.304071317348398651e+00
6.658494585173793112e-01 8.747248927459928547e-01 2.244880163650278426e+00
7.056639637850287139e-01 8.667561852401804989e-01 1.919172540339132205e+00
2.659794768490245098e-01 6.732001082462139019e-01 3.008718160456998802e+00
8.383538398074306119e-01 4.607515071181507715e-01 2.140206680970079933e+00
1.541893808592951221e-01 9.161636864223045018e-01 3.326471290609893661e+00
5.769273858341409378e-01 5.857132748632823960e-01 1.455742911455416344e+00
8.075279032554079084e-01 3.809714790552017061e-02 2.342148713694760520e+00
7.344351287334284217e-01 4.333779284533573195e-01 2.095826163178183599e+00
8.891841552977268748e-01 9.506004162788740663e-02 2.332907587610837830e+00
1.774823029916561823e-01 7.139828622590307927e-02 3.600391640652599534e+00
1.316962152510927908e-01 4.785412508178211177e-01 1.992190193817148014e+00
8.663088431543203294e-02 5.962398376325494902e-03 3.316641076212735850e+00
7.993960645622453232e-01 6.512815619889639196e-01 2.427333429281557819e+00
9.335221812322093138e-01 7.335286423260255484e-01 2.186646827730908349e+00
9.475763975727351518e-01 9.475763975727351518e-01 -1.113169097787650941e+00
7.398511813743230414e-01 9.318922117979995257e-01 2.523651040905377840e+00
1.900243180441278656e-01 9.167826224736439489e-01 -3.484882856349555080e+00
5.302196263345114458e-02 2.352058030714513151e-02 3.089303822947758960e+00
5.908250785860319487e-01 6.757008880493569070e-01 2.223220320925279214e+00
9.732532371444736485e-01 2.154250434081206866e-01 2.153958592051230969e+00
8.057514468967442722e-01 5.143392334315800840e-02 1.682514976125856432e+00
7.639238071638582150e-01 3.933095389800664310e-02 2.005342373124878286e+00
8.375301140695361468e-01 8.867280911728694925e-02 1.987667726379392041e+00
8.598793078273427870e-01 3.984454979289544507e-01 1.746790679633665189e+00
7.495643864014324143e-01 7.857863391123910413e-01 1.768769256421215186e+00
4.762221238582204502e-02 6.725046187254530849e-01 2.097956296580973490e+00
9.080583696350343903e-01 2.070998139661784088e-01 1.926099837849669871e+00
7.045073767901910422e-02 1.582264258267125356e-01 2.746317131928516453e+00
9.806255864520846410e-01 3.717574221953328650e-01 2.232961244727310834e+00
9.902573566547938633e-01 3.969063428143920769e-01 2.206945980776378491e+00
9.582065256122836161e-02 1.249950645318706755e-01 3.126899650064461245e+00
9.149619269270922173e-01 3.330954197044547205e-01 2.053340312829976977e+00
9.267529859808308901e-01 6.772430259687024501e-01 2.678455644395388635e+00
6.671938839397489884e-01 8.092929250590077395e-01 2.410118214528047531e+00
8.950367236055571940e-01 9.212042603993380041e-01 2.632125325344328193e+00
2.545616690517004677e-01 6.921082551871523547e-01 3.454810844970580774e+00
8.242695344198998075e-01 2.242792402064017893e-02 2.075946641191971143e+00
7.310804874813474630e-01 4.626917441042534274e-02 -1.621795808520043458e-02
4.057203785155936160e-01 4.482262099484468076e-01 1.244464584938044904e+00
2.962099159029622508e-01 7.013201606453409731e-01 -2.830201425130959514e+00
5.035612978825574348e-01 5.047515737300340977e-01 1.350964711097686788e+00
9.578268389882147460e-01 6.023961977190042116e-01 1.902022416802571225e+00
5.188329379376154238e-01 5.708123811328252861e-01 1.392302988992442092e-01
9.102817968747728417e-02 3.525017055216462802e-01 8.458940208471487088e-01
1.190658731882843907e-02 7.744586556886604578e-01 1.728990244012924116e+00
