1.201045922897153381e-02 7.784863784304915102e-01 2.015448702726767571e+00
6.901432296988300186e-01 8.006513053014622239e-01 2.540495151263136631e+00
7.332703826410185144e-01 7.726456606108847991e-01 2.784921162090185476e+00
6.588495973703993869e-01 8.818664572750719577e-01 2.346174380279061111e+00
6.985651505561436547e-01 8.737993983380077934e-01 2.360126023291172714e+00
2.569723935239605628e-01 6.688558649317395410e-01 -2.692193604109698768e+00
8.297515567705471273e-01 4.658505978756629085e-01 2.606513564436910180e+00
1.464005650445296403e-01 9.224353965721486803e-01 2.463676888824501532e+00
5.788013205522213322e-01 5.955361241786477633e-01 1.382288391121754501e+00
7.999988255790873026e-01 4.467840837323684006e-02 2.423265563295156522e+00
7.258488236039621899e-01 4.385038785334597344e-01 2.603388316398075553e+00
8.805865592890226301e-01 1.001670312373454386e-01 2.605595086886030920e+00
1.678167902063603112e-01 7.396302063657450576e-02 2.882220826642601264e+00
1.270133139751351836e-01 4.873769984171832936e-01 2.058150934489308526e+00
7.679295937586011478e-02 7.755505423701316431e-03 2.961306898213124761e+00
7.949728794209554028e-01 6.602501423228780419e-01 2.028978508939869752e+00
9.333054653991273986e-01 7.435262937626225810e-01 1.592469606832062734e+00
9.381120886813842930e-01 9.508054620206979335e-01 2.812793815584924584e+00
7.341546984153274336e-01 9.401110974826816236e-01 2.176874196638275638e+00
1.816078867359699756e-01 9.221829635772280653e-01 2.571115016424997624e+00
4.535807039102424110e-02 2.994434522317909048e-02 2.443997508575240118e+00
5.900706764142398253e-01 6.856723913143213389e-01 1.646308285753032230e+00
9.674212839484410686e-01 2.235483630447769876e-01 2.193453003653468958e+00
7.980002371910901449e-01 5.775205187136739360e-02 2.457702865132955772e+00
6.468100555917679628e-01 6.468100555917679628e-01 5.253966595378876114e-01
8.298175420906049871e-01 9.503804544202819338e-02 2.451610222107939219e+00
8.584351955649296428e-01 4.083406755308748859e-01 1.715714262622991981e+00
7.491772318974285749e-01 7.957788418714614176e-01 1.609521455399709922e+00
4.148298652853180807e-02 6.803982811120249385e-01 2.231816657139038096e+00
9.003670591351901065e-01 2.134907249180682809e-01 2.448276698444865840e+00
6.411025771532082029e-02 1.659593627739493760e-01 2.257573122261596232e+00
9.766821545742735422e-01 3.809470546703050409e-01 1.976149336392680533e+00
9.864560503372759026e-01 4.061556709132540521e-01 1.960733852945329758e+00
8.636357325693032327e-02 1.282452416089262803e-01 2.810562201274957150e+00
9.084563033387429432e-01 3.406899481115853168e-01 2.279121007831065082e+00
9.176900574773677599e-01 6.814695288896899239e-01 2.705224998710177520e+00
6.664524037251209343e-01 8.192653975253179066e-01 1.645012460333864723e+00
8.931383162763559813e-01 9.310224093904887477e-01 1.761796253768514786e+00
2.487749413453652636e-01 6.839526569593867844e-01 -2.187896691652690073e+00
8.175469120698553027e-01 2.983105502979313886e-02 2.308056672372661211e+00
7.435347704230822474e-01 5.462924835789815386e-02 5.911765286802181940e-01
4.074134313054914025e-01 4.631303560914037942e-01 1.457685101397014904e+00
2.875874622553051263e-01 6.890460703289874589e-01 -2.183193002202221233e+00
5.159257883407603051e-01 5.132438864720972882e-01 6.018327799852135618e-01
9.531618368815129028e-01 6.166523457031010125e-01 1.887041503713145385e+00
5.284355414593933098e-01 5.823358357191695811e-01 8.760721500284102126e-01
1.059807851532789807e-01 3.513102401280753240e-01 -7.951478981234139098e-02
2.024211046630799288e-02 7.869293835686934635e-01 9.815897705435053799e-01
