9.207802901241521690e-03 7.880856032694373292e-01 1.854867147978353170e+00
6.865737113502549116e-01 8.099925332057147376e-01 1.935799046329526929e+00
7.346485487904644840e-01 7.825502382426933190e-01 1.432539672213775539e+00
6.541635732905929368e-01 8.907005490972953465e-01 2.058504395971531231e+00
6.965338490717901676e-01 8.835909158036340250e-01 1.775349989729222866e+00
1.648053064623689057e-02 1.648053064623689057e-02 -1.071780769964767899e+00
8.272603487463027205e-01 4.755353220627495103e-01 1.822568656880988902e+00
1.364403044399465359e-01 9.233260192132204391e-01 3.052412225613170271e+00
5.765044955625561185e-01 6.052687802892298130e-01 1.802547774703896710e+00
2.856823899468535766e-01 2.856823899468535766e-01 2.460657538455636839e+00
7.209441624574363106e-01 4.472184811656948478e-01 2.083420865489050033e+00
8.749605353666789487e-01 1.084343073803816782e-01 2.168326590664202858e+00
1.609955982275577679e-01 8.127543063522199573e-02 2.321453142750214305e+00
1.226523554700658103e-01 4.963760006350440568e-01 2.022051991445865671e+00
6.840783036602401945e-02 1.320432286314679807e-02 2.565344576009920274e+00
7.946342333811737824e-01 6.702444066209511941e-01 1.604667406834678900e+00
9.269690073168648237e-01 7.512625266295759330e-01 2.257053135553410250e+00
9.364089412417360148e-01 9.606593591583191261e-01 1.741945397758864811e+00
7.294044104471001377e-01 9.489107999900915358e-01 2.065793082991231877e+00
1.742325312288428296e-01 9.289360466615302903e-01 2.400210006166260346e+00
3.725763214412210200e-02 3.580803861626548346e-02 2.515023177146014088e+00
5.889965574862505715e-01 6.956145373869022652e-01 1.678415840134909631e+00
9.614930897702382850e-01 2.316017172394913004e-01 2.205351598842459904e+00
7.941543486485482806e-01 6.698293164083383988e-02 1.965558705442119081e+00
6.416588771421530835e-01 6.553812492414425872e-01 2.111941459921427455e+00
8.261400834926529990e-01 1.043373087601813520e-01 1.947380183505531992e+00
8.518894011656233944e-01 4.159006077846726379e-01 2.284422511826378344e+00
7.488808236661236295e-01 8.057744480141830756e-01 1.600441491940074235e+00
3.192655481075786644e-02 6.833435506792333580e-01 2.842632172608622998e+00
8.960172903598792038e-01 2.224951411457495865e-01 2.020808924374859927e+00
6.112326091816017853e-02 1.755028343715260286e-01 1.874126166392983794e+00
9.687009210872193909e-01 3.869719955019751412e-01 2.494970282418116359e+00
9.849768188555027004e-01 4.160456594988556911e-01 1.719264314428832652e+00
7.754043924988821002e-02 1.329518652707221693e-01 2.651551310450075416e+00
9.089205655333100209e-01 3.506791653288999777e-01 1.524353413343147778e+00
9.161238373629968512e-01 6.913461150687976176e-01 1.728065846517251813e+00
6.617556894013449931e-01 8.280938104382280507e-01 2.059714897293336566e+00
8.855388109742193814e-01 9.375222185540563746e-01 2.434033328825572440e+00
2.443572027482857623e-01 6.749813925174101836e-01 -2.028371308140629381e+00
8.153742560839961628e-01 3.959218027062016976e-02 1.789808601906485386e+00
7.511374178562705284e-01 6.755982266867940900e-02 1.039277557880422975e+00
4.167828399031951458e-01 4.748442018531199293e-01 8.961422177905351560e-01
2.828867029691938262e-01 6.748016727589236652e-01 -1.889550730112353083e+00
5.270290503461474430e-01 5.233293994902697976e-01 7.374025912597959032e-01
9.469418891597762844e-01 6.303019702524746970e-01 1.998368958082641811e+00
5.386052620131105417e-01 5.933620219981737831e-01 8.257833217523657954e-01
1.184293139391291994e-01 3.596788798662799991e-01 5.918644662904573028e-01
5.554998623025072732e-03 7.899771279318084094e-01 2.936985056828256724e+00
