9.998031869703484231e-01 7.914846030035344038e-01 2.794782117145107492e+00
6.804849879725516359e-01 8.179252154525848972e-01 2.225434601226565334e+00
7.265434400972936579e-01 7.884074742010518388e-01 2.515820118392124716e+00
6.536501623105084313e-01 9.006873608590904023e-01 1.622160006670743559e+00
6.887225402235732652e-01 8.898345889275066645e-01 2.467271346739483118e+00
1.162194787404718238e-02 2.522090669339763919e-02 2.078141195069898917e+00
8.197318128971187168e-01 4.821172023387459427e-01 2.423183238393093131e+00
1.286926441617224359e-01 9.296484997559527619e-01 2.457141273944298376e+00
4.780243358530127384e-01 4.780243358530127384e-01 -2.088101176876191900e+00
2.776862671936922156e-01 2.916875561324286936e-01 2.497445615095263083e+00
7.138209079253163836e-01 4.542369742283567380e-01 2.363602312489979429e+00
8.735524421339734280e-01 1.183346747194256726e-01 1.712075162000614492e+00
1.550146263189298712e-01 8.928966640840735325e-02 2.211921039650606158e+00
1.152529139174403860e-01 5.031026836742008568e-01 2.403783661620528367e+00
5.966873516625731400e-02 1.806520910841262484e-02 2.633984222071916736e+00
7.878508638477652593e-01 6.775919162516509386e-01 2.316293174287788137e+00
9.202043767254769469e-01 7.586272922716081890e-01 2.313745786947643879e+00
9.293141114672527348e-01 9.677065848870087805e-01 2.359560610908386202e+00
7.242043784562804953e-01 9.574524431162384497e-01 2.117651022763576751e+00
1.674035152739626608e-01 9.362411504313608024e-01 2.322523636057678864e+00
2.869613010733924885e-02 4.097530896666936456e-02 2.598569019105219979e+00
5.821244108763511393e-01 7.028790814862968528e-01 2.328444236118327293e+00
9.564689423705970972e-01 2.402479848103382387e-01 2.097185655517282754e+00
3.258570532712057322e-02 3.258570532712057322e-02 4.136841762837928371e-01
6.401857512060099564e-01 6.652721490981928776e-01 1.718646996814015226e+00
8.207386227611414009e-01 1.127530215621926901e-01 2.141406998458280420e+00
8.496077188111010869e-01 4.256368249984092689e-01 1.800992201164830497e+00
7.402541832875834116e-01 8.108322218109575985e-01 2.611309787687500439e+00
2.584119844047062103e-02 6.912788161345665428e-01 2.225010222796705239e+00
8.898981044168701171e-01 2.304043486531349161e-01 2.229280421167540105e+00
5.866775298606471956e-02 1.851966716300844917e-01 1.818884167517635042e+00
9.608440684489014671e-01 3.931582598529188566e-01 2.474599394267257946e+00
9.796548438529699698e-01 4.245118618394814747e-01 2.131990396022205303e+00
6.823580637207576904e-02 1.366157166608759355e-01 2.766471630817642247e+00
9.038448980174135228e-01 3.592952897052116845e-01 2.103154696591486683e+00
9.072065113156476679e-01 6.958717416735086259e-01 2.671955604010210816e+00
6.522498619773389184e-01 8.311985237881226452e-01 2.825903823331141318e+00
8.840471200567676657e-01 9.474103355743384025e-01 1.720524236312016120e+00
1.363135945830894480e-01 1.363135945830894480e-01 7.625694434693284229e-01
8.151281206978511218e-01 4.958915068028364737e-02 1.595412351341950252e+00
7.636986020617609894e-01 7.575839884724454298e-02 5.782648749155758772e-01
4.293206173633569711e-01 4.830785285626607584e-01 5.811136387229609568e-01
2.845029587741466082e-01 6.598890030726147771e-01 -1.462836343271093575e+00
5.360051815032673694e-01 5.353472640863693455e-01 9.292828081078654545e-01
9.342128308122866764e-01 6.382374017836647262e-01 2.584137001922909072e+00
5.521329296281828336e-01 5.998429331143768639e-01 4.467765587991798792e-01
1.175849043483590817e-01 3.746550934212148909e-01 1.627120074700084684e+00
1.952784341701768733e-02 7.954323647152113930e-01 3.722180100828446636e-01
