9.905735465573274334e-01 7.953334648932790518e-01 2.746508144564047349e+00
6.768200258902627997e-01 8.272294109006279594e-01 1.946036722169590449e+00
7.204112845046316549e-01 7.963066303450575534e-01 2.230921280022895914e+00
6.474436682848043745e-01 9.085282429465152410e-01 2.240366985202713934e+00
6.811112281076543429e-01 8.963205682578827549e-01 2.435851749098536079e+00
1.003365474756475612e-02 3.509396725962372898e-02 1.730301127300303055e+00
8.141980298851886344e-01 4.904465027641642938e-01 2.157211050023168042e+00
1.234967756053516330e-01 9.381926761319949737e-01 2.117163667226916512e+00
4.789385550333821739e-01 4.680662133748422216e-01 -1.479246577155867826e+00
2.684143338821400881e-01 2.954333875042511881e-01 2.757645516384689355e+00
7.051119429548283746e-01 4.591516389313465285e-01 2.627819836243096674e+00
8.651938189162166060e-01 1.238240661158899886e-01 2.560498126175943412e+00
1.492603366670011700e-01 9.746818403703091938e-02 2.183924880500080601e+00
1.074953148853522999e-01 5.094129655424969316e-01 2.458714762226596573e+00
6.044387413701099443e-02 2.803512182498235986e-02 1.493204596620306024e+00
7.788296408405457338e-01 6.819067204713129549e-01 2.695459475911909042e+00
9.171031149494597301e-01 7.681342463262260667e-01 1.886122077738369818e+00
9.299860586331092360e-01 9.776839836966333408e-01 1.503550941713495570e+00
7.194658894679663019e-01 9.662585047846362629e-01 2.064452728999341513e+00
1.620332234638615920e-01 9.446767870922395671e-01 2.137707723698760720e+00
2.780689156227298536e-02 5.093569323686539252e-02 1.659837793807960260e+00
5.730282171163468830e-01 7.070335079305198889e-01 2.713163278679765256e+00
9.527002098455339407e-01 2.495106331980581904e-01 1.957214643760944339e+00
3.278306156845162828e-02 4.258375766315121436e-02 1.551059421283161210e+00
6.341420547625150617e-01 6.732391895335670950e-01 2.219770752272814729e+00
8.128716297289172443e-01 1.189263853641192581e-01 2.476240283702685563e+00
8.454722930219550348e-01 4.347416728028740129e-01 1.997137837874993993e+00
7.322611816854972533e-01 8.168415416883687552e-01 2.496926050464922664e+00
1.770023878728351971e-02 6.970861198053917018e-01 2.521967098602084789e+00
8.826260402416035156e-01 2.372685370706249519e-01 2.385039661521328291e+00
5.653140832842835917e-02 1.949658083116848073e-01 1.786090138065363986e+00
9.569502358200339120e-01 4.023690180984905163e-01 1.970758241217822171e+00
9.763457651639679824e-01 4.339484925003684879e-01 1.908061808782063995e+00
6.984513937263638061e-02 1.464853695065086725e-01 1.409160120572949815e+00
9.005141799526641400e-01 3.687243043500805784e-01 1.910355858723804978e+00
8.998272931698589883e-01 7.026206037669924243e-01 2.400782166474318746e+00
6.425197165782647879e-01 8.335059618724220964e-01 2.908750602811827068e+00
8.832041608904344088e-01 9.573747432257693202e-01 1.655192395683824813e+00
1.380150508247762475e-01 1.461677838778830674e-01 1.399818880606687355e+00
8.160725090411802274e-01 5.954445733839237864e-02 1.476216547554121572e+00
7.786639423881797084e-01 7.473928702096352406e-02 -6.799316584439521471e-02
4.391748757178080553e-01 4.717695236425216154e-01 -8.540294399127843494e-01
2.945591376833540664e-01 6.487591663376931495e-01 -8.360325122783858198e-01
5.304314853313457645e-01 5.214212484687166249e-01 -1.951506345145186616e+00
9.213947786460764400e-01 6.460282642946010290e-01 2.595454718422441243e+00
5.467539905520839572e-01 6.138453262818185374e-01 1.937559690291047687e+00
1.131360453668908139e-01 3.889801642330122933e-01 1.871916955911454350e+00
3.445908150874762987e-02 7.939977466308165699e-01 -9.578761794857147682e-02
