9.882002458051640792e-01 8.050477555796740070e-01 1.810412800414338053e+00
6.671536034414429217e-01 8.297907146781896559e-01 2.882575745385308252e+00
7.110200183725232659e-01 7.997423428528080969e-01 2.790875652224495518e+00
6.423009718590876327e-01 9.171045284753978066e-01 2.110952157281889452e+00
6.712231083560874501e-01 8.978122410700882794e-01 2.991866575082926527e+00
9.087131470147103568e-03 4.504907116090504926e-02 1.665590560084618366e+00
8.054965290656638244e-01 4.953743708110795452e-01 2.626303123071420664e+00
1.247817140597756030e-01 9.481097791953064791e-01 1.441946241619115332e+00
3.557243904239345555e-01 3.557243904239345555e-01 -2.606373478805576127e+00
2.660805554548653640e-01 3.051572487873211448e-01 1.806346336638506855e+00
6.954717642587717741e-01 4.618100133797824469e-01 2.872520132571860341e+00
8.608284320116513788e-01 1.328209209648608113e-01 2.022544149100827138e+00
1.442105522802748785e-01 1.060995036144521814e-01 2.100153311596776096e+00
1.043291731513591031e-01 5.188985096239013828e-01 1.892954218001130506e+00
5.713199711771907441e-02 3.747077074856393353e-02 1.908358363340498798e+00
7.701223551702783832e-01 6.868243597684104973e-01 2.627478247902394592e+00
9.142778489816358878e-01 7.777268409810135230e-01 1.857223321622157863e+00
9.252337957973179039e-01 9.864826198375108435e-01 2.066017520944757546e+00
7.143288585070216579e-01 9.748381850179722585e-01 2.110291691453893392e+00
1.549746265873197804e-01 9.517603038836698337e-01 2.354432385200030620e+00
2.443188101723733213e-02 6.034894473785579888e-02 1.915057246376455025e+00
5.632764094110419562e-01 7.092476096623188120e-01 2.918332356540362493e+00
9.494634934458876518e-01 2.589723279166728509e-01 1.900403782553867549e+00
2.810607544973470207e-02 5.142263773051999887e-02 2.057481595691188936e+00
6.263465438094460991e-01 6.795025759163939583e-01 2.464745111578017678e+00
8.081677692699065219e-01 1.277509928218000246e-01 2.060524519068473115e+00
8.425713831032479728e-01 4.443116634843505275e-01 1.865118243591139979e+00
7.271735534608660956e-01 8.254506089460881268e-01 2.104543442454695601e+00
1.379697464851429439e-02 7.062928852017184012e-01 1.971782429839552986e+00
8.758947702290332815e-01 2.446638061000701858e-01 2.309225401629727781e+00
5.850843292885760105e-02 2.047684290698952303e-01 1.371782764116953546e+00
9.500191269995597043e-01 4.095773279224884100e-01 2.336592163912578624e+00
9.686910353244100325e-01 4.403831728407879842e-01 2.442572390509174074e+00
7.001984966303903546e-02 1.564838432057503448e-01 1.553324408832197578e+00
8.928064909197583887e-01 3.750954525803467665e-01 2.450843451009740992e+00
8.969518122057242859e-01 7.121982657585694820e-01 1.862462154089535638e+00
6.334720547333070328e-01 8.377650480583658243e-01 2.701626747170758236e+00
8.827992231805327217e-01 9.673665411346092924e-01 1.611301172538633253e+00
1.397759270091521455e-01 1.560115288493508778e-01 1.393785784785167792e+00
6.474596502579492707e-01 6.474596502579492707e-01 1.355490428433872907e+00
7.932588883954999615e-01 7.820159131772973227e-02 2.329206505633075464e-01
4.494502244311471828e-01 4.608417055245586647e-01 -8.161607178153542641e-01
2.991698455716726435e-01 6.344853661160073655e-01 -1.258357266343959502e+00
5.438308552849833166e-01 5.281634205849975450e-01 4.661810552310790001e-01
9.224436115300909123e-01 6.609915510184932730e-01 1.500817032558215303e+00
5.524891223053505218e-01 6.277056388242063800e-01 1.178466654056264495e+00
1.154537700828597718e-01 4.038000209172379340e-01 1.415659806918038610e+00
4.916732626165065678e-02 7.969418146138462777e-01 1.975536969487694250e-01
