9.864530742822332776e-01 8.148939422359110507e-01 1.746414821387583416e+00
6.620227151075116501e-01 8.383740697858808044e-01 2.109575894203696844e+00
7.049899828981235350e-01 8.077197278991425922e-01 2.218057179617838326e+00
6.369901238184321191e-01 9.255777151893246346e-01 2.130676657936258156e+00
6.658862357058800141e-01 9.062690602307105214e-01 2.133751032422184668e+00
7.953444144947403524e-03 5.498460099321301336e-02 1.684409319370450575e+00
7.956289645085000695e-01 4.969964588821183527e-01 2.978663958316096316e+00
1.265606625648253158e-01 9.579502742141752236e-01 1.391949562954422071e+00
3.459037458621423977e-01 3.538389354679776777e-01 3.331273520781923736e+00
2.573325580179219307e-01 3.100020956211468892e-01 2.635818650158440413e+00
6.912107326048746447e-01 4.708567591618018633e-01 2.010977268487374126e+00
8.554893517241375367e-01 1.412763465415826369e-01 2.134012102117914367e+00
1.426368049782525960e-01 1.159748931981282316e-01 1.728828017084636182e+00
9.993615706822023270e-02 5.278819059578767625e-01 2.025617427282083938e+00
5.786842782108770483e-02 4.744361737423385961e-02 1.497086528715215969e+00
7.648118403984078828e-01 6.952977553603645333e-01 2.130637326255212294e+00
9.124653717195424507e-01 7.875612157030990046e-01 1.753051369828910744e+00
9.181595009430989496e-01 9.935504591336162816e-01 2.356650967100036187e+00
7.059012283366808971e-01 9.802210327505356258e-01 2.573192112231573958e+00
1.505680612553008113e-01 9.607370617602446483e-01 2.027126239083010706e+00
2.426262054318517949e-02 7.034751217984086535e-02 1.587723182497925212e+00
5.570171515089321623e-01 7.170464358890580314e-01 2.247114384215823879e+00
9.487676915841427583e-01 2.689480915350226931e-01 1.640432779919702488e+00
2.446736095099990432e-02 6.073712949318194054e-02 1.943217235933093257e+00
6.219505493306382027e-01 6.884845151581329148e-01 2.025948998671790235e+00
8.056364968742817378e-01 1.374253227758148177e-01 1.826707734533226768e+00
8.390637000047168614e-01 4.536762862359769444e-01 1.929187743165624358e+00
7.250457722459708876e-01 8.352216143754970235e-01 1.785213640633132925e+00
1.050700157697542596e-02 7.157361937950319497e-01 1.906037902806075879e+00
8.743595282102589739e-01 2.545452549788424501e-01 1.724930102489862005e+00
6.257648578990739063e-02 2.139035779969628570e-01 1.151842165909283011e+00
9.410226383655551086e-01 4.139434694980932972e-01 2.689760947925567081e+00
9.652001843707351814e-01 4.497540831284402851e-01 1.927390928493481370e+00
6.952206241421132749e-02 1.664714459138532665e-01 1.620595632596690372e+00
8.846182727067549711e-01 3.808359301298402388e-01 2.530151925641673571e+00
8.890428138273906988e-01 7.183177219967916693e-01 2.483074384012322167e+00
6.306893425220777560e-01 8.473700734487266129e-01 1.852790096378578388e+00
8.769024844232785609e-01 9.754429556874103513e-01 2.201451309685761970e+00
1.360704538939554176e-01 1.652996647760346660e-01 1.950394537010643470e+00
6.459298881734504283e-01 6.573419489766093582e-01 1.724375558458364655e+00
8.011248457432341707e-01 9.097369823098513941e-02 1.018789368226134417e+00
4.402587883130762991e-01 4.489876976754207938e-01 -2.230347737036420419e+00
3.099048704458929882e-01 6.240087616589387043e-01 -7.732158067784715705e-01
5.522783799990379494e-01 5.157682874188941335e-01 -9.725813707182320300e-01
9.095494845112154225e-01 6.686558506225735998e-01 2.605299227034208354e+00
5.517863267451572629e-01 6.426891657254594215e-01 1.617666523117005539e+00
1.108205107538759032e-01 4.180665169127648073e-01 1.884815709734452227e+00
6.002045531846912640e-02 8.072960209898097927e-01 7.618765537778138253e-01
