9.820844663813087516e-01 8.238892335045682191e-01 2.022902193805867554e+00
6.593030488134301592e-01 8.479971366176572989e-01 1.846232431635854487e+00
7.022942455714618060e-01 8.173495254185945136e-01 1.843746676304920618e+00
6.326630983509488049e-01 9.345930826584714080e-01 2.018284665911633802e+00
6.642714111243007702e-01 9.161378160575981422e-01 1.732988969046522554e+00
5.577957623868737627e-03 6.469835741326872280e-02 1.810637812109448852e+00
7.887691569334774888e-01 5.042726556932046744e-01 2.326747069242031785e+00
1.266764758310768846e-01 9.679496035560540834e-01 1.559214741259102643e+00
3.359830694720341016e-01 3.550959875602744398e-01 3.015554006440574142e+00
2.486022928347035865e-01 3.148788229900578717e-01 2.632170633141820648e+00
6.828165455005912321e-01 4.762916117686608608e-01 2.567009105036869521e+00
8.490265610702328880e-01 1.489073580711114952e-01 2.273494564154670883e+00
1.392112928061395305e-01 1.253698847552668083e-01 1.920427392386953702e+00
9.156180067511313081e-02 5.333472655070030655e-01 2.563370517271098770e+00
5.802960115724083850e-02 5.744231844765901318e-02 1.554678295302224900e+00
7.574485290234058699e-01 7.020639688948877577e-01 2.398428237590821688e+00
9.039146927753904937e-01 7.927463762207721532e-01 2.596478092089983036e+00
9.103584105734044973e-01 9.998068949435532371e-01 2.465636404788123404e+00
7.061358113817203241e-01 9.902182809116537587e-01 1.547335870271589808e+00
1.457452710517986860e-01 9.694972383939093330e-01 2.074050750678298360e+00
2.436687165565198238e-02 8.034696875035256258e-02 1.560371026700348995e+00
5.559407034265599901e-01 7.269883300509346613e-01 1.678650113888612294e+00
9.443806611823938324e-01 2.779344124871215294e-01 2.024951230805726698e+00
2.677168189789312300e-02 7.046801357294103785e-02 1.338274622623772725e+00
6.216455824746720538e-01 6.984798638372317070e-01 1.601297741600448798e+00
7.975990047337367939e-01 1.433750051278970261e-01 2.504366526242523427e+00
8.348990719151654361e-01 4.627678137685601878e-01 2.000347518351924592e+00
7.181992242342200017e-01 8.425102891743058153e-01 2.324926310369075821e+00
7.059303255991886822e-04 7.177208857926593577e-01 2.941796850831416954e+00
8.661949849798988854e-01 2.603193552411847134e-01 2.526039755891583471e+00
6.367651615452739333e-02 2.238428905082442133e-01 1.460570221805626456e+00
9.365720501136067799e-01 4.228984828543993491e-01 2.032036276235932970e+00
9.560609387685866656e-01 4.538129240742779236e-01 2.723646669956472977e+00
7.087934854304463184e-02 1.763789064545002450e-01 1.434647482899413129e+00
8.789614513470175305e-01 3.890821639431648604e-01 2.172056555010849710e+00
8.848372673585221948e-01 7.273903940893003961e-01 2.004852898269198658e+00
6.231305737781204224e-01 8.539172113787976137e-01 2.427788737579779976e+00
8.695485574337844525e-01 9.822193675575072724e-01 2.397042334381444206e+00
1.331227398625832170e-01 1.748553427733957888e-01 1.870012610425471955e+00
6.435056079720637978e-01 6.670436429269029910e-01 1.815664074869565603e+00
7.960389325999916998e-01 1.050851647564527702e-01 1.916714788469876751e+00
4.283635281652919402e-01 4.398497117914016430e-01 -2.486542446822256558e+00
3.244467573514356884e-01 6.203299676681848229e-01 -2.477805847841395570e-01
5.629175656818170559e-01 5.051943700744400134e-01 -7.823213795679144766e-01
9.042125851969665673e-01 6.826743207855253681e-01 1.934559088217379763e+00
5.507300148479830071e-01 6.576519263389253300e-01 1.641275454031221992e+00
1.150976905676014267e-01 4.324437813549686371e-01 1.281638286707693197e+00
7.384131377717376155e-02 8.131255897100885255e-01 3.991528378877898797e-01
