9.791750527680557203e-01 8.334566423714986350e-01 1.866006942598002372e+00
6.540736748187204741e-01 8.565208475245014164e-01 2.121089799939699816e+00
7.030847750722826195e-01 8.273182296026061477e-01 1.491660805785952171e+00
6.310947807455417058e-01 9.444693359910145691e-01 1.728278220138482091e+00
6.622425006561734051e-01 9.259298292475567349e-01 1.775105803299693141e+00
6.359170005501263434e-03 7.466779607423575105e-02 1.492595408229367537e+00
7.790174860158404213e-01 5.064873598075529948e-01 2.918270584734335760e+00
1.296031565142337083e-01 9.775117445390576476e-01 1.273780434302087095e+00
3.259896845217693517e-01 3.554596594396127740e-01 3.105217444508277858e+00
2.386043482794816539e-01 3.150815658585099377e-01 3.121316977541133575e+00
6.815638681034237312e-01 4.862128414978136859e-01 1.696394018822955374e+00
8.491238291404685778e-01 1.589068850060476046e-01 1.561069366388007751e+00
1.348472348569337009e-01 1.343673843088079856e-01 2.022396441066705020e+00
8.428398516863574996e-02 5.402053557261294880e-01 2.385877908728854635e+00
5.300407666585293942e-02 6.608778567542990257e-02 2.097344932970920617e+00
7.505195479920183654e-01 7.092743240780027270e-01 2.336297020212349640e+00
8.995879523132893629e-01 8.017618804758660511e-01 2.018253052866354480e+00
9.054113372863141773e-01 8.497491349563457419e-03 2.088294358349100044e+00
7.017357010034428466e-01 9.991982045560381387e-01 2.026407291825872647e+00
1.504704221846927537e-01 9.783104640673679908e-01 1.078653930533316707e+00
2.046855359877218158e-02 8.955582950114063245e-02 1.971245268438579501e+00
5.573832749544929133e-01 7.368837323867064582e-01 1.426034094789731199e+00
9.425063257128587502e-01 2.877571853414454539e-01 1.759345060509573955e+00
2.014345820566454393e-02 7.795578030847571949e-02 2.295378136139390790e+00
6.195292526307351055e-01 7.082533559455654881e-01 1.784041815199834957e+00
6.245778316286498821e-01 6.245778316286498821e-01 -1.199587673229233431e+00
8.273124016559616489e-01 4.692825995960538954e-01 2.432060921880829341e+00
7.102304030960202574e-01 8.485516375062083227e-01 2.492912923389511981e+00
9.994670942570385019e-01 7.276438533525797503e-01 1.694999018948632141e+00
8.615346062900657298e-01 2.691670029775804496e-01 2.055603621202687137e+00
5.603035209997540844e-02 2.302877470039993435e-01 2.441242252034167226e+00
9.334419339192385756e-01 4.323959758188481439e-01 1.889158671873414130e+00
9.522221248762012813e-01 4.630467481953898790e-01 1.964792416434475886e+00
7.061991934099358381e-02 1.863755407125454455e-01 1.596742157964406328e+00
8.717361195947460617e-01 3.959955264441203937e-01 2.378255837015549101e+00
8.807841776070173267e-01 7.365321916951460546e-01 1.988113112840578900e+00
6.173773696178302961e-01 8.620964926363422487e-01 2.183792161954694500e+00
8.647883456461616936e-01 9.910137057211769740e-01 2.066921171589941153e+00
1.310432406106862013e-01 1.846367375032571534e-01 1.780274925747168169e+00
6.401528730639559628e-01 6.764648513757144377e-01 1.912691834615153574e+00
7.878601597402812295e-01 1.176592521789762702e-01 2.147485462641470111e+00
4.228282366682237781e-01 4.259083866017905340e-01 -1.948750097191283892e+00
3.345167871702837137e-01 6.092126613646096089e-01 -8.347873269683482311e-01
5.739689939379761796e-01 4.950520856424706628e-01 -7.425275818478552781e-01
8.926567389484483250e-01 6.922379193488595872e-01 2.450248555066322442e+00
5.445028188821402493e-01 6.712982456376590523e-01 1.998900043871519205e+00
1.057993345059002888e-01 4.442141073721113109e-01 2.239399354256420338e+00
8.868513731612800988e-02 8.152845021085863841e-01 1.444290959181196432e-01
