9.748799596131320078e-01 8.424872666461835635e-01 2.014745677344524477e+00
6.491842825777537351e-01 8.652440260457729959e-01 2.081669621850596563e+00
6.993278265520629366e-01 8.365856638654655120e-01 1.955942765650394710e+00
6.232639673267524882e-01 9.506885289611763934e-01 2.470401373893951646e+00
6.536976753876372337e-01 9.311246306037384013e-01 2.595350212225605802e+00
9.988662275239843513e-01 8.129016822994246383e-02 2.417792053751403270e+00
7.735537383184448723e-01 5.148627679229348386e-01 2.148826000500164035e+00
1.307477882726604257e-01 9.874460194566145876e-01 1.456081719758809845e+00
3.169646816520090837e-01 3.511527669170602106e-01 3.586849005647017918e+00
2.288067018816158649e-01 3.170830965383615863e-01 2.940078505949643706e+00
6.772845087262906461e-01 4.952509321878512116e-01 2.013004128612963406e+00
8.478065279714311897e-01 1.688197411852753183e-01 1.702910431375393552e+00
1.286867903869939600e-01 1.422444982430347282e-01 2.234507532897408666e+00
7.632632986449218448e-02 5.462614041126960807e-01 2.491066934348193485e+00
4.809180610660902799e-02 7.479810128123808022e-02 2.084294259800611560e+00
7.464753251305933368e-01 7.184200477479550928e-01 1.987143392641619544e+00
8.933431438132158897e-01 8.095722816689809864e-01 2.245262992405011815e+00
8.969281435240927802e-01 1.379234012857581161e-02 2.583599430008640674e+00
6.974373957896210507e-01 8.227300429315409502e-03 2.015101392586841289e+00
1.439365819591663653e-01 9.858807303709595793e-01 2.282842338076894073e+00
1.607141751852008901e-02 9.853720992353369457e-02 2.026076102287831304e+00
5.490684706079537181e-01 7.424392727455529917e-01 2.552563511043500544e+00
9.383462690444513976e-01 2.968508055510011290e-01 1.999844754105779332e+00
1.681287186493559543e-02 8.738484148268335638e-02 1.910341888685539447e+00
6.123988744267544471e-01 7.152646116582176417e-01 2.364617821942447407e+00
6.232744944192528669e-01 6.344925334455782107e-01 1.701501891066560912e+00
8.182273725329088920e-01 4.734613848062894093e-01 2.710483728289286631e+00
7.088130897406839104e-01 8.584506891200137657e-01 1.713006514782871692e+00
9.934138011493102161e-01 7.356036047652765308e-01 2.220975849088747012e+00
8.525095932497326334e-01 2.734738741878462998e-01 2.696338663002697533e+00
5.287326131219972913e-02 2.397763073667594225e-01 1.892000186620345081e+00
9.272278790898582645e-01 4.402308671759414538e-01 2.241331633373560894e+00
9.446682014187679499e-01 4.695994759021726028e-01 2.427048991625537777e+00
6.471025918385725495e-02 1.944425052486739858e-01 2.203052138985699404e+00
8.661488079111332450e-01 4.042890147421867031e-01 2.163651423843635513e+00
8.731648988613336382e-01 7.430088105194689874e-01 2.437080920699263409e+00
6.146098436497409168e-01 8.717059046899462427e-01 1.851209384997149376e+00
8.642908462440294093e-01 1.001322771548851520e-03 1.620566812218357633e+00
1.299252734791995767e-01 1.945740484822350846e-01 1.682827241540369556e+00
6.357716862461704199e-01 6.854540227539707153e-01 2.024301058487753657e+00
8.024611181688557915e-01 1.210961130965924337e-01 2.311777093391489957e-01
4.087830027823651236e-01 4.206423249717364254e-01 -2.782878230307260559e+00
3.487982937462469901e-01 6.046258792768364199e-01 -3.107633092418193854e-01
5.882536053142156662e-01 4.996291892932318013e-01 3.100856927271827268e-01
8.949483591747521283e-01 7.070618350508053318e-01 1.417421018856742432e+00
5.411015123696082396e-01 6.859075274135646438e-01 1.799539657828578054e+00
1.108615006645396056e-01 4.583341099847996758e-01 1.226560170697873264e+00
1.010135359589470344e-01 8.238291253831221406e-01 6.060696640537792668e-01
