9.695403224486769389e-01 8.509423405637770443e-01 2.134077963796484845e+00
6.405640073127560896e-01 8.703126406844755580e-01 2.610052653864339156e+00
6.950165259428935371e-01 8.456085617955861888e-01 2.016541166303161603e+00
6.149728111525610830e-01 9.562793007589845962e-01 2.548320289333315891e+00
6.501528276742354340e-01 9.404752484811190749e-01 1.933159326193176319e+00
9.928626016147260591e-01 8.928744751365408350e-02 2.214750751321669320e+00
7.683063066337788571e-01 5.233753739113947701e-01 2.123209704529956277e+00
1.271086464491846535e-01 9.967603442731877150e-01 1.943263113752448312e+00
3.071669442597255717e-01 3.491516817135145168e-01 -2.940123973424090043e+00
2.203100078358104785e-01 3.223562540641686236e-01 2.586154363427647596e+00
6.684319907199304245e-01 4.999020530148205466e-01 2.657831435490462635e+00
8.476274668543394286e-01 1.788181379125684534e-01 1.588703395511449568e+00
1.215869492782861716e-01 1.492866751955901627e-01 2.360271973075621865e+00
6.778524585717130013e-02 5.514623544085446305e-01 2.594630444924698853e+00
4.167745628479606335e-02 8.246987528490945518e-02 2.267163603011706385e+00
7.382931951153519634e-01 7.241691997213931531e-01 2.529092153056294201e+00
8.854489519857420277e-01 8.157108267238817323e-01 2.480658567060662456e+00
8.917251877105072388e-01 2.233220258659447677e-02 2.117993360588890095e+00
6.934704960883408820e-01 1.740682692908562118e-02 1.978704468147317375e+00
1.434750695689331057e-01 9.958700750098066212e-01 1.616963964745208759e+00
1.647046497642192658e-02 1.085292448076972810e-01 1.530880982763899167e+00
5.404207298319257946e-01 7.474608839880352296e-01 2.615496623805377396e+00
9.376052783456267914e-01 3.068233144020503511e-01 1.644963373719487532e+00
1.161841997674711337e-02 9.592987919946935338e-02 2.116997870465125331e+00
6.086297658103894115e-01 7.245271070151958481e-01 1.957255247095196937e+00
6.144418652713601325e-01 6.391813139198374571e-01 2.653572540719802753e+00
8.156994820927385703e-01 4.831365990117990616e-01 1.826358170182554197e+00
6.997243992089475784e-01 8.626215049177117233e-01 2.711360754256245897e+00
9.883188316296571685e-01 7.442083293741066363e-01 2.105396397414733389e+00
8.440585462315254306e-01 2.788198824459815484e-01 2.577557314020624268e+00
4.930586705049287699e-02 2.491183466613428599e-01 1.935571667805580542e+00
9.214729338149270088e-01 4.484089234781776789e-01 2.184005046799579297e+00
9.365556390503244621e-01 4.754463837873812437e-01 2.517093799639496421e+00
5.879842028743750143e-02 2.025078732416907001e-01 2.203322247386482413e+00
8.576123507717914318e-01 4.094975557574980218e-01 2.593741473977694056e+00
8.680956268549742116e-01 7.516286992267285916e-01 2.102412586544045503e+00
6.088724684935316045e-01 8.798962970075896450e-01 2.181858220013265459e+00
8.578188386208003280e-01 8.624518776169530845e-03 2.274703013453935441e+00
1.289882256479080724e-01 2.045300487515135102e-01 1.664638785102208640e+00
6.298317212356062678e-01 6.934986989856952722e-01 2.206813992682174153e+00
8.110736095103950882e-01 1.333771958213325337e-01 9.592110735310446223e-01
3.959498099376566049e-01 4.128764276372024478e-01 -2.597401225775913147e+00
3.578179075460999892e-01 5.926406147031401117e-01 -9.256597308948668612e-01
6.024789001695878277e-01 5.043874438343133315e-01 3.227934477824835890e-01
8.914147705488290052e-01 7.216396864501970487e-01 1.808604008676382602e+00
5.336246781507827386e-01 6.989112557275597437e-01 2.092612715875460161e+00
1.098346054164077296e-01 4.732989182411511120e-01 1.639309598421852643e+00
1.157275131354017356e-01 8.267444084998657461e-01 1.955970223528491203e-01
