9.674095226599545017e-01 8.607126881655965400e-01 1.785522582782464118e+00
6.343444314971951048e-01 8.781431500340957097e-01 2.242036497048034427e+00
6.924407452992974443e-01 8.552711367151444311e-01 1.831311177500122955e+00
6.095139199980468270e-01 9.646578750627170518e-01 2.148246252637987297e+00
6.432735985445436899e-01 9.477330860778968580e-01 2.329419629738878950e+00
9.933630805507338568e-01 9.927491570307088453e-02 1.520727516351282116e+00
7.653118842700635804e-01 5.329165182194787187e-01 1.874904339369226847e+00
1.233185846352422288e-01 6.014285673828556611e-03 1.959518445885336524e+00
2.997111677917941863e-01 3.558158693804579498e-01 2.412197540627673220e+00
2.168615556152915791e-01 3.317428496814730510e-01 1.922870214368410435e+00
6.588883099888634964e-01 5.028883815472265928e-01 2.838332836459468655e+00
8.466367717007166060e-01 1.887689430615294151e-01 1.670028619516273016e+00
1.210137935159509293e-01 1.592702363073429106e-01 1.628143330506454323e+00
5.805805481210237623e-02 5.537822152605638149e-01 2.907473679213640416e+00
3.579441748483779689e-02 9.055627463679566391e-02 2.199756066011525402e+00
7.287028581747359013e-01 7.270021200106804304e-01 2.854367624216128885e+00
8.825841483471585924e-01 8.252916878601449513e-01 1.861347524911220574e+00
8.931158581777808303e-01 3.223503226560305024e-02 1.431277082317955918e+00
6.892873953951059729e-01 2.648986984378426390e-02 2.002380314381518200e+00
1.432759123669749557e-01 5.868091633562944054e-03 1.590713363774056699e+00
1.883267139776568025e-02 1.182462392413152347e-01 1.332321757022326691e+00
5.385248348806362939e-01 7.572795184314634609e-01 1.761540368897518416e+00
9.295635702798359379e-01 3.127672971900969379e-01 2.505075462473648429e+00
1.442952875999883519e-02 1.055266321612124553e-01 1.285844857064832869e+00
6.038623012906340071e-01 7.333175155411332247e-01 2.067746060551878706e+00
6.115468957564600405e-01 6.487531032775176731e-01 1.864497569484115935e+00
8.100221472714198567e-01 4.913687232410999250e-01 2.174546299551115336e+00
6.925505380217024110e-01 8.695882628197876274e-01 2.370839427415150524e+00
9.807107084965731580e-01 7.506980491208932182e-01 2.435360217543784067e+00
8.372264875440943444e-01 2.861221405961359987e-01 2.322940238661710843e+00
4.526753519601125347e-02 2.582666730565409963e-01 1.986499357371264596e+00
9.119346793702195475e-01 4.514125383249946166e-01 2.836521038072887357e+00
9.276127180893229962e-01 4.799212206207507103e-01 2.677643054403179068e+00
5.360053793870406258e-02 2.110508246689624945e-01 2.117399375928401994e+00
8.504653295014549252e-01 4.164918453541159304e-01 2.366994460360217545e+00
8.557318588335516285e-01 8.557318588335516285e-01 -3.140856281344300172e+00
6.016043873682197507e-01 8.867647027000254978e-01 2.384459574494627532e+00
8.549157747585273137e-01 1.819385627735341238e-02 1.865343323963485789e+00
1.232038886717378018e-01 2.126873427725789190e-01 2.187603582360805987e+00
6.253495388251707476e-01 7.024379406112237767e-01 2.035567479484048814e+00
8.177459141298115686e-01 1.468114933863604032e-01 1.109822710236171517e+00
3.830198143287524837e-01 4.052727960342300539e-01 -2.609997771133603983e+00
3.671155607907621854e-01 5.808697335066441703e-01 -9.022530088488931455e-01
6.173389162948472730e-01 5.023429583838812107e-01 -1.367246116941601697e-01
8.889488114811994190e-01 7.364355995979813274e-01 1.735943264407845410e+00
5.433544225525348548e-01 7.103275630936292107e-01 8.649875033415685976e-01
9.938035302911672753e-02 4.840557117700248768e-01 2.341932080476014644e+00
1.289224805078903746e-01 8.338783300048278058e-01 4.956400376020055898e-01
