9.631979245900911257e-01 8.697825526462777956e-01 2.005520015653360133e+00
6.286489971395894383e-01 8.863627624019756457e-01 2.176746617903868586e+00
6.861232538630502864e-01 8.630228656805394305e-01 2.254603925419812693e+00
6.089718836738187147e-01 9.746431740879449857e-01 1.625026536387874643e+00
6.347857010278484813e-01 9.530203912276001832e-01 2.584488427503059071e+00
9.895695463330465014e-01 1.085274341785582575e-01 1.959893709844778176e+00
7.565390130263500712e-01 5.377161775971038837e-01 2.640976768381376516e+00
1.210101565937699852e-01 1.574419625807056342e-02 1.803740120052202300e+00
2.953283554204533257e-01 3.648042483064724562e-01 2.024481901096832903e+00
2.124233992421140360e-01 3.407040308540207896e-01 2.030648495281052845e+00
7.683373252562676337e-01 7.683373252562676337e-01 -6.178489706754719535e-02
8.489876893452776851e-01 1.984886748597063377e-01 1.333483349296537224e+00
1.211082624831508608e-01 1.692697900780986975e-01 1.561349289556343001e+00
4.821979496806308441e-02 5.555734838727948155e-01 2.961493767279428813e+00
3.357872583459509813e-02 1.003077212223564274e-01 1.794219665192864355e+00
7.207591055700103277e-01 7.330763931815968970e-01 2.488774712618579965e+00
8.728170200044028659e-01 8.274371957105471909e-01 2.925360772316435209e+00
8.958120437760063171e-01 4.186470428597433013e-02 1.297799426515361843e+00
6.862444997881325115e-01 3.601566568061920215e-02 1.879988861422658752e+00
1.445146650386413267e-01 1.579106960483948191e-02 1.446602039067562018e+00
2.054428182573960621e-02 1.280986698928271161e-01 1.398788345140316469e+00
5.339186578332196786e-01 7.661555047432968557e-01 2.049487327749580867e+00
9.206773959394560780e-01 3.173537888332130241e-01 2.665118206873775097e+00
1.105435626886468181e-02 1.149398255967629678e-01 1.915074450484723023e+00
6.021799947311859968e-01 7.431749921269557024e-01 1.739830794005037040e+00
6.026900715584954105e-01 6.533960188621851239e-01 2.658758092349876812e+00
8.036170847112328319e-01 4.990482527579446770e-01 2.265953639247985762e+00
6.845018062244443424e-01 8.755227313263859168e-01 2.506258062877415593e+00
9.714595139254512679e-01 7.544948107683032701e-01 2.752146429236344893e+00
8.328699352266112355e-01 2.951232767413696778e-01 2.021562418820439966e+00
4.059566050554570121e-02 2.671082558829690479e-01 2.056903394980079458e+00
9.026977112515304214e-01 4.552437809399070834e-01 2.748416374703379184e+00
9.231788597153307574e-01 4.888845291571884966e-01 2.030168928032811237e+00
5.523253580567474841e-02 2.209167550843973704e-01 1.406863268623234298e+00
8.478637087357103752e-01 4.261474949641238519e-01 1.833986382635878654e+00
8.470901339344131253e-01 8.607638157856339900e-01 2.614299859421834515e+00
6.017483833436267915e-01 8.967636659042315106e-01 1.556396231585480683e+00
8.559590187276104878e-01 2.813928950175201282e-02 1.466281759878009128e+00
1.262860720977183882e-01 2.222004992060982731e-01 1.257476699175482882e+00
6.221050101281160316e-01 7.118969592460498985e-01 1.901229575621871337e+00
8.179683645945775572e-01 1.618098438220158253e-01 1.555965752162355109e+00
3.683027464847462018e-01 4.023731556987891755e-01 -2.947058643428241087e+00
3.784948214667393507e-01 5.710966875910578056e-01 -7.096079357783701136e-01
6.318453576636572366e-01 4.985267876836532719e-01 -2.572390075898564055e-01
9.038877585118613167e-01 7.377875839229939281e-01 9.025477319100994045e-02
5.386601141745980259e-01 7.245740878927804385e-01 1.889097890574158223e+00
9.745121099796776043e-02 4.989311415461239463e-01 1.699763002646125010e+00
1.438104418523723504e-01 8.357082499498555972e-01 1.222993093436555295e-01
