9.539911366739984855e-01 8.736857636664624449e-01 2.740612320054552686e+00
6.262852164574023162e-01 8.960793739968948568e-01 1.809432910847021292e+00
6.772090957465500827e-01 8.675547289920298999e-01 2.671256087753708375e+00
6.058376599262600415e-01 9.841393123293692424e-01 1.889591190866958925e+00
6.302931296062103117e-01 9.619544161895913215e-01 2.036729998935288055e+00
9.950137676516634944e-01 1.169155480448524353e-01 9.950962792826051340e-01
7.496659415923098146e-01 5.449798467155714254e-01 2.328571550348343511e+00
1.163518998899035900e-01 2.459296139682770610e-02 2.055363800175499911e+00
2.889448007538268359e-01 3.725016653939240419e-01 2.263156220477129388e+00
2.069103306429517786e-01 3.490470563616487887e-01 2.154726165527468318e+00
7.610699129797219298e-01 7.752064386490361558e-01 2.384362199013447814e+00
8.516209822305932375e-01 2.081357349600761186e-01 1.304324649707679695e+00
1.147167246700416393e-01 1.769605796593832492e-01 2.264193787223979015e+00
3.822117722345476365e-02 5.557397463075286481e-01 3.124965644016894029e+00
3.576806002862907563e-02 1.100651192252480592e-01 1.350075090005470990e+00
7.118621742007833486e-01 7.376419831994659448e-01 2.667468934127306568e+00
8.630928979890364339e-01 8.297698875097924143e-01 2.906154390862751846e+00
8.909630374269784658e-01 5.061039679297955896e-02 2.077045874852579299e+00
6.852838468744371081e-01 4.596941602807159272e-02 1.667009992235644056e+00
1.412889733012423210e-01 2.525652853799617570e-02 1.899238825455370705e+00
1.507511344752379863e-02 1.364705392928311778e-01 2.149473351166680146e+00
3.037467367924884254e-01 3.037467367924884254e-01 -1.893715588160723939e+00
9.152045348826022275e-01 3.257232447206870329e-01 2.149914496478021686e+00
4.616828545403203407e-03 1.225921609794853456e-01 2.270188625006717142e+00
5.950901755256726711e-01 7.502272586869442872e-01 2.358849866343065926e+00
5.927786632143444701e-01 6.547241696952971202e-01 3.008383964846684577e+00
7.966391930929404008e-01 5.062112848368456319e-01 2.343102708701634285e+00
6.798044348647503954e-01 8.843507946649176166e-01 2.059789321647140792e+00
9.658566622018190939e-01 7.627778085687975107e-01 2.165526373139211813e+00
8.304840069227347188e-01 3.048344736876147931e-01 1.811712901618824922e+00
4.409667871025613889e-02 2.764753723832740206e-01 1.213116525448251437e+00
8.984599071794826530e-01 4.643014305603624381e-01 2.008411309383137944e+00
9.222268987453239308e-01 4.988391145484332712e-01 1.666136795877055654e+00
5.405043633254082158e-02 2.308466413292451225e-01 1.689283322704346446e+00
8.465576470320315128e-01 4.360618382518148262e-01 1.701776689399040920e+00
8.372123183822407499e-01 8.623222637049633432e-01 2.985110016178149195e+00
5.950672872799385171e-01 9.042042945999647641e-01 2.302461569939120434e+00
8.567020827313676090e-01 3.811164408260805242e-02 1.496421376223117772e+00
1.201171905417891539e-01 2.300710074710654307e-01 2.235579070565190118e+00
6.147227248480507944e-01 7.186424661983651374e-01 2.401236746338454520e+00
8.183754960903897313e-01 1.768043176022162377e-01 1.543650893400392299e+00
3.536130664788397771e-01 3.993378136547894863e-01 -2.937829418489121380e+00
3.821309722553322685e-01 5.565440793216576143e-01 -1.325947098706854455e+00
6.465017427839053754e-01 5.017190243927598381e-01 2.144558557016090494e-01
9.173809510232892039e-01 7.443399694313066473e-01 4.520668585955061047e-01
5.275607268892711366e-01 7.346638649909290608e-01 2.403805956823675594e+00
8.638662312554609701e-02 5.090590680473116025e-01 2.400363490831618041e+00
1.513786834846655716e-01 8.486589919593013898e-01 1.041936292869153569e+00
