9.492791920404248796e-01 8.825060571859626446e-01 2.061440837500369661e+00
6.169298867846108037e-01 8.996117679037782811e-01 2.780561188415578311e+00
6.674811727979818032e-01 8.698715188199425130e-01 2.907789382743521500e+00
5.982561409377735728e-01 9.906600921774563195e-01 2.431270580966231165e+00
6.205285596025769124e-01 9.641115375686848399e-01 2.924171574417033792e+00
9.975984501084935729e-01 1.265757455892795313e-01 1.309360095617922548e+00
7.426238049663270724e-01 5.520797278230965555e-01 2.352111327398983764e+00
1.104345768116556381e-01 3.265430666840826723e-02 2.204002383695327083e+00
2.789509876738392458e-01 3.728533756756463036e-01 3.106414370277455372e+00
1.980837816360718207e-01 3.537472725938179408e-01 2.652277377806663061e+00
7.524537091428924462e-01 7.802819712754907044e-01 2.609249939186986111e+00
8.509788544953800216e-01 2.181150972629324336e-01 1.635053310273130167e+00
1.077841832143125733e-01 1.841675116671517287e-01 2.336790930643913633e+00
2.958293218692899240e-02 5.607776747199754164e-01 2.613608717000994286e+00
3.095522515479492975e-02 1.188307692568889434e-01 2.072914675469141432e+00
7.040264571736055688e-01 7.438549968538848978e-01 2.471190229530334737e+00
8.548732345680025713e-01 8.354652481871260861e-01 2.535651326412438955e+00
8.848041025576125485e-01 5.848869110551372513e-02 2.234315903388922830e+00
6.807635628749438839e-01 5.488945148562027199e-02 2.039834341023133213e+00
1.332006136324031254e-01 3.113687188405134948e-02 2.512966205753232707e+00
1.228916260764255190e-02 1.460746258146074783e-01 1.853127293500042239e+00
2.939058637116033768e-01 3.019698808596925077e-01 3.320226772431675411e+00
9.179458872787054080e-01 3.353401562332454788e-01 1.293105947811835632e+00
2.374853181685812348e-03 1.323375981922780276e-01 1.796915859910353852e+00
5.891436077746424749e-01 7.582670554494506110e-01 2.207635000631590572e+00
5.884846772473911747e-01 6.637553204810834329e-01 2.014623077216322944e+00
7.934041540557845718e-01 5.156735531921650129e-01 1.900226508641469358e+00
6.727021513935887986e-01 8.913905084016590097e-01 2.360618852977357740e+00
6.707056062365844840e-01 6.707056062365844840e-01 -1.558883281336398419e-01
8.333777183405239875e-01 3.144066434641364927e-01 1.277226519520901160e+00
4.537825622549252619e-02 2.863929103374459606e-01 1.442285137508629633e+00
9.007008784487925412e-01 4.740470987144772552e-01 1.344779824717206917e+00
9.199684085823820467e-01 5.085807377285760378e-01 1.798610809783523612e+00
5.722707236796478053e-02 2.403286761055178911e-01 1.247531884200244079e+00
8.409626332427685425e-01 4.443501324489314563e-01 2.164580407817279450e+00
8.330003462096763345e-01 8.713919544614082691e-01 2.005561262827955993e+00
5.851496871381026699e-01 9.054853907816220460e-01 3.013129997727061138e+00
8.513894894877267472e-01 4.658373668288228603e-02 2.130882638958678132e+00
1.171518860143459378e-01 2.396212414503731958e-01 1.871853976712751111e+00
6.074662161155600648e-01 7.255230970571807658e-01 2.382776199802127959e+00
8.224585949489338077e-01 1.912379000996891343e-01 1.295110852782694222e+00
3.386514535323321695e-01 3.982653687662773279e-01 -3.070035275559509724e+00
3.840701516305376484e-01 5.416699546969686585e-01 -1.441154861429825296e+00
6.614406552987317500e-01 5.003666587342330274e-01 -9.028029935118631055e-02
9.322426994268521172e-01 7.423081145178849205e-01 -1.358746933632394294e-01
5.389436095880130173e-01 7.444326920170711848e-01 7.092372422697175161e-01
7.154990143522152457e-02 5.112662584522953413e-01 2.993910385364005666e+00
1.581754823759656814e-01 8.620307354817902112e-01 1.100534253473046231e+00
