9.492197015816262740e-01 8.925058802286625070e-01 1.576745407765903995e+00
6.120935576443057302e-01 9.083644772241336041e-01 2.075596918927357759e+00
6.588332743722316032e-01 8.748928585632685939e-01 2.615528018904795360e+00
5.883165930116388553e-01 9.917579933679424586e-01 3.031580763508101573e+00
6.114425879756242299e-01 9.682882730875093102e-01 2.710709328566404341e+00
9.900656973940443750e-01 1.331527993782460617e-01 2.423824151266421811e+00
7.371399662883283410e-01 5.604419950607352208e-01 2.151226688831155087e+00
1.019420370816166155e-01 3.793415220911387081e-02 2.585367039568156056e+00
2.708117350858606498e-01 3.786630716495406057e-01 2.521673207709697717e+00
1.896577242479323688e-01 3.591325819527851904e-01 2.572899994986864058e+00
7.427165649344810161e-01 7.825596944071726568e-01 2.911803408840702101e+00
3.769412792859549999e-02 3.769412792859549999e-02 1.702328030937113823e+00
9.893363810492092347e-02 1.888223855931161488e-01 2.657407429891619266e+00
2.257295772337552381e-02 5.679093125417052912e-01 2.347591485513405019e+00
2.209881195565256695e-02 1.234744687783973088e-01 2.658669578113570964e+00
6.960691199433551857e-01 7.499114631671794928e-01 2.491014414470852145e+00
8.526565714425416997e-01 8.452164739863895493e-01 1.794319290023570712e+00
8.822946402211657713e-01 6.816870137317124212e-02 1.824453971325981305e+00
6.750061840582959327e-01 6.306579474906108540e-02 2.184302647660909091e+00
1.298594967143589796e-01 4.056220677146830933e-02 1.911458930693756386e+00
8.050567116274538401e-03 1.551319051114247449e-01 2.008498686962514768e+00
2.847860508127991186e-01 3.060721988252826931e-01 2.718884437820261457e+00
9.123078426242170469e-01 3.435992392618870683e-01 2.169781324873936601e+00
9.968705410407775469e-01 1.406864033675980230e-01 2.153676974744614725e+00
1.708089194606290384e-01 1.708089194606290384e-01 -2.131853557552613410e+00
5.859537739919041810e-01 6.734297470124787077e-01 1.826669578061726362e+00
7.899270024787063971e-01 5.250495553737999366e-01 1.925929421252686957e+00
6.635937041389928792e-01 8.955180002078585444e-01 2.716122372281017494e+00
6.674100965113618500e-01 6.801469840836449343e-01 1.906624267164588771e+00
8.296162424209398978e-01 3.236722410652839166e-01 1.956431341864757867e+00
3.891667874235538171e-02 2.940249491495469103e-01 2.273335595830801470e+00
8.939241410953494560e-01 4.814007257680100738e-01 2.315390906706986662e+00
9.205393533227923530e-01 5.185644255293537785e-01 1.513670787935665452e+00
5.663637692843861982e-02 2.503112148055542385e-01 1.629900275813188415e+00
8.352812804458144003e-01 4.525794842093401327e-01 2.175034466658149146e+00
8.235129986239358990e-01 8.745526878869513965e-01 2.820004871399985014e+00
5.766945001689147698e-01 9.108248489297934292e-01 2.578332189092266358e+00
8.447855390480718540e-01 5.409292029966655813e-02 2.292141047156992961e+00
1.084092433889809193e-01 2.444757445068302115e-01 2.634714491406576098e+00
5.987625156243328028e-01 7.304470789579405876e-01 2.626749673044780575e+00
8.247733585740593121e-01 2.060582195753210832e-01 1.415859609430523358e+00
3.247628131752040015e-01 3.925991823035538397e-01 -2.754232188080016908e+00
3.776882458565261058e-01 5.280952989484187787e-01 -2.010266877140667319e+00
6.680827833558398154e-01 5.138159016450060124e-01 1.112067693530800261e+00
9.243095398546528063e-01 7.550385889474583445e-01 2.128073502367611169e+00
5.527947363778499268e-01 7.501899732028273204e-01 3.939282492331414587e-01
5.763265036423931287e-02 5.168618033432996750e-01 2.759313227824595316e+00
1.524907990440113326e-01 8.759118152458215123e-01 1.959488953119742360e+00
