9.454419232929314187e-01 9.017648429784237418e-01 1.958191423031960143e+00
6.035420069706523005e-01 9.135481999285168797e-01 2.596646235462944041e+00
6.488420080759329522e-01 8.753107075748097765e-01 3.099795583619556538e+00
5.828180921637753364e-01 1.106269901027800984e-04 2.152981071489725728e+00
6.015590208022013607e-01 9.698098183311472109e-01 2.988844839121239438e+00
9.847765064712148408e-01 1.416395219129974736e-01 2.128122740254636103e+00
7.300660813606428823e-01 5.675102446339934659e-01 2.356592969935877413e+00
9.932431359685990613e-02 4.758544868976107706e-02 1.835654457452346566e+00
2.612475607608986672e-01 3.815831006702418704e-01 2.845272311921103636e+00
1.815877900892543806e-01 3.650381862973550717e-01 2.509839516982171226e+00
7.335031894453513113e-01 7.864473302049685977e-01 2.742303425430131281e+00
3.174635248926767350e-02 4.573303129431204039e-02 2.207785222762197908e+00
9.776532543191421287e-02 1.987539033773267627e-01 1.687895022270732959e+00
2.149098948851920973e-02 5.778506074643379176e-01 1.679205372134045859e+00
1.790509688195261045e-02 1.325526158294546841e-01 2.003549222286389764e+00
6.874514337701514988e-01 7.549844785446619966e-01 2.609542066959946283e+00
8.447840259590326806e-01 8.513827554922958063e-01 2.477140220576341534e+00
8.744941929335456887e-01 7.442593895161275785e-02 2.465533624085154862e+00
6.699933696513157289e-01 7.171863773395177610e-02 2.095875415779448137e+00
1.262372843907016151e-01 4.988312828612256888e-02 1.941446180951009293e+00
8.119211109824803208e-04 1.620313256675344760e-01 2.380183652553097939e+00
2.749185731515647046e-01 3.076948154174080075e-01 2.978610396628158519e+00
9.134056564253809629e-01 3.535387968404704595e-01 1.460793228791120502e+00
9.928997437902489231e-01 1.498642445731971917e-01 1.979129098655621144e+00
1.686503753407518624e-01 1.805731750534811386e-01 1.788363112710143366e+00
5.841679355392180861e-01 6.832689939867602202e-01 1.750343297717072977e+00
7.891494331011078556e-01 5.350192788335064176e-01 1.648631833416695613e+00
6.538194021785858068e-01 8.976305865816627261e-01 2.928730172093340300e+00
6.648055079561207004e-01 6.898018335624254149e-01 1.834293758375842298e+00
8.307160500310259987e-01 3.336115782273282870e-01 1.460592633240765270e+00
3.515686888404506022e-02 3.032912229329698950e-01 1.956251536896902454e+00
8.912313119083999924e-01 4.910313369100878789e-01 1.843444695205642692e+00
9.152282009469836499e-01 5.270374214836158755e-01 2.130712575777945705e+00
4.924138758408599936e-02 2.570427920796343191e-01 2.403122029580909036e+00
8.364344249680876198e-01 4.625127745861866146e-01 1.455224768924686440e+00
8.135441294254076583e-01 8.753411337650147672e-01 3.062666147259796023e+00
5.668589138697904817e-01 9.126307398878742427e-01 2.960007291981114896e+00
8.430252750405824447e-01 6.393677475937578625e-02 1.747744679720739880e+00
9.969119087032121684e-02 2.493742708446068379e-01 2.629671944397565575e+00
9.829746568152009090e-02 9.829746568152009090e-02 2.246336831772760334e+00
8.272085423000536952e-01 2.208592290078108811e-01 1.407729019620557409e+00
3.123854753014816965e-01 3.841256053044513341e-01 -2.541274372786142877e+00
3.635015655406596546e-01 5.232231226774483046e-01 -2.810779973163735068e+00
6.827610498867623390e-01 5.169059650176894838e-01 2.074898330966477022e-01
9.099910172123174545e-01 7.595084781341083779e-01 2.839003619230251463e+00
5.673962100216715099e-01 7.536246445741210387e-01 2.310277529031327659e-01
4.893236953802648087e-02 5.290808505052118083e-01 2.189547999939628564e+00
1.608434536444509066e-01 8.883710753011280215e-01 9.802154056374450253e-01
