9.413350682670764691e-01 9.108826136377795590e-01 1.994002093148007360e+00
5.941615005197926624e-01 9.170131817070230618e-01 2.787757220344183828e+00
6.389987844983140430e-01 8.770744959977812005e-01 2.964286257135333891e+00
5.729318592360276297e-01 9.986064998351329436e-01 3.292578377994502592e+00
5.919395690245187192e-01 9.670773931268941137e-01 3.418354874679957689e+00
9.824646059005803789e-01 1.513686079826907782e-01 1.804097027367320916e+00
7.250746078459988642e-01 5.761754158471090737e-01 2.093410828178379202e+00
1.000361990646255611e-01 5.756007745883234133e-02 1.499547514151134076e+00
2.515831179563040032e-01 3.841518640452374900e-01 2.881803964405428964e+00
1.786246586572696748e-01 3.745890947419369121e-01 1.871626441060597168e+00
7.239812142739141532e-01 7.895021606150789406e-01 2.831146974794152893e+00
2.448739530444908261e-02 5.261107902524343738e-02 2.383132113676563080e+00
9.545300875599031787e-02 2.084828905594667547e-01 1.804139796790995565e+00
1.405171750040467953e-02 5.845332141628392097e-01 2.409724366777482363e+00
9.677667763014589919e-03 1.382367525354858406e-01 2.537016184004484032e+00
6.774542163785318705e-01 7.552203692496445298e-01 3.118001394876466659e+00
8.395809707028246693e-01 8.599225573635833619e-01 2.118005005152924891e+00
8.651537785168085248e-01 7.799758542398478600e-02 2.776362103573113416e+00
6.617692529370011734e-01 7.740756595193204470e-02 2.536433684115148246e+00
1.225100548246388504e-01 5.916255497972103261e-02 1.952738026175470765e+00
9.991805381460058255e-01 1.718973577788537876e-01 1.734667059488997687e+00
2.685388592093573834e-01 3.153954160443465105e-01 2.262657360895234060e+00
9.152935625140220521e-01 3.633589704947635668e-01 1.380865863822746453e+00
9.902939016719637388e-01 1.595187557909943377e-01 1.834423598308082104e+00
1.677053064772100477e-01 1.905284171320628384e-01 1.665444463791292629e+00
5.748129309277243415e-01 6.868022486788155634e-01 2.780469176679358334e+00
7.829184325623360641e-01 5.428407002059825182e-01 2.243496345214331722e+00
6.471225349615284950e-01 9.050570237810944274e-01 2.304583191994793001e+00
6.565510642309329015e-01 6.954466682621937013e-01 2.541785293940330703e+00
8.329659320384701360e-01 3.433551931084993791e-01 1.343865400364379070e+00
3.286035172971321638e-02 3.130239516849622761e-01 1.802516145703436656e+00
8.936383031944837851e-01 5.007373346923210677e-01 1.327710234258419941e+00
9.177392577403936658e-01 5.367170182613886231e-01 1.316973962292387057e+00
4.179215861348679201e-02 2.637142977375488417e-01 2.411215589911416934e+00
8.361067404282384041e-01 4.725074042862977830e-01 1.603570647921000347e+00
8.036599632546209682e-01 8.768587829696319336e-01 2.989239020781072398e+00
5.572972733943515333e-01 9.097024244304060536e-01 3.438779513766048179e+00
8.338745797438578133e-01 6.796973590306440438e-02 2.726476617305165995e+00
9.128670789206774772e-02 2.547931882520091396e-01 2.568906302207682124e+00
9.305418005257883041e-02 1.068126260331128952e-01 2.122722728662419733e+00
8.243432150715995776e-01 2.355830158805511665e-01 1.762999352222466953e+00
2.974064618466847887e-01 3.833324118091344102e-01 3.194496895074241838e+00
3.560385100695383498e-01 5.102114816189589064e-01 -2.091553438475353133e+00
6.893555055763636030e-01 5.303786467907399826e-01 1.115609217269507347e+00
9.010104195717830722e-01 7.715230054248022329e-01 2.212681550752392923e+00
5.756495506983239085e-01 7.410993754083460283e-01 -9.881653973971362692e-01
4.387989203634146823e-02 5.432043228507423827e-01 1.914346401835067324e+00
1.637384511622577699e-01 9.030890571387270027e-01 1.376577778482109382e+00
