9.327684547348831234e-01 9.160414054139652817e-01 2.599559037358129210e+00
5.843025475030710902e-01 9.186868141081422356e-01 2.973438077713334238e+00
6.293541226466562444e-01 8.797165591626538994e-01 2.874211749324739440e+00
5.630717945563764593e-01 2.735704734371235958e-04 2.974103604026430592e+00
5.819479737329092961e-01 9.674872998585886119e-01 3.100590492736406301e+00
9.778020093092768539e-01 1.602150871143433741e-01 2.055854314720967135e+00
7.233098190247108095e-01 5.860184601127952364e-01 1.748204357375614970e+00
9.781125914016626510e-02 6.730941806897347557e-02 1.795168167776932444e+00
2.452624192861979358e-01 3.919009780798687892e-01 2.255017739534709964e+00
1.795049867023137125e-01 3.845502705025140022e-01 1.482649418181301249e+00
7.140597233619719875e-01 7.882515535288009412e-01 3.266981673539123499e+00
2.303597401320556931e-02 6.250518718289589659e-02 1.716452948049725480e+00
9.641919255552729162e-02 2.184361055609380098e-01 1.474026987940111555e+00
1.823127879923291603e-02 5.936178862730112638e-01 1.139601974818157615e+00
1.069283707627233584e-02 1.481850906512426624e-01 1.469104214877406944e+00
6.700514270937062422e-01 7.619433678964144807e-01 2.404281477436438053e+00
8.332367037517808273e-01 8.676523876886224063e-01 2.258062942382819571e+00
8.593941388205114107e-01 8.617233621950375067e-02 2.184579189356124829e+00
6.518036122671302390e-01 7.657931113666383016e-02 3.224513126618647973e+00
1.258203056774751805e-01 6.859877452418354504e-02 1.233406627869632288e+00
9.916765125016193672e-01 1.785071686028026072e-01 2.419467236190269599e+00
2.622223761231984862e-01 3.231479666841210463e-01 2.254473851645016236e+00
9.144732023766476425e-01 3.733252641511338732e-01 1.652924636117836021e+00
9.890403486329203409e-01 1.694398749203216703e-01 1.696482278724207537e+00
1.646476547913059141e-01 2.000494867236417007e-01 1.881538310704376826e+00
5.655079329318769554e-01 6.904651726880294271e-01 2.766571297591844836e+00
7.826371681387764845e-01 5.528367439395822647e-01 1.598926478927897854e+00
6.382572120416214467e-01 9.096836909968957219e-01 2.660591771328539412e+00
6.489969259961116954e-01 7.019991483674067334e-01 2.427081769036003589e+00
8.289327975674855020e-01 3.525058120131940309e-01 1.985931304593134605e+00
2.613965950742372021e-02 3.204288349421958171e-01 2.307795985462268717e+00
8.947648703274108106e-01 5.106736743853372840e-01 1.457899944396243486e+00
9.188641071097740642e-01 5.466535525614454327e-01 1.458072819597183489e+00
3.370300683593156765e-02 2.695935513908346848e-01 2.513100922736283493e+00
8.342950626659502156e-01 4.823419263227584630e-01 1.752970073982522692e+00
7.938243500258775898e-01 8.750530386869141974e-01 3.323163102496996757e+00
5.490851086937241776e-01 9.154085922276031795e-01 2.534335937981500919e+00
8.301227834187494548e-01 7.723925716011448284e-02 1.955386882029369389e+00
8.742210536449250557e-02 2.640162488776289784e-01 1.967586887848441268e+00
9.023225392118518207e-02 1.164062037238890318e-01 1.856875171263008273e+00
8.280164339504769710e-01 2.501263120360950887e-01 1.323399106406050407e+00
2.855057308173449826e-01 3.924632716244699226e-01 2.487141376988062369e+00
3.446271676164671671e-01 5.004759146904880218e-01 -2.435273700829367893e+00
6.996801405878241287e-01 5.412599110500125876e-01 8.116409298329767541e-01
8.872875883525848106e-01 7.775797292363522129e-01 2.725946023897027004e+00
5.797124516309192233e-01 7.266600944009026231e-01 -1.296509946616990483e+00
3.695162688616863977e-02 5.565084253010732507e-01 2.050914896864422854e+00
1.647500125260825121e-01 9.180549097241034184e-01 1.503307682258313571e+00
