9.303314596426308647e-01 9.257399132847843326e-01 1.816974874536744666e+00
5.761409762433528092e-01 9.244651144267949094e-01 2.525525235891088016e+00
6.194834174336169008e-01 8.813194249078980524e-01 2.980611679159065996e+00
5.531293664235776841e-01 1.345075407691233467e-03 3.034236056990473163e+00
5.724352094955442727e-01 9.705706935350931763e-01 2.828145804739585767e+00
9.776832395166815681e-01 1.702143817762866163e-01 1.582673585305154562e+00
7.227562155364916086e-01 5.960031245126552468e-01 1.626184992460251832e+00
9.230072824313900748e-02 7.565411993500248400e-02 2.154422025597733104e+00
4.865761850221738127e-01 4.865761850221738127e-01 -8.251505801643137517e-01
1.725698412162855744e-01 3.917546967175309924e-01 2.337152316466189372e+00
7.043656409871488222e-01 7.907060935896154108e-01 2.893604655583391860e+00
1.822503631450261841e-02 7.127187860322083124e-02 2.072698255417206425e+00
9.814434364898529106e-02 2.282861742766749968e-01 1.397413832891912122e+00
1.525516025920206284e-02 6.031647558351077576e-01 1.872986505675410474e+00
7.576293437842425080e-03 1.576870460157853704e-01 1.887729940534012885e+00
6.603893697850814481e-01 7.645210894804593815e-01 2.880876925535969857e+00
8.250678499822072798e-01 8.734203880432794831e-01 2.526786680417030251e+00
8.537035442377730599e-01 9.439529999754074641e-02 2.176157929770751398e+00
6.418396876367800097e-01 7.742796062891640907e-02 3.056625505728055803e+00
1.291636440624628068e-01 7.802332164558244132e-02 1.229898022011312486e+00
9.886033306117704145e-01 1.880232367547182981e-01 1.883169879557738513e+00
2.546616492513680274e-01 3.296928432428943845e-01 2.428087870743774968e+00
9.159742221968671938e-01 3.832119693403922556e-01 1.420124904160245949e+00
9.891802058905393435e-01 1.794388968698671094e-01 1.556810145056975347e+00
1.619109646973630190e-01 2.096677260287180267e-01 1.848001936813759460e+00
6.574893322667682005e-01 6.574893322667682005e-01 -1.163962718180158395e+00
7.866127861848366543e-01 5.620124979223262152e-01 1.161938230563532626e+00
6.303028172719954414e-01 9.157440213384652195e-01 2.490528731554757513e+00
6.411670676892564646e-01 7.082195437643705738e-01 2.470247813839729467e+00
8.327647155831622294e-01 3.617424999651133732e-01 1.177546927486468942e+00
1.944577700121991395e-02 3.278579625486606752e-01 2.304181361320246424e+00
8.964160104800504847e-01 5.205364192464974060e-01 1.404922714643449311e+00
9.221832005003648414e-01 5.560866654657065089e-01 1.232469388872845295e+00
3.042361168837764626e-02 2.790405386072015714e-01 1.904917970859439480e+00
8.334468454058974185e-01 4.923058877578377901e-01 1.655720095022861660e+00
7.853248325294683863e-01 8.803216440363623718e-01 2.586690032948903983e+00
5.392695197186511136e-01 9.134969926166952581e-01 3.333936418374022992e+00
8.278090674379505742e-01 8.696791165907762078e-02 1.804283627671999124e+00
8.929135074626394497e-02 2.738399916319322336e-01 1.382765760041842595e+00
9.136549568617868822e-02 1.263417843864408918e-01 1.457228179242597843e+00
8.211357075692256036e-01 2.634550630828492723e-01 2.047344966331904104e+00
2.707784819091045292e-01 3.953107511405912766e-01 2.950601654135140528e+00
3.587254471297223746e-01 4.953535602741939159e-01 -3.485020547871839902e-01
7.084692898182201048e-01 5.534151920342527120e-01 9.447527184738072625e-01
8.741566433594888386e-01 7.848308176779785761e-01 2.637051411620963570e+00
5.869012158559239190e-01 7.134949256242673066e-01 -1.070995260539416183e+00
3.976134411796449636e-02 5.712429252612806208e-01 1.382368804736973766e+00
1.642528468727599278e-01 9.330466683371934078e-01 1.603946775142612191e+00
