9.269139579660159445e-01 9.351378216845472879e-01 1.919574890108819654e+00
5.663810834087920076e-01 9.266432998775517849e-01 2.922013864505574876e+00
6.094849688655508135e-01 8.814955675538889146e-01 3.123977478023088228e+00
5.439710831296503679e-01 9.973293753307217457e-01 3.554823160157972506e+00
5.631298406423714820e-01 9.669087117620087657e-01 3.516512750312599689e+00
9.815900012662478469e-01 1.794196635553592101e-01 1.169430297420305243e+00
7.244859267772651990e-01 6.058523934714938886e-01 1.396950858216366331e+00
9.389964106417994505e-02 8.552546623582239771e-02 1.410215809646699903e+00
4.907613425685657393e-01 4.774940896520580291e-01 -1.138985877607386010e+00
1.657475799978557762e-01 3.990661091575120056e-01 2.321599375327890957e+00
6.995797773760152882e-01 7.994864984490526183e-01 2.069840338631062426e+00
2.021859586985486415e-02 8.107115001997747261e-02 1.370095687088516145e+00
9.693105252171047015e-02 2.382122976206837717e-01 1.692425104878061415e+00
9.734531556681474962e-01 9.734531556681474962e-01 -2.296346488066539404e+00
1.171920932106302465e-02 1.667884880984752682e-01 1.143632012859473690e+00
6.514459598521726846e-01 7.689949489744477562e-01 2.677752337786776682e+00
8.188818719835773141e-01 8.812774661388863562e-01 2.237753140454213696e+00
8.487484138900328601e-01 1.030813050192353475e-01 2.089221704252275380e+00
6.318417838552530252e-01 7.763270431093867441e-02 3.121116854642637772e+00
1.283716413853547289e-01 8.799190889551176953e-02 1.650079628788988284e+00
9.937872173215928084e-01 1.965746880104834171e-01 1.025830730112161193e+00
2.483093158689622104e-01 3.374160459852010296e-01 2.259106935570970531e+00
9.178600717703390144e-01 3.930325381317727462e-01 1.381075277002251633e+00
9.848045280415431701e-01 1.884307511481460862e-01 2.023688304941636318e+00
1.604286518662501604e-01 2.195572532505177810e-01 1.719575884170456037e+00
6.532295567498184186e-01 6.665366695847416700e-01 2.010838423436380751e+00
7.901897029703672803e-01 5.713508953388741762e-01 1.205001467542086147e+00
6.206819922939196266e-01 9.130164350902902903e-01 3.417851871938622388e+00
6.400386052065396569e-01 7.181556683824045217e-01 1.683883460552243694e+00
8.342203589591157264e-01 3.716359878415926854e-01 1.424712965006392551e+00
1.811511591433455359e-02 3.377690341896008586e-01 1.704258288969164203e+00
8.931554678718187645e-01 5.299899298060676278e-01 1.902923046356030934e+00
9.250114162466765988e-01 5.656783908418999696e-01 1.284061812236938493e+00
3.386171904441606650e-02 2.884309282587738110e-01 1.219824305499244588e+00
8.366268567947714452e-01 5.017867910674719267e-01 1.247175889427794448e+00
7.761223985219645183e-01 8.842351090403628433e-01 2.739498315041415832e+00
5.294125989974438617e-01 9.118114322066728228e-01 3.310957219711330168e+00
8.280559706892256511e-01 9.696486313362773224e-02 1.546103492391916578e+00
8.715491991884662115e-02 2.836091094692633208e-01 1.786098958687582394e+00
9.527518373179960642e-02 1.355458236837238373e-01 1.169112382814126772e+00
8.300094505018639213e-01 2.755487261493255180e-01 9.377756427793279004e-01
2.691605699257590967e-01 3.803982610462392500e-01 -1.678867369464945192e+00
3.737072256180519192e-01 4.960926903890088280e-01 4.929530338121823618e-02
7.044709760503073959e-01 5.678724907796380839e-01 1.840612485397660869e+00
8.695316585428023437e-01 7.990999982937468937e-01 1.884235768198235794e+00
6.001323427562884616e-01 7.205615571376864370e-01 4.905473556933376278e-01
3.929396132242715667e-02 5.862356419371348437e-01 1.601960223922110016e+00
1.704880095175515531e-01 9.466893494077526228e-01 1.142108734998447561e+00
