9.233104353564797195e-01 9.444659846763995281e-01 1.939441824344916521e+00
5.564848673753034491e-01 9.280802787286568378e-01 2.997395577659747179e+00
6.001270935936260376e-01 8.779699228759471064e-01 3.501902785494919179e+00
5.340876239602480036e-01 9.988516219752432423e-01 -3.294411434815927464e+00
5.553858033883478651e-01 9.605817941073925281e-01 -2.456568436557904800e+00
9.805938410493253432e-01 1.893699230907794351e-01 1.670577842711001404e+00
9.051833259188750702e-01 9.051833259188750702e-01 1.760113480238378436e+00
9.134798259978196833e-02 9.519443924649245714e-02 1.828815550479932384e+00
4.912672416050061219e-01 4.675068945420720046e-01 -1.520184818813074656e+00
1.608714635471257814e-01 4.077967155716690772e-01 2.080148371562980270e+00
6.924165509030846266e-01 8.064641905100069508e-01 2.369314130643908722e+00
2.345106037272603680e-02 9.053429818735167500e-02 1.241638216558020869e+00
9.130444471824780694e-02 2.464791763923855350e-01 2.168397217935049248e+00
9.758935278455410645e-01 9.831508143358776985e-01 1.324269557140186571e+00
1.033058099135797554e-02 1.766916043434731409e-01 1.710109356676567050e+00
6.423314814557519181e-01 7.731091054567875709e-01 2.717585948628156611e+00
8.131112282559674886e-01 8.894444527905833731e-01 2.185925928610138236e+00
8.428298796551120242e-01 1.111417611173770997e-01 2.204152634482170914e+00
6.219488944628375204e-01 7.617299904293645119e-02 3.288086589980862673e+00
1.334151098709002448e-01 9.662692051306673302e-02 1.042170927739606068e+00
9.969993388114537503e-01 2.060447606360958361e-01 1.243787138329361941e+00
4.988935175972121217e-01 4.988935175972121217e-01 -2.213242146785173059e+00
9.173593851026282664e-01 4.030199959094445394e-01 1.620885936484858902e+00
9.843073649523477187e-01 1.984183849451343074e-01 1.620533139255812660e+00
1.636038200800992437e-01 2.290397796445629020e-01 1.247686680460359021e+00
6.444650007204766329e-01 6.713514964360965953e-01 2.639247042611244431e+00
7.864925971926941539e-01 5.806423650217981125e-01 1.949493835765022220e+00
6.107035491161655338e-01 9.123601792344431249e-01 3.207265435842868495e+00
7.083364088137147352e-01 7.083364088137147352e-01 -5.562640976147230631e-01
8.365119537056859844e-01 3.813698767621367947e-01 1.339582235973223900e+00
1.280227141769561990e-02 3.462409692315221443e-01 2.130912295779754828e+00
8.945491125455509174e-01 5.398923413569666208e-01 1.430976736929411297e+00
9.263772538291241698e-01 5.755846761042157089e-01 1.433784299009967400e+00
3.939629508519754825e-02 2.967597017608452625e-01 9.842863910163317520e-01
8.389388418159519079e-01 5.115158570689870565e-01 1.337486945999831089e+00
7.663918180373373579e-01 8.865407116583768898e-01 2.908939235681016644e+00
5.195446403744528041e-01 9.101917431578312456e-01 3.304278231702263646e+00
8.216599330796504619e-01 1.046519108697159806e-01 2.264779018585800330e+00
8.435453373320765669e-02 2.932089968233567157e-01 1.854630663909960342e+00
9.431329932929945203e-02 1.454994551012632198e-01 1.667133714060818894e+00
8.367301795979038559e-01 2.889588641209365205e-01 1.106214929097872002e+00
2.658817088475174950e-01 3.657610116451532334e-01 -1.791166376351722267e+00
3.876615763946917870e-01 4.905903186819637329e-01 -3.755935641206135100e-01
6.948858335394592078e-01 5.794104734042883065e-01 2.264006200056945861e+00
8.556433555365012822e-01 8.047670115816409897e-01 2.754172654879437410e+00
6.149796887028206038e-01 7.226961105673284091e-01 1.427882738277209684e-01
5.135797995713135833e-02 5.773216386624265839e-01 -6.363538105377670728e-01
1.689653095474211719e-01 9.616118620916461746e-01 1.672484820034530140e+00
