9.227489129548808178e-01 9.544502068590486887e-01 1.626978117598378182e+00
5.466177090270233352e-01 9.264557215182247507e-01 3.304771581855580731e+00
5.907050322702446232e-01 8.813202602348468861e-01 -3.483233688675325901e+00
5.241744947410021949e-01 1.668668507450732363e-04 -3.273499323988654286e+00
5.453876842719349582e-01 9.607757377435812707e-01 -3.160988233251499135e+00
9.853802482241789118e-01 1.981500316525519056e-01 1.071690407461281858e+00
9.020564484968561780e-01 9.146818856827375610e-01 1.888817677629589298e+00
9.554920251239377993e-02 1.042691156179050421e-01 1.137216580481399397e+00
4.854214458135840959e-01 4.593935307781950028e-01 -2.195158104589938652e+00
1.616200229107304376e-01 4.177686591575082709e-01 1.495870305469711337e+00
6.857428677179475685e-01 8.139114687204955789e-01 2.301465744537288582e+00
2.629447700882590194e-02 1.001215283313270782e-01 1.282476649104453914e+00
9.653157215344747299e-02 2.550042651764500845e-01 1.020766398244173256e+00
9.763731267893112076e-01 9.931393069575465971e-01 1.522818027524278639e+00
6.260682817337976866e-03 1.858259312947656561e-01 1.989952498178920060e+00
6.329622037443324301e-01 7.696138751115459975e-01 3.498654634963254129e+00
8.083859235677182120e-01 8.982575961346581650e-01 2.062956146424277382e+00
8.379753278341854905e-01 1.198843766652516879e-01 2.077680066759015176e+00
6.119494602524920834e-01 7.627937325491487841e-02 -3.152230275410271787e+00
1.372765973876237389e-01 1.058512857572550120e-01 1.174343483409294064e+00
2.887531222046657575e-03 2.141274081068096913e-01 9.411991213730471761e-01
4.931099513943110746e-01 4.907356770755629816e-01 -2.187509096683515786e+00
9.184234397808019867e-01 4.129632241398462078e-01 1.464189039707485707e+00
9.797071038459858050e-01 2.072974388222821596e-01 2.048820932092595193e+00
1.638383136959770114e-01 2.390370299037147817e-01 1.547344815648441507e+00
6.344761292715704881e-01 6.708798533748449033e-01 3.188774463186424768e+00
7.848913554839586082e-01 5.905133338187402714e-01 1.731612772472470363e+00
6.010208107822919699e-01 9.098612637981516871e-01 3.394160897093233764e+00
6.998799034301533828e-01 7.136737786433029473e-01 2.578579156519186899e+00
8.420068564008048595e-01 3.897248779213932091e-01 9.890423016766041187e-01
1.113769702846291107e-02 3.561014556344695436e-01 1.738032214157287259e+00
8.976061789982959782e-01 5.494135988738864107e-01 1.260115809444160018e+00
9.323303396794665465e-01 5.836196477195018106e-01 9.331466802832985019e-01
3.769962877497756715e-02 3.066147169019682872e-01 1.741287712636217178e+00
8.450042261851437031e-01 5.194663987143067763e-01 9.190968753468071739e-01
7.575817022061351880e-01 8.912716586080690062e-01 2.648792514120143160e+00
5.106362968649372780e-01 9.147350256624167120e-01 2.669974652434238482e+00
8.163664429608739059e-01 1.131359524987047976e-01 2.128629399331805061e+00
8.704088800933033887e-02 3.028414160783080566e-01 1.298820221309506362e+00
1.000789372772916269e-01 1.536699764464818097e-01 9.562795209411847352e-01
8.373421105742722137e-01 3.039463769392850012e-01 1.529989604164922579e+00
2.523956938485112933e-01 3.723281571016343050e-01 2.688431622996088954e+00
4.023812247095403527e-01 4.934768310216526843e-01 1.936420631922805002e-01
7.082755871383287216e-01 5.861717231823664331e-01 4.676053391226170919e-01
8.524026731036014048e-01 8.194127610458744604e-01 1.788558813930623437e+00
6.162214153879678191e-01 7.376446260400900679e-01 1.487919706879784032e+00
6.625464154368736203e-02 5.755639488218612376e-01 -1.174491581072476254e-01
1.628277387132929521e-01 9.752987252916660577e-01 1.992342094718566159e+00
