9.153998367064429820e-01 9.612318790934351043e-01 2.396326784778419317e+00
5.366335366974741561e-01 9.258933133978495267e-01 3.197863156460261091e+00
5.826224660614833795e-01 8.872085641910799625e-01 2.511981647466941414e+00
5.142753925157698136e-01 9.987499070297204407e-01 3.283767127711259448e+00
5.354246548601241384e-01 9.599166423243223889e-01 3.227608223205033156e+00
9.805939612841495512e-01 2.069302057583259080e-01 2.069888552177626018e+00
8.952467605861417210e-01 9.220050100541155036e-01 2.319881069544276642e+00
9.215557247325302515e-02 1.136756705216645236e-01 1.917035958338691337e+00
4.785764818319592218e-01 4.521033683595476749e-01 -2.324709004956287295e+00
1.575287501774693399e-01 4.268934324380930789e-01 1.992293747112989788e+00
6.793225422732688257e-01 8.215782425651065868e-01 2.267942767065895815e+00
2.024783639171519323e-02 1.080863344964202999e-01 2.220140348297199306e+00
9.248346874248433713e-02 2.641482718898197080e-01 1.987567734542623477e+00
9.739580139447575613e-01 2.843287066145006037e-03 1.814719262942584344e+00
2.267559195854424413e-03 1.949940807123717035e-01 1.981563021183079032e+00
6.901999324892662546e-01 6.901999324892662546e-01 9.221400728062167929e-02
8.011879525899692212e-01 9.051994412642676568e-01 2.374306312809805419e+00
8.362715677799714697e-01 1.297381678989679987e-01 1.742007567867712270e+00
6.021259402602684441e-01 7.814978897404874225e-02 2.953442951934728278e+00
1.376027040999268092e-01 1.158459670634393590e-01 1.538179872795120362e+00
9.961382864348757860e-01 2.215062762315864187e-01 2.311658676147787084e+00
4.835518831021028419e-01 4.877957229055999155e-01 -2.843188336474338218e+00
9.224106744504912969e-01 4.221339361999223994e-01 1.160671869832299752e+00
9.727607930222211818e-01 2.144911003336163191e-01 2.338703263468397964e+00
1.563048845403237075e-01 2.456133088786939256e-01 2.423927005990117678e+00
6.292592053367066507e-01 6.794111900027036688e-01 2.119629814840389592e+00
7.825697113198134547e-01 6.002400993846974675e-01 1.805098637872851075e+00
5.910341743924993896e-01 9.103780748062294537e-01 3.089888518932725425e+00
6.974150226985457168e-01 7.233652368916239084e-01 1.819851168384716056e+00
8.468413866273528656e-01 3.984785809942986146e-01 1.066201249500122072e+00
1.224622484762302385e-02 3.660398240153531768e-01 1.459715247418162498e+00
9.034900880218539321e-01 5.574993650467665596e-01 9.417289676559321698e-01
9.380064994569368153e-01 5.918525822012421500e-01 9.671890858523923828e-01
3.433953501608439512e-02 3.160333033103125411e-01 1.913473037432585011e+00
8.518684904694502347e-01 5.267383912772288790e-01 8.142329020365925984e-01
7.482445725442783413e-01 8.948518834163278202e-01 2.775443531490239035e+00
5.007113289156962521e-01 9.159577321711660503e-01 3.019015274683696681e+00
8.132234510636986435e-01 1.226291923004948631e-01 1.890514670190342583e+00
8.062363332968922047e-02 3.105107604033872093e-01 2.267542305232912447e+00
1.013685034719748190e-01 1.635864788051529517e-01 1.441479585146245856e+00
8.457877909845390452e-01 3.163427668334289899e-01 9.727301557509192564e-01
2.422106392798869801e-01 3.833401806865229799e-01 2.317200916047510884e+00
4.170619417509470739e-01 4.903984309257993779e-01 -2.066953044858145239e-01
7.220716672943966463e-01 5.920596916204060589e-01 4.033820996120849878e-01
8.494497620709714480e-01 8.341192329692614926e-01 1.768951290751003214e+00
6.240245830152962858e-01 7.504551910151335825e-01 1.023698127920854350e+00
7.946156329572347243e-02 5.684521826674101552e-01 -4.939617224476597901e-01
1.650714600505341911e-01 9.901299664589051641e-01 1.420651407933433585e+00
