9.080394061163563624e-01 9.680012262944964752e-01 2.398002575894462751e+00
5.271745265137132153e-01 9.226487600628729968e-01 3.472028507119622187e+00
5.735328166136809402e-01 8.913772897656490057e-01 2.711590722792655228e+00
5.043373318985466813e-01 9.976386234617690141e-01 3.252951021082409078e+00
5.262423502089444982e-01 9.559561775418851104e-01 3.548799893324443122e+00
9.780820683558285600e-01 2.166095855895264211e-01 1.824705073437048686e+00
8.906150148228849650e-01 9.308676807116855745e-01 2.052370150071086918e+00
9.206335492077903637e-02 1.236752453087750087e-01 1.580018212751492346e+00
4.685872917237435820e-01 4.516385232434859676e-01 -3.095091384986409011e+00
1.511631686585914180e-01 4.346057195130482165e-01 2.260823516434398162e+00
6.704241506070011125e-01 8.261409857919052024e-01 2.667788882356445956e+00
2.029817320371743797e-02 1.180862078058856485e-01 1.565762624337238895e+00
8.884510982652751854e-02 2.734629025533875102e-01 1.943179060997119789e+00
9.764200148633286336e-01 1.253547729730305343e-02 1.322038623591439421e+00
9.971841688744959020e-01 2.036056510012747844e-01 2.104051253570793811e+00
6.919401711899114682e-01 7.000473468333860971e-01 1.395881900696237299e+00
7.938206467760084983e-01 9.119613052856437863e-01 2.399018778090912019e+00
8.334033710883554935e-01 1.393180138130838963e-01 1.861701692738969793e+00
5.931288824102168844e-01 7.378482046982963449e-02 -2.689891335938308092e+00
1.301792612844405450e-01 1.225461533866101793e-01 2.407358767127115051e+00
9.960606591142527888e-01 2.315059749270018397e-01 1.578559136823027842e+00
4.737705955479325493e-01 4.898757262187302119e-01 -3.351122785478685362e+00
9.238988316893732566e-01 4.320225856543404852e-01 1.421425773829129158e+00
9.662068006050692492e-01 2.220439265196154921e-01 2.285507425222469635e+00
1.499778365511837963e-01 2.533572396469226939e-01 2.255837374249408001e+00
6.208687442901190678e-01 6.848517932252973228e-01 2.566323881795017137e+00
7.869854721951661247e-01 6.092123374495118648e-01 1.113441784208880403e+00
5.813772565157582228e-01 9.129749839540196588e-01 2.878890530579499618e+00
6.891291755078319259e-01 7.289638738982658905e-01 2.547371359292053050e+00
8.506748535368787723e-01 4.077146262222936524e-01 1.177379232340282300e+00
1.232366368908542620e-02 3.760395241721495307e-01 1.563052365249360420e+00
9.059757844902817103e-01 5.671855053031765737e-01 1.319593052951381296e+00
9.464686418582750616e-01 5.971810102977329615e-01 5.619564702468921036e-01
3.077017442830048272e-02 3.253745914974083275e-01 1.935782157727327757e+00
8.588288241122261635e-01 5.339184856764161990e-01 8.009382209698058253e-01
7.442880356694283606e-01 9.040358812363380459e-01 1.977575836720181890e+00
4.917577821421709183e-01 9.204112701101865301e-01 -3.603162019469010158e+00
8.087693763694627780e-01 1.315824720692816974e-01 2.032425642460744974e+00
8.049188124021586233e-02 3.205098924350647249e-01 1.583971916944267866e+00
9.608717985724007926e-02 1.720780994323621860e-01 2.127195994051350070e+00
8.547843975715209153e-01 3.283453111436606120e-01 9.275779724422774652e-01
2.276271751278955702e-01 3.868505329947082294e-01 2.905378611253075505e+00
4.298548928251818557e-01 4.982304423412809991e-01 5.493513094152245868e-01
7.362574411570970145e-01 5.871848767607086295e-01 -3.309986769354013592e-01
8.461724930457534821e-01 8.487568389120496715e-01 1.791057610449831472e+00
6.153354067372632796e-01 7.382282447238771583e-01 -2.188639503630215977e+00
8.986217328061262000e-02 5.792608510378536302e-01 8.046354066711953745e-01
1.588399963150101679e-01 3.774337448908759995e-03 1.999212807645631695e+00
