9.055510230784253878e-01 9.776866767154390736e-01 1.822276972747988610e+00
5.171747339947813105e-01 9.225843428422383363e-01 3.148034420204803840e+00
5.641173959189509368e-01 8.880083354558889752e-01 3.485210273951542259e+00
4.946867591340869397e-01 9.950182331630028632e-01 -2.876458195913586646e+00
5.162471678191730140e-01 9.556458084145518228e-01 -3.110550755770858267e+00
9.702866307517526989e-01 2.228730632625895713e-01 2.464733400906800043e+00
8.929492684798400193e-01 9.405914279248226428e-01 1.335197444136887457e+00
8.814869075608063043e-02 1.328771692639936219e-01 1.973020978033199535e+00
4.585917127419844586e-01 4.513412004905471009e-01 3.171329311223046066e+00
1.464116278855345232e-01 4.434047456115421948e-01 2.065935457461068214e+00
6.608213878547076758e-01 8.289314960540553612e-01 2.858786916440181791e+00
1.767475213828439973e-02 1.277359571245696435e-01 1.836244848311998856e+00
8.809434365023112445e-02 2.834346802358536088e-01 1.645943652123786682e+00
9.768103091329998211e-01 2.252785791370582463e-02 1.531756984133132438e+00
9.940808689050931735e-01 2.131119399354438337e-01 1.886336474974959376e+00
6.906623455667493250e-01 7.099653688981322208e-01 1.698929216499414085e+00
7.894281365852028332e-01 9.209449489909378173e-01 2.025561113906927613e+00
8.320963901023431530e-01 1.492322359561570611e-01 1.701869412428950401e+00
5.832174316072078479e-01 7.245698652707519005e-02 -3.008415937061708512e+00
1.304511565901955994e-01 1.325424563503417308e-01 1.543603445034453792e+00
9.978331112279817949e-01 2.413476421386351045e-01 1.392609692772344587e+00
1.240490360617866328e-01 1.240490360617866328e-01 -5.725538703112129646e-01
9.218521812475707344e-01 4.418109063463218078e-01 1.776917822331453456e+00
9.652569738174137104e-01 2.319987157727062821e-01 1.665922406185642357e+00
1.490398328558771857e-01 2.633131499050352931e-01 1.664734794373952331e+00
6.114076928377473186e-01 6.880903894359379214e-01 2.811786515147971066e+00
7.848567711568840144e-01 6.189831425283994770e-01 1.785307779647095083e+00
5.738119464934618996e-01 9.195145622482633341e-01 2.428788419651610742e+00
6.797255184018513585e-01 7.323655254138009552e-01 2.794500136825575964e+00
8.470914144747407892e-01 4.170505227774159440e-01 1.937289715946830082e+00
7.241836496099825042e-03 3.846520169808915202e-01 2.103869748387054983e+00
9.114634867115870565e-01 5.755452376152951910e-01 9.899038736999217214e-01
9.537055340569541295e-01 6.040822704221375794e-01 7.616631633702962700e-01
2.479112376368746221e-02 3.333902607239913607e-01 2.211681332178139670e+00
8.656229887779812726e-01 5.412560143131307511e-01 8.238292576784143062e-01
7.373999188968547447e-01 9.112852844757357573e-01 2.330644899501792988e+00
4.829744695953929190e-01 9.251917952597503714e-01 2.643156538280520884e+00
8.011498126285351296e-01 1.380587556021375950e-01 2.437124925546378940e+00
8.129093903770300000e-02 3.304779166443188032e-01 1.490805269613922457e+00
9.446350001245772121e-02 1.819454021925721587e-01 1.733886337948198353e+00
8.601214515636309565e-01 3.423637224190264061e-01 1.207022531487530692e+00
2.128220402526478094e-01 3.892605083733630122e-01 2.980228259228806742e+00
4.394126962233610989e-01 5.097910822111910711e-01 8.799536163287485779e-01
7.500482269778544486e-01 5.930852349232268450e-01 4.042803331161013425e-01
8.412321462396782357e-01 8.629199237962019708e-01 1.906418246608438061e+00
6.066191719648835745e-01 7.260205728986371954e-01 -2.190854269840772695e+00
1.046282773646342867e-01 5.766222585759833708e-01 -1.768262104134817325e-01
1.490745087615640285e-01 1.516008524356364691e-02 2.279740229272133600e+00
