9.003578544903630965e-01 9.862324944069161825e-01 2.116847696574688076e+00
5.076366434406649475e-01 9.255884780891066033e-01 2.836466478349709330e+00
5.541457116241367276e-01 8.887603409908130248e-01 3.066321041050637408e+00
4.847924582141172056e-01 9.935681265099988169e-01 3.287116405321619972e+00
5.084734669884924951e-01 9.619362436455256571e-01 2.461270456430571407e+00
9.642687045905197207e-01 2.308595872072070343e-01 2.216540093689682411e+00
8.884185074737278587e-01 9.495061463559058001e-01 2.041009238695310479e+00
8.506347766872489335e-02 1.423893435793438522e-01 1.884434441529150961e+00
4.485927487783336609e-01 4.514851437210692930e-01 -3.155987473764012119e+00
1.402553887811269773e-01 4.512851466222372321e-01 2.233973772917228651e+00
6.513739283027244475e-01 8.322095302231330427e-01 2.807615070739694296e+00
2.220366197343507514e-02 1.366516161414385311e-01 1.100791057268883488e+00
9.150308471408739874e-02 2.928357697663059311e-01 1.222949793172873445e+00
9.817141557829405230e-01 3.124291890223972190e-02 1.058265249065035718e+00
9.986685562887469558e-01 2.219974970068864240e-01 1.094187313501403747e+00
6.812093044934675046e-01 7.132272724017396648e-01 2.809321973839634001e+00
7.886208530686653617e-01 9.309123103932311905e-01 1.651612621946562776e+00
8.324871639427012804e-01 1.592245978293926334e-01 1.531708990451241981e+00
5.737558103964842671e-01 7.569391779986817115e-02 2.811962487947684775e+00
1.327647849949391834e-01 1.422711316766522849e-01 1.337318027775307172e+00
9.949510544956704505e-01 2.509233274400503033e-01 1.863148798342125989e+00
1.212027556758998870e-01 1.336354163987499288e-01 1.859414722326555136e+00
9.179639867475976045e-01 4.510240460679573182e-01 1.970146196065553079e+00
9.680080987413598459e-01 2.416128362032418930e-01 1.292089618887765745e+00
1.449496884503654603e-01 2.724384290099208794e-01 1.992170095111986283e+00
8.060384497822304928e-01 8.060384497822304928e-01 2.943989336043038030e+00
7.876892912475214059e-01 6.285735976758956012e-01 1.283613026526885026e+00
5.638763465285867582e-01 9.183814897272069011e-01 3.255143767032216751e+00
6.700165701123437234e-01 7.347605876492484533e-01 2.899735413205784873e+00
8.412646243370210941e-01 4.251775466294157035e-01 2.192817563775816048e+00
7.417208833660886638e-03 3.946504790897970016e-01 1.553258193971629675e+00
9.143151950483640045e-01 5.851300046735995464e-01 1.281611668782104640e+00
9.607669450441056469e-01 6.111629818885465637e-01 7.867629137974048170e-01
2.495836771681103280e-02 3.433888620991909502e-01 1.554071151733781075e+00
8.623255624538341824e-01 5.506967229537372832e-01 1.906827274276018391e+00
7.288255971404998812e-01 9.164312543958285096e-01 2.601055088009477601e+00
4.739817788327093662e-01 9.295657537468356990e-01 2.688891879824563791e+00
7.994580846229212279e-01 1.479146196614183062e-01 1.740786638640226425e+00
8.209057567821673174e-02 3.404458944353829231e-01 1.490747199492698405e+00
8.904432631941880394e-02 1.903497199212563218e-01 2.143513172397394140e+00
8.609685875541291944e-01 3.573397820013599069e-01 1.514290529286453912e+00
2.030894248150369730e-01 4.006743682263478878e-01 2.276856662715566859e+00
4.454589429033845582e-01 4.960636315708024657e-01 -1.155913050358126970e+00
7.536964982211524777e-01 6.076348093821354324e-01 1.325114140291505205e+00
8.288444774186194408e-01 8.713783906300771598e-01 2.542494656191554014e+00
5.965348190708424925e-01 7.149162572192067078e-01 -2.308094438030187767e+00
1.122833603267040098e-01 5.637226576192161387e-01 -1.035217542312538486e+00
1.547613314857369526e-01 2.904028867520795990e-02 1.181949572708791196e+00
