9.014679382638872696e-01 9.961706891129862296e-01 1.459558685707356140e+00
5.007710554814662762e-01 9.328592209654917866e-01 2.327541790880541583e+00
5.474942617537784662e-01 8.962274833238687011e-01 2.298484294705628539e+00
4.790243774214789085e-01 1.736923481989061102e-03 2.185612146913523457e+00
4.984759156531749502e-01 9.621575292024203696e-01 3.119462291542968391e+00
9.642470080118286102e-01 2.408595636701029996e-01 1.572965986366255731e+00
8.840952918351985268e-01 9.585233414044104228e-01 2.017862115994661476e+00
8.259427932365442926e-02 1.520797026817043707e-01 1.820296700742514373e+00
1.468240306756407598e-02 1.468240306756407598e-02 -1.905802637002822486e-01
1.405487111175613701e-01 4.612808437968693442e-01 1.541459885377935546e+00
6.416833417082443702e-01 8.346778356043377256e-01 2.892184428279208852e+00
2.755613279659900605e-02 1.450985715744438909e-01 1.005996096259206052e+00
9.110334575493313214e-02 3.028277770103252609e-01 1.610780876169609632e+00
9.860617920087068056e-01 4.024836499049126715e-02 1.121020549407923506e+00
2.523953211872376201e-03 2.312244095221948625e-01 1.175003664612601639e+00
6.712235324881374865e-01 7.126940206248397747e-01 3.194943136026599184e+00
7.821046494703371987e-01 9.384977629614789096e-01 2.280514950061018453e+00
8.385186959660715367e-01 1.672008514268567836e-01 9.233478617288168877e-01
5.651318517375247819e-01 8.075626281463726963e-02 2.610779809815117591e+00
1.371808869225628058e-01 1.512432018817297663e-01 1.113403771902609973e+00
6.492909617177300419e-04 2.591409974977375574e-01 9.645050902252491065e-01
1.276904311947191506e-01 1.412452827814476564e-01 8.648325501474140031e-01
9.143814155004087452e-01 4.603602756741106972e-01 1.937196762960018859e+00
9.733866206127799181e-01 2.500432278002351905e-01 1.002908996429997313e+00
1.493335800947788450e-01 2.814262815927152106e-01 1.116990674703498332e+00
7.977563563321294904e-01 8.116426382233693504e-01 2.546701217551504026e+00
5.916554527999018376e-01 5.916554527999018376e-01 2.470543451769329657e+00
5.547501782972945605e-01 9.224696498774642706e-01 2.720436320658512486e+00
6.648227501950562113e-01 7.433060095034805803e-01 2.116923914478382684e+00
8.360103108828352836e-01 4.336859066432586785e-01 2.124018327159699293e+00
4.573844149410756857e-03 4.042377246416934966e-01 1.859110585630549206e+00
9.116657434131038018e-01 5.947726394811828632e-01 1.838943379904609987e+00
9.626027977257554102e-01 6.209930197791795337e-01 1.386163851085268517e+00
2.405260326404743548e-02 3.533477571561794428e-01 1.661497081138012977e+00
8.571558386487493353e-01 5.592567437352038429e-01 2.114106554322654485e+00
7.248411272654016191e-01 9.256031680355458757e-01 1.980619322601889110e+00
4.677643014071008465e-01 9.373979293361626164e-01 2.241768549381581099e+00
7.999277840631318082e-01 1.579035826924774233e-01 1.523809094947615961e+00
8.144886243704008155e-02 3.504252834004498163e-01 1.635011775206036022e+00
8.910435605663191705e-02 2.003495397411655943e-01 1.564793317019447239e+00
8.504318248855747830e-01 3.680157659122956226e-01 2.349631490772940978e+00
1.921734886817239585e-01 4.109623387907221370e-01 2.385801396228091509e+00
4.555922364253627288e-01 4.850039587728651180e-01 -8.290819934120248202e-01
7.536422448230636340e-01 6.226347112674410766e-01 1.574413227886850120e+00
8.256803712205639245e-01 8.567159068034048142e-01 -1.783333247460513027e+00
6.114246590930595415e-01 7.131016872666328110e-01 -1.212683406092466276e-01
1.197330101627427229e-01 5.507033366952812647e-01 -1.051069191179599738e+00
1.576793591437178343e-01 4.375372180915934606e-02 1.375012774862965692e+00
