9.011542007179709213e-01 6.165766338915190659e-03 1.602175230597330913e+00
4.907712399155037541e-01 9.327984867351619691e-01 3.147666113961253398e+00
5.403962321181022821e-01 9.032714861128419148e-01 2.360014774451882236e+00
4.714839682320646763e-01 8.305197932421027815e-03 2.424989047868444381e+00
4.889848941193656318e-01 9.653072133524214227e-01 2.821169278544148451e+00
9.705106551555097161e-01 2.486548651049068637e-01 8.939153342036714189e-01
8.819220317003239051e-01 9.682843321525960167e-01 1.789870495710997655e+00
9.111895299734770748e-02 1.573075070733243042e-01 5.501093380347666928e-01
2.227002927058050960e-02 2.119607550354812853e-02 7.093849846738793374e-01
1.349174408433174155e-01 4.695445472703984047e-01 2.168961320346989297e+00
6.348506778208848900e-01 8.419795274769363846e-01 2.323023120337841085e+00
3.478324242744745831e-02 1.520100754906474894e-01 7.630796164663291581e-01
9.455107905990162154e-02 3.122146367119406629e-01 1.218799027738292962e+00
9.901303120819432424e-01 4.938330584490693842e-02 1.151791020874737281e+00
7.937019692061796777e-03 2.396326620922030748e-01 9.988059867144435389e-01
6.619106811753717734e-01 7.163369316073259219e-01 2.768721172014787513e+00
7.776344231785934369e-01 9.474429894483042958e-01 2.034230440346445956e+00
8.451653808145680458e-01 1.746722355372319901e-01 8.437463095840754823e-01
5.567074279754236077e-01 8.614412735233166474e-02 2.572596718340368849e+00
1.457768836159125392e-01 1.563528829723576929e-01 5.363106462554920739e-01
6.660127489771834261e-03 2.671328586222198043e-01 9.259399628113482716e-01
1.326781898312558161e-01 1.499125928476477687e-01 1.048610486258131358e+00
9.138696214590859013e-01 4.703471704297024769e-01 1.621998099940337834e+00
9.780478022736610599e-01 2.588904525359512210e-01 1.085898274903699168e+00
1.549067544273176056e-01 2.897292767064757468e-01 9.796448855512933651e-01
5.167692661329539305e-01 5.167692661329539305e-01 -2.751674007455908733e+00
5.875279450380114232e-01 6.007638928241614273e-01 1.996268359850901009e+00
5.453640794181021656e-01 9.259194539052351125e-01 2.789374747559066670e+00
6.560453223929254563e-01 7.480973309473394339e-01 2.641926944001427913e+00
8.304876882195471044e-01 4.420226109632484635e-01 2.155871755195857276e+00
4.373661994849427706e-03 4.142357207961734344e-01 1.590815879471925598e+00
9.143152845523971894e-01 6.044152496958079546e-01 1.302639991559584765e+00
9.578876779167679878e-01 6.298116163334445128e-01 2.061800857361738792e+00
3.132771458369868617e-02 3.602087159293161922e-01 7.561089685119555259e-01
8.497020779745069197e-01 5.659231859505926554e-01 2.411895110256203623e+00
7.168637977225105207e-01 9.316332769370597733e-01 2.494322596325896590e+00
4.577861774745373147e-01 9.367368372197346638e-01 3.207750114441084044e+00
8.031354418788745342e-01 1.673751681636171107e-01 1.244258445963861925e+00
8.366004964985708503e-02 3.601777523755286259e-01 1.347834889222083499e+00
9.790809588650670192e-02 2.050923411293618659e-01 4.941461748797739695e-01
8.517664128220187036e-01 3.829562771163976809e-01 1.481705991490697594e+00
1.891467462647320463e-01 4.256537931210865322e-01 1.773974177637506866e+00
4.683422170284132213e-01 4.929057303857274364e-01 5.548134877445065616e-01
7.674813710771447584e-01 6.168486431271923420e-01 -3.960074605770196321e-01
8.226570470212810626e-01 8.420237486642466740e-01 -1.773741516136329910e+00
6.262271894564162000e-01 7.155276087084572190e-01 1.624415520158919435e-01
1.293632209782454301e-01 5.392029436737808545e-01 -8.736740034662874299e-01
1.630488401175832491e-01 5.775974458763923070e-02 1.204708339006693496e+00
