9.052561066000601731e-01 1.528576459190195830e-02 1.148133296087582522e+00
4.847213375281813619e-01 9.407608156095473850e-01 2.220549934849707086e+00
5.318332308608563208e-01 9.084362716329196230e-01 2.598859226682752155e+00
4.643646252983334444e-01 1.532765876833395990e-02 2.363045142611672311e+00
4.789904301965216549e-01 9.649745109403925492e-01 3.174869035706640474e+00
9.773032145517815961e-01 2.559938798104459678e-01 8.240480107511733987e-01
8.815836721923819841e-01 9.782786061554130663e-01 1.604638737220593914e+00
9.983455133245061619e-02 1.622103986345513338e-01 5.124214905140291876e-01
2.562928402878989279e-02 3.061496118442607467e-02 1.228208693999421675e+00
1.392451890817356652e-01 4.785595678019816668e-01 1.123227815145598329e+00
6.248663336642658050e-01 8.425388768866856060e-01 3.085628504033477881e+00
4.358840376452426113e-02 1.567502372840937630e-01 4.938463725576211494e-01
1.016692826556161583e-01 3.192382524168291824e-01 7.787097396276524419e-01
9.930537850031944114e-01 5.894642803793108399e-02 1.274115881908325143e+00
1.635426557771720024e-02 2.450317334660985225e-01 5.703267812737622400e-01
2.351039374223373724e-02 2.351039374223373724e-02 2.633500023586215377e+00
7.777783436668670447e-01 9.574419537393223933e-01 1.556403781081137749e+00
8.533539039100676016e-01 1.804122781777069695e-01 6.113876149373949076e-01
5.506891560753477410e-01 9.413039076751882062e-02 2.216583384673918466e+00
1.520363160753948617e-01 1.641515690979290232e-01 8.944558866543986797e-01
1.573927713013215796e-02 2.713244027061995078e-01 4.325137641112188347e-01
1.420820624481980432e-01 1.533136485373306213e-01 3.470291564121883443e-01
9.145842606605957270e-01 4.803216022837814569e-01 1.499271437620148140e+00
9.795298118229854856e-01 2.687800252110323362e-01 1.422047436314187507e+00
1.630489463690411311e-01 2.955348525077320376e-01 6.194133270842407946e-01
5.088603381212167820e-01 5.228888133143357875e-01 2.483062885266218434e+00
5.791056543679252711e-01 6.061550911945221554e-01 2.572200934030470343e+00
5.374866083928585558e-01 9.320794417499023155e-01 2.477939414774079196e+00
6.462677583715544793e-01 7.501947679089644438e-01 2.930279835860635451e+00
8.261228933359350268e-01 4.510197530441535929e-01 2.022478347049699199e+00
1.147111704221711465e-02 4.212803025332672036e-01 7.816594470636442082e-01
9.153624931616536342e-01 6.143602662432401385e-01 1.465883112269107391e+00
9.573899137682391203e-01 6.397992201928514033e-01 1.620593319699572987e+00
3.207132835707427604e-02 3.701810295302839227e-01 1.496366246740562733e+00
8.485743017600037019e-01 5.758593884852635236e-01 1.683814392827261752e+00
7.088834742554861457e-01 9.376594230821230225e-01 2.494819255373032618e+00
4.502825052300811759e-01 9.433470492320514822e-01 2.419413771845382755e+00
8.063055938098339093e-01 1.768593727551806272e-01 1.248215636428210429e+00
9.233982490932184095e-02 3.651437871564361948e-01 5.196812302388387206e-01
1.058648462425975101e-01 2.111495784345075732e-01 6.506751333764773104e-01
8.551119250692738039e-01 3.975784365945139731e-01 1.345870405723066376e+00
1.752683169289465936e-01 4.313449440742426200e-01 2.752434052087831873e+00
4.790244744466871651e-01 5.034361328685260650e-01 7.782395919485164404e-01
7.820159983670932347e-01 6.131412708040657744e-01 -2.497463171947088556e-01
8.200505661862373952e-01 8.567955548387315989e-01 1.745448272753301167e+00
6.382737552654286217e-01 7.244651840065530202e-01 6.383091356716210640e-01
1.339229386536991417e-01 5.249127731107625650e-01 -1.261927509366986611e+00
1.673839670285008907e-01 7.211964273025282812e-02 1.277605388993302560e+00
