9.114854999769333999e-01 2.310846605342837395e-02 8.983017736367543415e-01
4.810722791526234055e-01 9.500712599046264861e-01 1.944327991505901743e+00
5.246695422582307033e-01 9.154134892448773098e-01 2.369380362487124358e+00
4.562298452629628409e-01 2.114361559211935804e-02 2.520903779538191891e+00
4.701252380015764065e-01 9.696014286343527244e-01 2.660563517421962842e+00
9.789979642482434796e-01 2.658492247291356358e-01 1.400499418755727365e+00
8.774189095984469278e-01 9.873700720733032954e-01 2.000362312877812521e+00
1.066657954221858218e-01 1.695134188444684664e-01 8.187639633251766469e-01
2.849717736196941825e-02 4.019489791853368688e-02 1.279922627017604730e+00
4.376471422843423165e-01 4.376471422843423165e-01 -1.641772477107035222e+00
6.222796833892977331e-01 8.521985477069055070e-01 1.832436267240913352e+00
4.478643041772876338e-02 1.666782145271283044e-01 1.450705213034099383e+00
1.066481879287688589e-01 3.279106512937819962e-01 1.049631652489197542e+00
1.289811927071671249e-03 6.461809979405089277e-02 6.030622131014802267e-01
2.432536470412874005e-02 2.510700758476566707e-01 6.483025701820619435e-01
2.836343446862330669e-02 3.225384819159207717e-02 1.064085420924829162e+00
7.749641875383941336e-01 9.670378135384534168e-01 1.856065350495702759e+00
8.613410956646326833e-01 1.864293179711442872e-01 6.456327886087802614e-01
5.410571359247413614e-01 9.681817569535679235e-02 2.869468020375924855e+00
1.578737167323847612e-01 1.722709750841926735e-01 9.474688929612219424e-01
1.877649720439255807e-02 2.808520096576070935e-01 1.262199542187038670e+00
1.509294875068782349e-01 1.579744499524348422e-01 4.848550732754837722e-01
9.154717607217262021e-01 4.902821416086118878e-01 1.481929398268778675e+00
9.830225219668965453e-01 2.781502427032050972e-01 1.214003317588293829e+00
1.705200404818361382e-01 3.021818633214557459e-01 7.270936465502501056e-01
1.120266753048455577e-01 1.120266753048455577e-01 -2.770826078157236694e+00
5.743797091038378433e-01 6.149678910538659560e-01 2.063028831991279510e+00
5.307894496444474086e-01 9.395056160475188101e-01 2.304622448573190763e+00
2.202253015323181184e-01 2.202253015323181184e-01 1.862051106512489618e+00
8.315291555045219996e-01 4.594323822030138560e-01 9.996150181720127037e-01
1.993738338457997500e-02 4.266021757204235820e-01 5.611820431750849103e-01
9.196025557914636606e-01 6.234168588086197449e-01 1.132931976032450772e+00
9.594316934266649000e-01 6.495885580574078944e-01 1.365172417143005967e+00
3.957178934779936180e-02 3.767948850568743624e-01 7.226645498126512690e-01
8.453858384327233022e-01 5.853374527185649656e-01 1.895308367338949029e+00
7.058819547727468446e-01 9.471983371080872072e-01 1.875648269872213447e+00
4.437824193377343795e-01 9.509463178410765272e-01 2.278392066177918007e+00
8.054276566622281530e-01 1.868207595243435437e-01 1.658703216342350739e+00
9.792586284127421936e-02 3.734381334370534544e-01 9.780948063509808943e-01
1.126846682486691426e-01 2.184632661367205408e-01 8.203268434767512218e-01
8.539715269027262634e-01 4.125350235053614756e-01 1.646896301739894763e+00
1.728778054812503684e-01 4.461532341517104872e-01 1.730846187076368503e+00
4.918498498273503050e-01 5.112149339551382843e-01 5.451972322591668307e-01
7.967085537447398114e-01 6.101198776693036452e-01 -2.028137560697115260e-01
8.146408611622164564e-01 8.707860906237929743e-01 1.939757812222941746e+00
6.431248874361858991e-01 7.386590741238480140e-01 1.241466639559965390e+00
1.408297155689633706e-01 5.115975024547536609e-01 -1.092292237288473800e+00
1.542470187067248866e-01 7.935984913552790454e-02 2.637879954328850918e+00
