9.110228524314238907e-01 3.309775818293554661e-02 1.617077601655298569e+00
4.712642407350482454e-01 9.520212297503857224e-01 2.945338277868626786e+00
5.189122690363010548e-01 9.235899068619056740e-01 2.184289733056573812e+00
4.527623227077137713e-01 3.052318313699256547e-02 1.924902630691433636e+00
4.641885507352425111e-01 9.776485240296955981e-01 2.206406611287401454e+00
9.785376155335983039e-01 2.758386230624150226e-01 1.616847473373512090e+00
8.755169397866555681e-01 9.971875315631628656e-01 1.762159113168011437e+00
1.110262529408605481e-01 1.785126638254562192e-01 1.119596332719954956e+00
3.510708369543877327e-02 4.769883943368169454e-02 8.486581815529539163e-01
4.374706831148544306e-01 4.276486992974816159e-01 -1.588443159631544921e+00
6.215505972025444636e-01 8.621719339589407616e-01 1.643769693456332615e+00
5.186758594887833085e-02 1.737391802078032954e-01 7.839705248943186211e-01
1.111767563363819239e-01 3.368264837382354271e-01 1.100829352162869812e+00
5.853002973944651868e-03 7.351626182166863532e-02 1.096942228955405385e+00
3.320668383377033128e-02 2.556659621079401257e-01 4.775319528079960962e-01
3.447989942267559033e-02 4.016516012235616523e-02 9.126562146714541912e-01
7.768896214644439580e-01 9.768506981396507527e-01 1.377042945231505389e+00
8.586202225171896130e-01 1.960520436409076694e-01 1.846357846410015657e+00
5.375891448756460189e-01 1.061975700299284397e-01 1.924952579494481508e+00
1.664001217127777654e-01 1.774959552861005707e-01 5.497780757441514954e-01
2.714516961724113692e-02 2.863260686677409073e-01 5.792613103326013091e-01
1.597342517635854664e-01 1.627153492746954144e-01 4.939301354116932830e-01
9.222406417335332618e-01 4.976430009231211371e-01 8.272695844807933518e-01
9.896434226976166260e-01 2.856444853943614359e-01 8.471920847068010740e-01
1.800697273396297537e-01 3.051489293669094049e-01 3.012421028295135805e-01
1.138237479917153794e-01 1.218638766221972758e-01 1.390107459449490435e+00
5.675615551681876259e-01 6.222831338324603667e-01 2.321037759208520512e+00
5.216785539632929902e-01 9.436277004579987082e-01 2.716715960708429023e+00
2.298867371072824406e-01 2.228053524292606391e-01 2.609568141659808216e-01
8.405201207718994150e-01 4.638098864646695851e-01 4.530951067660951015e-01
2.306174484315534970e-02 4.361015633573278039e-01 1.253039842829845485e+00
9.246702192750331228e-01 6.320376932703929418e-01 1.039366662789957596e+00
9.666181528695919623e-01 6.565423196779385240e-01 7.689432000155033142e-01
4.421912481157980190e-02 3.856493908639247459e-01 1.087462663678391284e+00
8.461887135861230202e-01 5.953051701848685040e-01 1.490422303589582498e+00
7.012367587620478293e-01 9.560539654890766181e-01 2.053888382134939850e+00
4.430083437021997139e-01 9.609163131725935170e-01 1.648281402995409817e+00
8.047015357161801941e-01 1.967943621017330391e-01 1.643472381344827538e+00
1.070043494587018529e-01 3.776311133722770053e-01 4.326719180934351927e-01
1.163708037905238496e-01 2.277590934138958023e-01 1.193279219102939326e+00
8.510750414751510062e-01 4.272527125959709182e-01 1.765115970800103629e+00
1.595645714889640521e-01 4.392425322577902524e-01 -2.662793768811956951e+00
4.863246608145009309e-01 4.972696018912436400e-01 -1.948025558306250460e+00
8.115971679957368901e-01 6.119444778131724050e-01 1.219419948441868851e-01
8.029216368418347072e-01 8.801487708665745036e-01 2.467512806064077857e+00
6.392164513278467686e-01 7.531409292255617505e-01 1.834401013488447862e+00
1.383258125878911726e-01 4.968079632509320165e-01 -1.738508301588119753e+00
1.453825956926266538e-01 9.146034518433208971e-02 2.203046583697487737e+00
