9.089316102179167967e-01 4.287664902006252388e-02 1.781475619894406615e+00
4.627166000785003508e-01 9.572113973012966737e-01 2.595892416630452004e+00
5.180243976127897332e-01 9.335504130907733567e-01 1.659700538743700493e+00
4.441562013506423212e-01 3.561579299710935370e-02 2.607266789075357138e+00
4.549424241255132784e-01 9.814576108909862651e-01 2.750813780910033035e+00
9.861264835605757506e-01 2.823508486473528811e-01 7.091943146785735230e-01
8.814450879236294112e-01 5.240919649309727646e-03 9.362467717605117423e-01
1.147041856992561254e-01 1.878117396195725652e-01 1.194161480537225817e+00
3.935445484726617094e-02 5.675200674123900141e-02 1.132124839806252004e+00
4.349823156264314705e-01 4.179632448815773227e-01 -1.822275367298146653e+00
6.145237394086382476e-01 8.692869370892435388e-01 2.349961633326631105e+00
5.760243939546463160e-02 1.819313384061156946e-01 9.600422866914207765e-01
1.134506522456435462e-01 3.465645224213503850e-01 1.341400117879401499e+00
6.507408046047300637e-03 8.349482654820152006e-02 1.505309021618155274e+00
3.422998519212330781e-02 2.656134670378204055e-01 1.468286753197223238e+00
4.143530741175438514e-02 4.735002614097188339e-02 8.016240082411756340e-01
7.798782184450758770e-01 9.863936687509100576e-01 1.267298809695680539e+00
8.667403221599266905e-01 2.018884793504843178e-01 6.232085943278217188e-01
5.287346074056584744e-01 1.108448451662407408e-01 2.658265803655366355e+00
1.740238221573896793e-01 1.839673686966952215e-01 7.038287412704649082e-01
3.374348167537392224e-02 2.938402072067551885e-01 8.502022235331923028e-01
1.603838307818771514e-01 1.726942293270357087e-01 1.505792656048352107e+00
9.311434053562797075e-01 5.021972077560946657e-01 4.728446881814664104e-01
9.914498744373980710e-01 2.954799687130316710e-01 1.389153949303361113e+00
1.825470073920449354e-01 3.148372255815131693e-01 1.320461869496912577e+00
9.377031370016508660e-01 9.377031370016508660e-01 1.876007855499824295e+00
5.612192491422300922e-01 6.300145731727838649e-01 2.257809285973193525e+00
5.142657432876898138e-01 9.503396478570523831e-01 2.405773316537944684e+00
2.382848687553936196e-01 2.282341077949953667e-01 5.738573545178728974e-01
4.309695420473541594e-01 4.309695420473541594e-01 -1.756661300687114124e+00
2.691645572409786039e-02 4.453287625003150008e-01 1.175078015759408068e+00
9.303629207161715486e-01 6.402591986253787226e-01 9.651784846700038889e-01
9.757327103932201817e-01 6.606563008578263396e-01 4.239874716403858601e-01
4.961309997560818530e-02 3.940699034332310058e-01 1.001074876655331902e+00
4.173267938879011707e-01 4.173267938879011707e-01 -1.728117625729157059e+00
6.972555357832472822e-01 9.652272889649532450e-01 1.980265345573048785e+00
4.337291579683303366e-01 9.646441425834376693e-01 2.759586310930142616e+00
8.051620443441943609e-01 2.067837530643255317e-01 1.524729171901999081e+00
1.125938453049377119e-01 3.859231297847615094e-01 9.776778476364793580e-01
1.216083133054412929e-01 2.362778077582760317e-01 1.019548116343657052e+00
8.531868206991397585e-01 4.421033148904615073e-01 1.429541775162667561e+00
1.514415054239593161e-01 4.266323856407374659e-01 -2.143061527908011410e+00
4.745381001120021480e-01 4.879918334738755914e-01 -2.474737534443705034e+00
8.247296422849441644e-01 6.191927961728547203e-01 5.043302959450851608e-01
8.078498361262752558e-01 8.943160871901708608e-01 1.236031967790407915e+00
6.309359922682621358e-01 7.656482869706069394e-01 2.155593898344941195e+00
1.415168498895910953e-01 4.821513169449328506e-01 -1.356422305509425552e+00
1.402889959079828275e-01 1.055690390017581526e-01 1.917259550875040741e+00
