9.072024051174811810e-01 5.272600685296854883e-02 1.744590406985472741e+00
4.527912208279886164e-01 9.584307605505015815e-01 3.019352121135717937e+00
5.120697074892205380e-01 9.415841958568349490e-01 2.208645649421199675e+00
4.346961800036791002e-01 3.885739693883331208e-02 2.811468591202542111e+00
4.477541646033225686e-01 9.884095117131812547e-01 2.372908352315858949e+00
9.947293145505878842e-01 2.874490148821168267e-01 5.349716184617991921e-01
8.784140312203798651e-01 1.477048917063052483e-02 1.878746282025398173e+00
1.226083827645623459e-01 1.939373962172610544e-01 6.593024702370638979e-01
3.774311413201098669e-02 6.662133200183108228e-02 1.732635959422895944e+00
4.327655741553702584e-01 4.082120368922830256e-01 -1.794327324466988838e+00
6.111656171226071965e-01 8.787062265906900871e-01 1.913263727968565142e+00
6.244256741419359352e-02 1.906819475713289747e-01 1.065561659447800791e+00
1.164962559412805188e-01 3.560894527690811606e-01 1.261319489236205182e+00
1.393684415953876446e-02 9.018836664560504757e-02 7.333389454407427399e-01
4.135333011966654815e-02 2.726318683545907451e-01 7.779774614099248531e-01
4.813858465111298113e-02 5.477067801613062781e-02 8.361459897223930682e-01
7.801310796457424646e-01 9.963904713003853830e-01 1.545507511346234653e+00
8.713112102215930799e-01 2.107826899578240931e-01 1.096077025143501471e+00
5.203358088354563815e-01 1.162725686832570271e-01 2.567858160654809208e+00
1.822012476677745962e-01 1.897232102530713171e-01 6.133183201319276634e-01
3.901220021824840928e-02 3.023396545367861288e-01 1.015880388469375895e+00
1.610583803155921645e-01 1.826714525342494622e-01 1.503290113135378192e+00
9.409311382385633360e-01 5.042466674471017818e-01 2.064085042714531859e-01
2.877571526487265885e-04 3.001588392082981116e-01 4.868984727012581892e-01
1.895704418265648783e-01 3.219556080342899085e-01 7.921120525938496471e-01
9.438958116028688394e-01 9.455549381506503925e-01 9.029869249810639209e-01
5.515955106259622376e-01 6.327318617055869288e-01 2.866403629884989535e+00
5.075600095144824353e-01 9.577580799395658540e-01 2.305777753553718057e+00
2.464499512199595510e-01 2.340074455078645643e-01 6.154595030930025690e-01
4.257172258511196516e-01 4.224599489563319876e-01 -2.123783603520516650e+00
3.239402684292148893e-02 4.536951365439631512e-01 9.911152854926340572e-01
9.403405330065104373e-01 6.409279683792391547e-01 6.692692753174189768e-02
9.857018065375446891e-01 6.614418720291493914e-01 7.863814122643519866e-02
5.332305366076667968e-02 4.033562505974274126e-01 1.190715673019030696e+00
4.145469067580654920e-01 4.077209504816523555e-01 -1.852495983561180726e+00
6.967218398447970751e-01 9.752130372416364379e-01 1.624191288724897708e+00
4.281957339822926589e-01 9.729736815257046256e-01 2.157167946673121062e+00
8.094186379928492991e-01 2.158325878241291462e-01 1.131105892178765338e+00
9.025206270104557671e-01 9.025206270104557671e-01 4.625339633838727593e-01
1.284141749235384322e-01 2.436044882914583376e-01 8.222339517569262624e-01
8.662354222726380559e-01 4.495015577207623347e-01 5.157830592046500628e-01
1.483499327400934764e-01 4.119544369304995457e-01 -1.778388987260036691e+00
4.629195490731746188e-01 4.785045118413936427e-01 -2.456831393399423469e+00
8.385162446239091683e-01 6.132826696135292854e-01 -4.049887683270162464e-01
8.219483320461988818e-01 8.994378459501962686e-01 3.484598048306196127e-01
6.209364075304387720e-01 7.768289982660071535e-01 2.300486841460561926e+00
1.306577305758148955e-01 4.718033931082797894e-01 -2.380294809029729119e+00
1.458081109927271968e-01 1.195167760469331569e-01 1.194002610499543593e+00
