9.100607547838972522e-01 6.230879544421374233e-02 1.280918692641083378e+00
4.451198773487992644e-01 9.648456252586851134e-01 2.445158261107859499e+00
5.075953079716913896e-01 9.505273356274934748e-01 2.034697025796412095e+00
4.256226477975681433e-01 4.306108737756303428e-02 2.707740646122575257e+00
4.382199451093551357e-01 9.914259100026734384e-01 2.835180526002765156e+00
3.203933401570102646e-03 2.927575773363578215e-01 5.596106105109308615e-01
8.758224778940577604e-01 2.442884572631995321e-02 1.832943881310742595e+00
1.254833694621527995e-01 2.035152065875219796e-01 1.279182105280039394e+00
4.392771073661237008e-02 7.447949748993026864e-02 9.040153162044509694e-01
4.302958246932059305e-01 3.985218182366417339e-01 -1.820353573876080766e+00
6.118245068235282913e-01 8.886844961982933722e-01 1.504859588740387721e+00
6.585899491479019208e-02 2.000802465202434766e-01 1.222132060583279500e+00
1.259909531843421693e-01 3.592280391168813369e-01 3.192543067509632237e-01
2.054429283440414866e-02 9.769447229427664914e-02 8.489856500219311597e-01
4.863831015214546000e-02 2.794823476025254383e-01 7.546694825720565714e-01
5.069239530788607201e-02 6.443908280334098571e-02 1.312554509086129251e+00
7.847237346798560109e-01 5.273461773060317270e-03 1.093628162527703562e+00
8.726379044633576498e-01 2.206942933795146833e-01 1.437734597692637895e+00
5.114455478618586959e-01 1.208511339412091518e-01 2.666009992487555103e+00
1.836674272665805296e-01 1.996151421869275799e-01 1.423647915898766936e+00
4.617463913127252406e-02 3.093181550073168529e-01 7.723913846599864685e-01
1.654482114161860140e-01 1.916564056731511201e-01 1.116329736611114676e+00
9.486195634269904975e-01 5.106410492093957920e-01 6.937673036486393663e-01
7.402921631614748157e-03 3.071855336258219049e-01 7.791423445558905980e-01
1.982328976415629329e-01 3.269517925037832007e-01 5.231582520915962764e-01
9.494147406200682537e-01 9.538940881374964320e-01 9.861638917135431281e-01
5.416428377071994538e-01 6.317601097968543744e-01 3.238921435868824528e+00
5.001781184183228257e-01 9.645040182615814972e-01 2.401178311693762168e+00
2.554212779047011495e-01 2.384250577040224750e-01 4.575608918621461574e-01
4.198781712199181615e-01 4.143417323409758768e-01 -2.194327481856296114e+00
4.122413934864459228e-02 4.583886547484950502e-01 4.885565788673917331e-01
9.503404756811795195e-01 6.409618284343435723e-01 3.386011980589243020e-03
9.956202802857847534e-01 6.627161869452798948e-01 1.277789252716693691e-01
6.257210930679399374e-02 4.071582197788767288e-01 3.900091933771694941e-01
4.077287119080076350e-01 4.004057458374442047e-01 -2.321043352257922798e+00
6.951693798152657200e-01 9.850917956583964408e-01 1.726672797406154647e+00
4.187863955976499630e-01 9.763595863033510680e-01 2.796174164145584840e+00
8.069131256172257238e-01 2.255136212263851858e-01 1.824045939524005178e+00
9.089539312981234076e-01 9.101765133694789123e-01 8.719558151665125489e-01
1.341300804572327365e-01 2.518098782230754340e-01 9.623533522615186353e-01
8.734295740900982485e-01 4.626637832023187680e-01 1.070585984002022872e+00
1.502187435603973831e-01 3.970713073497321166e-01 -1.445884358529777147e+00
4.492051888965784556e-01 4.724286312511751795e-01 -2.724549614528501085e+00
8.522315467511014653e-01 6.193564236058995975e-01 4.168879808020776734e-01
8.357460371461159498e-01 8.935536863691071474e-01 -4.031060333246259675e-01
6.238852922025418524e-01 7.915362780685619715e-01 1.372915136857095542e+00
1.161139329048420793e-01 4.754746257767176743e-01 -3.388853304100033270e+00
1.518634346361349141e-01 1.332402251605338539e-01 1.155251726821570957e+00
