9.091661760613440890e-01 7.226870151350753280e-02 1.660373948378795150e+00
4.399264244019147618e-01 9.733912701429812131e-01 2.116880971529467637e+00
5.000577687864562471e-01 9.570989034032258980e-01 2.424552207899740797e+00
4.173332341298011117e-01 4.865444245699769577e-02 2.548008685856453237e+00
4.333131935071993235e-01 1.393357764285507727e-04 2.083660761313312015e+00
8.027637574793487774e-03 3.015172507349057063e-01 1.067437567575432178e+00
8.733084051713344564e-01 3.410765961774583216e-02 1.824930279819872769e+00
1.332302219705763513e-01 2.098386768541344316e-01 6.845791311782393196e-01
4.459347282755516534e-02 8.445731091964839288e-02 1.504170837371978653e+00
4.287386745496165052e-01 3.886437980184846985e-01 -1.727147582699517958e+00
6.030983726390328759e-01 8.935686114911771671e-01 2.631324190141051567e+00
7.443113513704895101e-02 2.052298496127092919e-01 5.409613465706155644e-01
7.641207813321653219e-01 7.641207813321653219e-01 1.555451017569851935e+00
2.806371761271334378e-02 1.042867595303844375e-01 7.197925871373787032e-01
5.554926712825049295e-02 2.867099802491411276e-01 8.077923865444128770e-01
4.900807803677774410e-02 7.429621602402164404e-02 1.740034775891882379e+00
7.854275148521159267e-01 1.524866570426562477e-02 1.500360081873535201e+00
8.766504051471912806e-01 2.298539788687787300e-01 1.157915137680100237e+00
5.060142058575699542e-01 1.292475929587027506e-01 2.144961713653063651e+00
1.894684183086134954e-01 2.077606012243455036e-01 9.519459733534620938e-01
5.604125656910702996e-02 3.109459941687268691e-01 1.635115509714757387e-01
1.669254726780247944e-01 2.015466887411057617e-01 1.422527549764571519e+00
9.581854654619931244e-01 5.135554133350211936e-01 2.957280915591035120e-01
1.355449397275586623e-02 3.150695781292292552e-01 9.082109424898906491e-01
2.049836355800004062e-01 3.343292946072421445e-01 8.297316036551785068e-01
9.462974578989926666e-01 9.633958010586956000e-01 1.887807723689793438e+00
5.339141915777190217e-01 6.254144003010402297e-01 -2.454139403210222614e+00
4.929949661681727324e-01 9.714611961198199586e-01 2.372173972716982160e+00
2.627794865014420611e-01 2.451968201220971477e-01 7.439182625174398655e-01
4.137364852745192279e-01 4.064499838814715771e-01 -2.232128348499217818e+00
5.121864156049839995e-02 4.587202049517062341e-01 3.316109763353169981e-02
9.591563587633333832e-01 6.456820196891331909e-01 4.915797044043468400e-01
3.987196755917521429e-03 6.681929294791060236e-01 5.795820069854704659e-01
7.157209216522891770e-02 4.115171541151426138e-01 4.510307443250279880e-01
4.062862037588796382e-01 3.905103342623909013e-01 -1.715552153929081669e+00
6.912220705189295877e-01 9.942797632965120203e-01 1.976571308624486489e+00
4.171348610172943006e-01 9.862222651245380334e-01 1.736709930758157050e+00
8.035699551828756615e-01 2.349382279262367534e-01 1.911676811082228200e+00
9.056035452168981204e-01 9.195985573678230329e-01 1.912442532975006548e+00
1.409431657543735172e-01 2.591298419343163739e-01 8.212475581042361084e-01
8.798520950399559837e-01 4.762192700858149941e-01 1.128331678994100917e+00
1.546221338304206716e-01 3.827321946111466588e-01 -1.272848205503576358e+00
4.388502079689405866e-01 4.615762411923791109e-01 -2.332744249671967030e+00
8.662687370830414180e-01 6.246438887438358067e-01 3.602387577610474678e-01
8.504173843818066958e-01 8.904309359324262818e-01 -2.097172593750872838e-01
6.300848941712278162e-01 8.051951556004042221e-01 1.144713762536508916e+00
1.018910791735180010e-01 4.802401720976929300e-01 -3.464898737877375456e+00
1.624832401276320171e-01 1.438336066472342967e-01 7.841525235434673169e-01
