9.118380717469208863e-01 8.190514138751681106e-02 1.300320942004543401e+00
4.346955502688591988e-01 9.819140605196201577e-01 2.121265805363575563e+00
4.943927487993214909e-01 9.653395070549837254e-01 2.173051121341578185e+00
4.116869986760076650e-01 5.690792809643063083e-02 2.170773393255058803e+00
4.269713096423914944e-01 7.871121407528939434e-03 2.257754684019146030e+00
1.274160891350779173e-02 3.103364612561360647e-01 1.079922024466357877e+00
8.712475210713680474e-01 4.389299337426663672e-02 1.778372191079248488e+00
1.374950996391261782e-01 2.188836101580513283e-01 1.130190215655573649e+00
4.248958058222632173e-02 9.423348795466801597e-02 1.782769405233316284e+00
4.251137164743113983e-01 3.793239439985828798e-01 -1.941740777237822124e+00
5.935262927343980532e-01 8.964626201814346329e-01 2.847991790257395461e+00
8.256850040637196686e-02 2.110421887695045629e-01 6.202442286944247485e-01
7.658424252738096349e-01 7.739714636505734546e-01 1.397769875336237755e+00
2.922649979804242681e-02 1.142189263427915574e-01 1.454254475393764956e+00
6.494594507116563387e-02 2.901308637077132380e-01 3.491384309757092907e-01
5.457882077742232801e-02 8.260084276563717243e-02 9.799377139764549050e-01
7.834228149224375937e-01 2.504566413194476981e-02 1.772633955654253857e+00
8.822635960016675938e-01 2.381299735782516358e-01 9.748175173396228521e-01
4.972399280035392777e-01 1.340446804230155942e-01 2.641269911532963199e+00
1.979545738212147299e-01 2.130507018487143578e-01 5.574336081895804318e-01
6.124310040076202249e-02 3.194865340082845839e-01 1.023729498590864262e+00
1.762338288347696236e-01 2.052010704479326209e-01 3.741034879213787079e-01
9.679958160654726917e-01 5.116171096857421441e-01 -1.950650634802338912e-01
2.162653021230950129e-02 3.209723089334700075e-01 6.313971032079999102e-01
2.149103083763832522e-01 3.355380820962379773e-01 1.211750749201568889e-01
9.413640171595896167e-01 9.720941435715424461e-01 2.086726402425179927e+00
5.308603621982990184e-01 6.158921040379852219e-01 -1.881136878892170738e+00
4.921300446265426953e-01 9.814237214385744812e-01 1.657396685369232792e+00
2.710504568115866819e-01 2.508174117394187941e-01 5.968733254396997312e-01
4.076008259050508675e-01 3.985535489832497946e-01 -2.231364919863846552e+00
1.920104817184427048e-01 1.920104817184427048e-01 2.425219502797815174e+00
9.686004807675829831e-01 6.489696570731596781e-01 3.349942488283309538e-01
1.306636679354735223e-02 6.723844293810271600e-01 4.325088977954648639e-01
7.864997676197664489e-02 4.185813985641351209e-01 7.844336591504961209e-01
4.103809606972322332e-01 3.813871239932031254e-01 -1.148917033593190862e+00
6.877575801772100039e-01 3.660451260202757240e-03 1.924579371394485205e+00
4.157254306756830720e-01 9.961224421993254419e-01 1.712210219792538402e+00
8.071592079142014819e-01 2.442718909172960640e-01 1.203680141054155550e+00
8.991296772394078429e-01 9.272201735619137741e-01 2.274947077366002546e+00
1.492099861387718163e-01 2.647565355222147310e-01 5.976112680600289551e-01
8.948463992049549010e-01 4.766326011970255516e-01 2.755889574508263440e-02
1.589247136160772955e-01 3.683625109963951094e-01 -1.279871145008276478e+00
4.366601780083605444e-01 4.467369767641211631e-01 -1.717322074565226453e+00
8.808367866230683019e-01 6.282176728166812829e-01 2.405659031162824812e-01
8.600923906152494469e-01 9.018936692182898396e-01 8.697724997669697977e-01
6.328293020228460408e-01 8.199419595098612623e-01 1.386799360022590299e+00
8.756672563444176105e-02 4.846913399992164861e-01 -3.442874467100287550e+00
1.653806343481935837e-01 1.585511168555085448e-01 1.376414934066552576e+00
