9.096735988453215072e-01 9.166808444062543582e-02 1.788970345897812564e+00
4.303558521294343353e-01 9.909233346334803683e-01 2.019690815353783364e+00
4.883587948955349645e-01 9.733139286820974290e-01 2.218548463067818943e+00
4.045776385882428605e-01 6.394049513432628618e-02 2.361624605508888308e+00
4.192461208496854330e-01 1.422103936897129925e-02 2.453594753219418667e+00
1.510330548865223589e-02 3.200535796194653448e-01 1.332374226224756431e+00
8.709233888539430479e-01 5.388773890907777586e-02 1.603215226869049603e+00
1.459654509036606429e-01 2.241989793320033342e-01 5.604140016409846492e-01
4.896868194137125874e-02 1.018506557733474954e-01 8.659587259548298110e-01
4.190633557044076141e-01 3.713619634312862461e-01 -2.220607505017252237e+00
5.855143739683918991e-01 9.024466955224474951e-01 2.500080644787495476e+00
9.095055231327771328e-02 2.164957386069900069e-01 5.768125610118597368e-01
7.640932404739824158e-01 7.838172928455195976e-01 1.746619297852020081e+00
2.819616019103889093e-02 1.241657047305028128e-01 1.674013465298986869e+00
7.080487601583014545e-02 2.982347472326445370e-01 9.448146501185893387e-01
6.253743170492781500e-02 8.865563525626724006e-02 6.503679063581471187e-01
7.794238890125649855e-01 3.421128421829735394e-02 1.982195983018236074e+00
8.893401897558863567e-01 2.451955111259370157e-01 7.846163714564147185e-01
4.928128037641173465e-01 1.430113169701676401e-01 2.029417767421639596e+00
2.064257843296294637e-01 2.183647015214772447e-01 5.602523280946494211e-01
6.549433732273145237e-02 3.285378866493700034e-01 1.131697789534358067e+00
1.800678822804516188e-01 2.144368722093204227e-01 1.177315726383761696e+00
9.724014305415451531e-01 5.205943342617578296e-01 1.114572335958820437e+00
2.640656001478534215e-02 3.297558910664862841e-01 1.072416607006502653e+00
2.202909036148386346e-01 3.439671505429829357e-01 1.002663037541700719e+00
9.359974784499933698e-01 9.805321683569057090e-01 2.137262876508372766e+00
5.255923725652704714e-01 6.073922049076246887e-01 -2.125626507724137859e+00
4.832287012767969570e-01 9.859807036165006977e-01 2.668436200832380756e+00
2.739653755789044354e-01 2.603831447787597342e-01 1.275010253605880717e+00
4.044329373357490320e-01 3.890685881497784049e-01 -1.893138381291622263e+00
1.983428932158054214e-01 1.997500272237077712e-01 8.850624752292767239e-01
9.758923020253672531e-01 6.558128538951519815e-01 7.536703024101629733e-01
2.135712529205354565e-02 6.779757908895908125e-01 5.933434912363056979e-01
8.197269426234689293e-02 4.280132355226884955e-01 1.232085172666467443e+00
4.085280265824340340e-01 3.715602915856459076e-01 -1.757166762677208061e+00
6.809920751447778864e-01 1.102441362133248400e-02 2.313864526467173999e+00
4.107021217491234055e-01 4.769196933232633384e-03 2.097088683100772677e+00
8.071501354365938630e-01 2.542718868018027378e-01 1.571703574680121118e+00
8.990771135898488753e-01 9.372200354140968193e-01 1.576052715956101302e+00
1.530376072140416377e-01 2.739950049248890962e-01 1.178012086212533838e+00
9.077156372425294606e-01 4.843386191266857432e-01 5.395320010993456261e-01
1.678269282023352460e-01 3.562897906956420391e-01 -9.354193414649127902e-01
4.348101837011661974e-01 4.318514965547577966e-01 -1.694444110354297317e+00
8.924463507606933410e-01 6.377159895377835230e-01 6.857079653117731377e-01
8.715309433890318092e-01 9.115972515692258860e-01 7.035194163662651379e-01
6.293515612159197303e-01 8.345332349469105626e-01 1.804774771615688111e+00
9.484579617265927187e-02 4.715758860574097433e-01 -1.064122823858861810e+00
1.791489394919389966e-01 1.645037442979673248e-01 4.080735799495242566e-01
