9.069148363470554974e-01 1.012800160611771055e-01 1.850297537275706006e+00
4.216487624197594042e-01 9.958413208867830102e-01 2.627438400799358753e+00
4.807773173832031732e-01 9.798347567529798186e-01 2.431264220377119756e+00
3.947477628609918909e-01 6.577721590428618759e-02 2.956871867389440300e+00
4.142853458861373017e-01 2.290382185853270455e-02 2.089871676578267223e+00
2.301342461728620239e-02 3.261715870868373002e-01 6.583351024892314385e-01
8.671595544920762677e-01 6.315237872379433903e-02 1.956685892545027228e+00
1.530959114793540021e-01 2.312101512724483166e-01 7.769630830807330302e-01
5.034143141914737551e-02 1.117559855947752173e-01 1.433086537114346415e+00
4.119936301371961429e-01 3.642895536295060466e-01 -2.356004686144622884e+00
5.803218766266720063e-01 9.109929210844269765e-01 2.116769151683116856e+00
9.069906690641878211e-02 2.264925758613488549e-01 1.595947519097496325e+00
7.575735647655946758e-01 7.913997613523753305e-01 2.280972772854498398e+00
2.817939731305680456e-02 1.341656906807890404e-01 1.572472615378151195e+00
7.753438968243353546e-02 3.056316145297506837e-01 8.326047221834163015e-01
6.314699317507467546e-02 9.863703970725069825e-02 1.509802367886075913e+00
7.730174538515557359e-01 4.188966871816351967e-02 2.266132387588026376e+00
8.945844226999454252e-01 2.537100880871515640e-01 1.018758670701959801e+00
4.893804907485016509e-01 1.524038260791776012e-01 1.921151367685894673e+00
2.101179456678010649e-01 2.276581370892805101e-01 1.192630909790614258e+00
7.072872976079522256e-02 3.370585166615428507e-01 1.019913984507792470e+00
1.790112054105856554e-01 2.243808871928514859e-01 1.676661650012305493e+00
9.768676632349102551e-01 5.295415553682644161e-01 1.107808613691523503e+00
3.351029139920129463e-02 3.367941437202394694e-01 7.807681014071472525e-01
2.247879123178307403e-01 3.528989427889553943e-01 1.104365920448504346e+00
9.375905351837185986e-01 9.904044614159236426e-01 1.410809022178317385e+00
5.238213199657038022e-01 5.975502857507951626e-01 -1.748840759682573465e+00
4.807888779730274398e-01 9.956785003892931751e-01 1.817266498281485010e+00
2.720956255840153992e-01 2.702067915026913347e-01 1.758878260485838840e+00
3.993905711149027260e-01 3.804329328246239816e-01 -2.099294079975087435e+00
5.052445276573330757e-01 5.052445276573330757e-01 -7.398936310206361000e-01
9.854834071046031374e-01 6.586431724918924147e-01 2.869537575341333246e-01
2.739024231092926018e-02 6.859508456879325200e-01 9.231491325135124937e-01
8.549226301190798738e-01 8.549226301190798738e-01 -7.801447646676140657e-01
4.034650060861790788e-01 3.629367294762561591e-01 -2.101687498521116026e+00
6.733787848732269987e-01 1.750807086405507459e-02 2.436156793207592930e+00
4.013466149468927768e-01 8.301121688010974428e-03 2.780611336051211691e+00
8.113183005950169724e-01 2.633617932486319591e-01 1.140856049445067244e+00
2.201725727249254083e-01 2.201725727249254083e-01 -2.177561206691619233e+00
1.557888789009483355e-01 2.836090833573143843e-01 1.292074353499510275e+00
9.222436123083900261e-01 4.880719742511995252e-01 2.515343741723038429e-01
1.818971648827271137e-01 3.510909023762264769e-01 -3.539360445841057135e-01
4.293652390864426960e-01 4.178746378897145730e-01 -1.942277859066489309e+00
9.029007500401677877e-01 6.484726403039525744e-01 7.996469172638482892e-01
8.826499168240820037e-01 9.216654405697685126e-01 7.358434309163892628e-01
6.184467556080210926e-01 8.448330026459387465e-01 2.384720119189538856e+00
1.073159676660380146e-01 4.632395305632069915e-01 -5.892733017773166271e-01
1.938523420860017998e-01 1.674719006545138666e-01 1.991917125176849435e-01
