9.095354484480581148e-01 1.109305285976219246e-01 1.305638885723405807e+00
4.188921992418468965e-01 5.453883471556064677e-03 1.850068733300895163e+00
4.717397961690281138e-01 9.841153186674176379e-01 2.699251795440427593e+00
3.850555986290098431e-01 6.823931917187835150e-02 2.892824390424554970e+00
4.055401268083127508e-01 2.775368198856263680e-02 2.635245479859801954e+00
2.702794168408922254e-02 3.353303890128725429e-01 1.157694990359474652e+00
8.611103302135955095e-01 7.111522279037249539e-02 2.220464772968736789e+00
1.596830777648704514e-01 2.387340625110897785e-01 8.516845660896017467e-01
5.076611880968167484e-02 1.217469635559320362e-01 1.528314811310124144e+00
4.065228646795844836e-01 3.559187277856717957e-01 -2.149664130413119434e+00
5.801153294275505079e-01 9.209907877696020817e-01 1.591452515599731665e+00
9.330473191501391372e-02 2.361471348809510984e-01 1.307187399996173172e+00
7.672876086761294401e-01 7.937740719689971858e-01 2.397204315220119453e-01
3.200547451788787051e-02 1.434047995784410168e-01 1.178179193655952917e+00
7.860164803540779788e-02 3.155744994032673723e-01 1.463866837499740337e+00
6.553480157217908553e-02 1.083477745434367617e-01 1.329686146798929602e+00
7.653963645583360398e-01 4.836415695931219061e-02 2.437360518036400414e+00
8.932143986165521632e-01 2.636157952305574481e-01 1.708230977483932156e+00
4.794942020067419208e-01 1.539075863375148345e-01 2.990644040954509197e+00
2.170813743662903528e-01 2.348352298684673600e-01 8.005070702678049877e-01
7.276039919950398616e-02 3.468499577859032734e-01 1.366205084824329896e+00
1.844036059101618052e-01 2.328024082462105959e-01 1.001261868853889903e+00
9.859970263366817367e-01 5.336225759950211645e-01 4.203741565041652639e-01
3.984123173841693649e-02 3.445348926776267140e-01 8.852525437252212193e-01
8.037513508244628069e-01 8.037513508244628069e-01 -2.378379009262902688e+00
9.430203605398127520e-01 9.988019012997404467e-01 9.968115588864191468e-01
5.209204753128197085e-01 5.879802752858147574e-01 -1.865111423756341313e+00
4.737666451795128908e-01 2.798068254949770406e-03 2.349311806896277943e+00
2.740747451966167314e-01 2.800089894990091532e-01 1.371569039910637944e+00
3.975599497402071969e-01 3.706019193782641441e-01 -1.754896653257664196e+00
5.015320501388328411e-01 4.959591891780620876e-01 -1.951148774243631534e+00
9.950858330132774654e-01 6.614348416464344016e-01 2.829264224925960858e-01
3.237230248905034052e-02 6.946214325412879420e-01 1.049267827599683844e+00
8.640672686366703825e-01 8.508759541519927971e-01 -4.166153060950220643e-01
3.942232194892396624e-01 3.591171247196575655e-01 -2.749675967890717665e+00
6.692144999099461922e-01 2.659975556737563529e-02 2.000309777355880225e+00
3.942145089127688795e-01 1.531061978117096226e-02 2.364864289451742874e+00
8.158819013396092501e-01 2.722597451615137443e-01 1.096896185451682992e+00
2.270034908157080311e-01 2.274758978605755100e-01 8.188086013156942178e-01
1.634296114787892606e-01 2.900603782408180398e-01 7.011927422245877173e-01
9.372430231356607688e-01 4.882049209877298845e-01 8.863231812872296445e-03
1.929550256708093547e-01 3.409556315465251952e-01 -7.418931334023377566e-01
4.166107249490937914e-01 4.099801860961973521e-01 -2.587353168131442782e+00
9.177422476329082368e-01 6.506474849431580498e-01 1.455025044965289616e-01
8.853643734304154078e-01 9.069130941349693442e-01 -1.388830010712062801e+00
6.089867091210920957e-01 8.564737723999172880e-01 2.253212279201457058e+00
1.005420893108096014e-01 4.498561613301413353e-01 -2.039345043071760788e+00
1.854206288302227001e-01 1.798777948815463990e-01 2.167736218263733861e+00
