9.146541487369331813e-01 1.195211576405192100e-01 1.033436120543438808e+00
4.115700301063493494e-01 1.226459849651246464e-02 2.392367645404311904e+00
4.653937180508356808e-01 9.918436621197882497e-01 2.258297273703759434e+00
3.751603810766590552e-01 6.968315766410963785e-02 2.996702384736479541e+00
4.001962063580837281e-01 3.620604936235940347e-02 2.134584638414895874e+00
3.501234107180495325e-02 3.413511336858714440e-01 6.460967222847835423e-01
8.599780620169941159e-01 8.105091444878083362e-02 1.684266486822728170e+00
1.598744352829072624e-01 2.487322314584666239e-01 1.551659406953380227e+00
5.539453671279652436e-02 1.306113726007655240e-01 1.089597958490276630e+00
4.020369263492490908e-01 3.469813703856106102e-01 -2.035987684673990383e+00
5.738342737585488962e-01 9.287720691347053359e-01 2.249912535966809290e+00
1.016220905107915601e-01 2.416988504706804319e-01 5.885692181139695611e-01
7.771100981719225587e-01 7.918982521202287961e-01 -1.886998520050899852e-01
4.059854234867062150e-02 1.485194046712675076e-01 5.368835688897595215e-01
8.690240658284187347e-02 3.211510043604247078e-01 5.915526305941398721e-01
6.982101314342380183e-02 1.173826176724859782e-01 1.127830242580414088e+00
7.678017292460734833e-01 5.807055797714500561e-02 1.327877817704378849e+00
9.002627333307831048e-01 2.707095232882269498e-01 7.886079630057218903e-01
4.747225157012586183e-01 1.626957038721216220e-01 2.068226394981756755e+00
2.251539521040370473e-01 2.407372200978761256e-01 6.313053605584046934e-01
7.907524263899953776e-02 3.546038440589059926e-01 8.873302814311947451e-01
1.938083245893276185e-01 2.362011236749792242e-01 3.467803062069498843e-01
9.923438466935654567e-01 5.413503099033183386e-01 8.831993349875216781e-01
4.352632137453035094e-02 3.538311346265977653e-01 1.193391730058817046e+00
8.124433079479540520e-01 7.988066686948017692e-01 -5.172229100181089390e-01
9.470126212048893821e-01 7.970426523683515896e-03 1.160123755951272484e+00
5.177619568286071505e-01 5.784921900740932488e-01 -1.892150655408786575e+00
4.647630499110960711e-01 7.149536081159961302e-03 2.691391356564073245e+00
2.819487582253315527e-01 2.861733969177014947e-01 6.642144016742721480e-01
3.916113238200252256e-01 3.625636453308246909e-01 -2.207891022534325121e+00
4.977535296181355151e-01 4.867005293034004643e-01 -1.958271587966428307e+00
3.299057102313263101e-03 6.671394844979440242e-01 6.070710340755667289e-01
3.562727312236033811e-02 7.040768630537653783e-01 1.239258955388073957e+00
8.735777326383085128e-01 8.477854728830727105e-01 -3.141920001987020261e-01
3.889402577586574816e-01 3.506265231300642604e-01 -2.127388915309997408e+00
6.684139187416631156e-01 3.656765754286629005e-02 1.650940210664620489e+00
3.862527699318847318e-01 2.136129845387120529e-02 2.491741547159027181e+00
8.138619143279951507e-01 2.820536030567922792e-01 1.774194589715475612e+00
2.366575982234524200e-01 2.300832356138662049e-01 2.637821904156261166e-01
1.720032558404132050e-01 2.952074766817257001e-01 5.406691871155495654e-01
9.462735433885433034e-01 5.001819700384050327e-01 9.247494304583239177e-01
1.906237464810646987e-01 3.261379010408281820e-01 -1.726847527934019855e+00
4.069247222528672991e-01 3.985267433051107866e-01 -2.272779865591731951e+00
9.318835457868026584e-01 6.456451168516776917e-01 -3.400043637663124896e-01
8.749070189573826539e-01 8.961593163138805718e-01 -2.342220504773985024e+00
5.958534853746048077e-01 8.637207327299248893e-01 2.637365764732671813e+00
9.044435355675919941e-02 4.387640139888294710e-01 -2.309300293068911270e+00
1.907632567707753801e-01 1.938940827884362283e-01 1.206624885104168765e+00
