9.153398033926481991e-01 1.294976238331696228e-01 1.502177023657954358e+00
4.021246199478548111e-01 1.554853316970690111e-02 2.806990443140468194e+00
4.556775040139903754e-01 9.942090764154688509e-01 2.902787940257796961e+00
3.666934740720398378e-01 7.500401152182176179e-02 2.580531004793495509e+00
3.909239360265706620e-01 3.995104641166970921e-02 2.757735498411172159e+00
4.489527980615046210e-02 3.428767555175102899e-01 1.531602887785956657e-01
8.616758843519026767e-01 9.090573049572385489e-02 1.400187636581337269e+00
1.695712742952338314e-01 2.511758585104165165e-01 2.468624189279695069e-01
5.883008507933668030e-02 1.400026987808725421e-01 1.220096803444093325e+00
3.942845618799296625e-01 3.406646588095740835e-01 -2.457885655520894108e+00
5.638475377259778432e-01 9.292869510782095777e-01 3.090081682563448062e+00
1.097617218539988782e-01 2.475080157804884773e-01 6.198542492623998479e-01
7.858540624842383915e-01 7.870461300994066045e-01 -5.066058354100875238e-01
4.894043626051487739e-02 1.540341853526306093e-01 5.841350638405637952e-01
9.189816188429122956e-02 3.298137076895270581e-01 1.047687617456737552e+00
7.235354025233209363e-02 1.270566192459117727e-01 1.314755221745975700e+00
7.685686574393499892e-01 6.804110566252105641e-02 1.494028125951890829e+00
9.042607866172136521e-01 2.798755240474927741e-01 1.159491874748937112e+00
4.647306737459037662e-01 1.630995532737687104e-01 3.101196727768646078e+00
2.303986787885801690e-01 2.492514929384915257e-01 1.018700681995778012e+00
8.128763262354141150e-02 3.643560402503440709e-01 1.347711557525479220e+00
2.059181998464614249e-01 2.059181998464614249e-01 2.510150909568291233e+00
4.326754167076618529e-04 5.472300080152684432e-01 6.285466769778551566e-01
4.751425073900176349e-02 3.630015446165593129e-01 1.160596117129728100e+00
8.216618816954859295e-01 7.949313754076664518e-01 -3.979499765528675126e-01
9.487781490951481267e-01 1.781333825084630007e-02 1.393313210303126937e+00
5.142107303789985595e-01 5.691439928840678064e-01 -1.933841587174575105e+00
4.570666617047073332e-01 1.353433118958440734e-02 2.449071598742843747e+00
2.896746667826994304e-01 2.925224391260342061e-01 6.878845423235147027e-01
5.845314692898686548e-01 5.845314692898686548e-01 3.968932237538580488e-01
4.892380594645581726e-01 4.814577468299868213e-01 -2.589725340025234246e+00
1.120252880193086178e-02 6.732660769516122246e-01 6.594208755493847773e-01
4.463163564595494515e-02 7.084267429996586873e-01 4.500249438455224960e-01
9.704877213762963528e-02 9.704877213762963528e-02 2.853280646028940382e+00
3.843296322945167764e-01 3.417528467313320495e-01 -2.049988567317179378e+00
6.698116020762311384e-01 4.646949986115588710e-02 1.430568879021048456e+00
3.762630606231920360e-01 2.090774809523590280e-02 3.186963253682622454e+00
8.115013355655533722e-01 2.917709930307672006e-01 1.809103393562072171e+00
2.444725581527379954e-01 2.363223382178999410e-01 6.737363278289435486e-01
7.633659799488168307e-01 7.633659799488168307e-01 3.058513477512885714e+00
9.590055110900677082e-01 5.081127328294194889e-01 5.570889154548944733e-01
1.802248244084729834e-01 3.153276087354293655e-01 -2.336801095814081908e+00
3.932347966723038213e-01 3.923960061880396588e-01 -2.720546120033598747e+00
9.455031315345679976e-01 6.393596666641997439e-01 -4.323767557230813741e-01
8.650323348407620294e-01 8.848681421678070702e-01 -2.289370788435446613e+00
5.835721746875440763e-01 8.723328989967760183e-01 2.530033869626609366e+00
9.695794392257395256e-02 4.252520511208237597e-01 -1.121602631879797585e+00
1.993787107025372929e-01 2.061730873714505974e-01 9.589698211143826700e-01
