9.180216522474534679e-01 1.391312984550353571e-01 1.299287925999842219e+00
3.952487030186350725e-01 2.280950875033442918e-02 2.328963366492833309e+00
4.459234827440387572e-01 9.964134060335910759e-01 2.919334325015689124e+00
3.580652588519761537e-01 8.005909827837312531e-02 2.611621240911324193e+00
3.824183276242330010e-01 4.520981296915094899e-02 2.587847188847386626e+00
4.987547845552623565e-02 3.515484117268370956e-01 1.049482509026006039e+00
8.671052244367430939e-01 9.930348413840386912e-02 9.968693458065758239e-01
1.759706104774440560e-01 2.588601604583526394e-01 8.763844504948666847e-01
6.323999357731084625e-02 1.489778147711812717e-01 1.114093955793965529e+00
3.861909376346896461e-01 3.465377539541177887e-01 2.513862041648908807e+00
5.585946590879509177e-01 9.377961969915770135e-01 2.123849699896659615e+00
1.180734387223146276e-01 2.530681742945018464e-01 5.895846592401822184e-01
7.919958146731965742e-01 7.791544331938338175e-01 -9.094559110349393904e-01
5.245583289026251039e-02 1.633959152427502115e-01 1.211581094817593129e+00
9.958221043747841894e-02 3.362133481350725872e-01 6.944514723952948110e-01
7.421677320352815244e-02 1.368815041291853163e-01 1.383377754986082842e+00
7.697716013701294546e-01 7.796848829337602038e-02 1.450209903202829054e+00
9.119492604317240847e-01 2.862698473426966150e-01 6.937596991127562562e-01
4.566416890754317892e-01 1.689790368395991116e-01 2.513072500112298435e+00
2.346108335784615473e-01 2.583210988850627166e-01 1.136011255767633843e+00
8.538626198659274302e-02 3.734775114773081217e-01 1.148492534580542346e+00
3.458684204886988134e-01 3.458684204886988134e-01 6.781381169167777223e-01
7.924861595234877071e-03 5.538532357983275700e-01 7.239147967026083874e-01
5.628101051128800436e-02 3.678123577593683247e-01 5.018877208211660612e-01
8.247252991137066225e-01 7.854121593831325798e-01 -1.259448707838064951e+00
9.474361700235939265e-01 2.772288375866403115e-02 1.705400330445848267e+00
5.159890142832145310e-01 5.593033777429291531e-01 -1.392017099879734765e+00
4.479030026677380816e-01 1.753774886129589455e-02 2.729702878609595817e+00
2.901339276247311139e-01 3.025118875331774260e-01 1.524854082659602650e+00
5.834221471053399055e-01 5.745931895448165294e-01 -1.681957335681191434e+00
4.798710793406618658e-01 4.779563637663202247e-01 -2.783873900916757904e+00
2.053571345195263215e-02 6.768565733363197667e-01 3.672494330253192052e-01
5.461610185316806421e-02 7.078695764563169845e-01 -5.574552197069371218e-02
1.015093258946288823e-01 1.059988257788610638e-01 1.108443228319201612e+00
5.062113581881035884e-01 5.062113581881035884e-01 2.751523387065621939e+00
6.715316725606272907e-01 5.632045704960762789e-02 1.397929603895300188e+00
3.668233814144962746e-01 2.420812026166153930e-02 2.805249652958261564e+00
8.122531022552973434e-01 3.017426953349974794e-01 1.495548666574858521e+00
2.476835025723592154e-01 2.457928100083707490e-01 1.243911429396429291e+00
7.617501621208644380e-01 7.534973866981619084e-01 -1.733089615426984809e+00
9.739951902197157008e-01 5.086690776776883194e-01 3.709816550508839017e-02
1.724300071325663986e-01 3.025119611265401631e-01 -2.117242821785735529e+00
3.826977211495433129e-01 3.817203310605528088e-01 -2.349660795681334680e+00
9.598393783579334260e-01 6.437723786443253493e-01 2.985982759827570110e-01
8.524742620617496991e-01 8.766648008926295477e-01 -2.562948380783734770e+00
5.845448863156446073e-01 8.873013268396912068e-01 1.505903349390167678e+00
1.001509037777743305e-01 4.105958235242326282e-01 -1.356291130824602620e+00
2.035873700962975708e-01 2.205705588893009939e-01 1.286400818016200098e+00
