9.174539246985313756e-01 1.491151697197399817e-01 1.627599623816768704e+00
3.873120255054292582e-01 2.889302336372799596e-02 2.487610834642326907e+00
4.359237468716002928e-01 9.963407253520621953e-01 3.148860785733258449e+00
3.490169979535973077e-01 8.431691165085301864e-02 2.701767421230853117e+00
3.774325715014750782e-01 5.387827510982977353e-02 2.092751140556971645e+00
5.643234514927409490e-02 3.590987427898051365e-01 8.557046090684804485e-01
8.721628276778776723e-01 1.079302245109469427e-01 1.040533231584774398e+00
3.363877146356087922e-01 3.363877146356087922e-01 1.079092149424750957e+00
6.890401222807505943e-02 1.572191067041123769e-01 9.686630396760687045e-01
8.988877088534228399e-01 8.988877088534228399e-01 2.482732913767669025e-01
5.487249379838246011e-01 9.394051113232816386e-01 2.979998867036979693e+00
1.174391507748208940e-01 2.630480379608884922e-01 1.634267729977743500e+00
7.989664356937401513e-01 7.719843256222589378e-01 -7.995044605215153588e-01
5.938171902366709554e-02 1.706092432726622199e-01 8.057247745183961918e-01
1.055628649190691742e-01 3.442278207921991018e-01 9.297112212523384045e-01
7.834793916107142542e-02 1.459882855491621556e-01 1.144922630150569720e+00
7.693712294877664837e-01 8.796047019667294076e-02 1.610844219199258243e+00
9.175420010669969040e-01 2.945596755789490762e-01 9.772864811673943608e-01
4.514588764315455305e-01 1.775311391015211848e-01 2.115636327830668684e+00
2.379732832043090496e-01 2.677388445024404540e-01 1.227869475425048540e+00
1.579699147287317862e-01 1.579699147287317862e-01 -1.549902867781851601e+00
3.522512146474225392e-01 3.535664682105151835e-01 8.785352294675069507e-01
1.790631717629605907e-02 5.544619594493405135e-01 6.091002112314714001e-02
5.756631670714765919e-02 3.777294131682528144e-01 1.441909159991864531e+00
8.311145929731345028e-01 7.777195054862074963e-01 -8.776906025650113019e-01
9.464984169157834026e-01 3.767881762288750186e-02 1.664709624681530498e+00
5.077281451323006900e-01 5.536679504413415387e-01 -2.542924527236571031e+00
4.410589581182600694e-01 2.482877445477452150e-02 2.324582892852816940e+00
2.943710652610325162e-01 3.115698489291560125e-01 1.133254920057398030e+00
5.759037077654651782e-01 5.679997784479240419e-01 -2.421650595653406679e+00
4.707091361024813292e-01 4.739490209933149290e-01 3.553910802074431885e+00
2.790937231696899098e-02 6.836115089350035534e-01 7.416338525990182617e-01
6.448137536056955388e-02 7.095055405831126594e-01 1.643350873420123537e-01
9.909788753129143701e-02 1.157037196484417274e-01 1.814340623648369011e+00
4.975633460188966795e-01 5.011902143422006795e-01 -2.615550671360368895e+00
6.689698514782687067e-01 6.598674241379914873e-02 1.829866751020179372e+00
3.634004557677877334e-01 3.360405448967233866e-02 1.920152097234627320e+00
8.095580171756512344e-01 3.113726754187499113e-01 1.843678944783948115e+00
2.443977676659909171e-01 2.552375940781667629e-01 1.905589136996308941e+00
7.649463511814577066e-01 7.440219249421869963e-01 -1.245469057159501292e+00
9.889918350137465453e-01 5.083518318397818314e-01 -2.115129959432102483e-02
1.687037366322787779e-01 2.879821673166237384e-01 -1.821843077563210844e+00
3.785092422212589791e-01 3.673169757477335873e-01 -1.853790454822134004e+00
9.747726476805417262e-01 6.423590607966900290e-01 -9.436115992251409290e-02
8.637413233787016864e-01 8.865669889982981111e-01 7.210129480606668473e-01
5.729183829816131279e-01 8.967789014357445687e-01 2.457670026486787229e+00
1.091052037691607468e-01 3.985616841007317834e-01 -9.310981379007948755e-01
2.185201399109000242e-01 2.219891446865292495e-01 9.471393181262510730e-02
