9.183606401049984047e-01 1.590739782414294923e-01 1.480000084164295515e+00
3.799731271195594950e-01 3.568570843532360704e-02 2.394827213132951105e+00
4.320794770050509492e-01 5.572279348716291381e-03 1.965383357380331208e+00
3.443145374789366997e-01 9.314226521228355371e-02 2.060365880265170535e+00
3.702644270224123013e-01 6.085091483430152964e-02 2.370019204330187090e+00
5.715272603609816704e-02 3.690727616076086570e-01 1.498695785380264045e+00
8.764843744172190476e-01 1.169482195087104409e-01 1.123915609022585693e+00
3.376533510235497637e-01 3.463072995328471682e-01 1.443892338712489121e+00
7.312077579209902423e-02 1.662865707953078975e-01 1.135503039828257732e+00
2.998809537679725246e-02 2.998809537679725246e-02 3.118545090784098583e+00
5.445351587462696763e-01 9.484850755269860212e-01 2.003115715075404424e+00
1.160004371709921905e-01 2.729440019445617538e-01 1.715168699505556615e+00
8.062945553486793315e-01 7.651800135833461969e-01 -7.483508976846574567e-01
5.731442807726594424e-02 1.803932254958128534e-01 1.779026975969274504e+00
4.206725317996192759e-01 4.206725317996192759e-01 1.170665075628949836e+00
7.288502913211683532e-02 1.543642400628607303e-01 2.148725988523966901e+00
7.686979939633259429e-01 9.793778215574444612e-02 1.638170840140510842e+00
9.137885059998903658e-01 3.038285090967768332e-01 1.955570149855883955e+00
4.478142390046117582e-01 1.868433148959418033e-01 1.943853198107348357e+00
2.362284712083558835e-01 2.775854495569136660e-01 1.746175187820035113e+00
1.598375050095151018e-01 1.677939722684209656e-01 1.382934237017324319e+00
6.917823233757417478e-01 6.917823233757417478e-01 -2.520832912518087277e-01
2.029698944246099285e-02 5.641719896303332149e-01 1.329391218248254791e+00
5.515904887067279300e-02 3.874353423645469086e-01 1.813910912163775535e+00
8.377213462395659560e-01 7.702127877429792990e-01 -8.490782919474749724e-01
9.418190619109902961e-01 4.651644381656175331e-02 2.057749622192248662e+00
4.978036490814821691e-01 5.524414195052101961e-01 -3.018629931549523526e+00
4.323783707131370613e-01 2.979338947529922357e-02 2.622074986798000218e+00
2.924286380011656972e-01 3.213793838997918151e-01 1.766281740384872734e+00
5.673242658403171435e-01 5.628623494943508776e-01 -2.602050900470504580e+00
4.607691672245524117e-01 4.728549374929344462e-01 3.251220460889554076e+00
3.214991163711337918e-02 6.926678783109901927e-01 1.132879340761002052e+00
7.183307861739321454e-02 7.162843649076993113e-01 7.448784186407141350e-01
1.011283144139415863e-01 1.254954185140222944e-01 1.366331985419187323e+00
4.877262321560112968e-01 5.029877656901817762e-01 -3.322330179412691376e+00
6.705287277495065590e-01 7.586449037428950881e-02 1.414270324190636474e+00
3.594202716790426688e-01 4.277782877399505246e-02 1.980152097138009548e+00
8.027245196918292303e-01 3.186735871521294006e-01 2.323137291273944083e+00
9.413439520630724200e-01 9.413439520630724200e-01 -1.586602255054260890e+00
7.657326214754321958e-01 7.340528839138426020e-01 -1.492088056383866768e+00
3.931874218574549218e-03 5.070119704446347519e-01 -8.944330461542035482e-02
1.543881671995529226e-01 2.924615056401716484e-01 -3.444841679998680739e+00
3.685604354561233253e-01 3.560910573465518314e-01 -2.295954443108009890e+00
9.889350845915320098e-01 6.473012648335767505e-01 3.357530546129109950e-01
8.786617228779618483e-01 8.881102578609654241e-01 1.030669705915499001e-01
5.601373141366111641e-01 9.046302885220700585e-01 2.590726082420818255e+00
1.163920564822809589e-01 3.854505522831772057e-01 -1.063529366918206209e+00
2.301906057720309595e-01 2.314125319004867176e-01 6.792707529536852196e-01
