9.201093726891728108e-01 1.689198877651376385e-01 1.395019285217050653e+00
3.746246497890923788e-01 4.413519304951632471e-02 2.135123855079543720e+00
4.275056866586474102e-01 1.446499782324059749e-02 2.045841967489753443e+00
3.385788887257923374e-01 1.013338666052074899e-01 2.181647451642935831e+00
3.622783079925977479e-01 6.686937832938345816e-02 2.495781604924591335e+00
5.390126872098095767e-02 3.785294008271184452e-01 1.901962155773823770e+00
8.767730386155474509e-01 1.269440522894547951e-01 1.541925896536867846e+00
3.324508432551230297e-01 3.548474349486037682e-01 2.117940896278060148e+00
7.238611082667661956e-02 1.762595476522238469e-01 1.644329071473583426e+00
2.634621452976804168e-02 3.930134958228535119e-02 1.943557196363016715e+00
5.365538788177312002e-01 9.545099548371721587e-01 2.494977990663354461e+00
9.175228205906327261e-03 9.175228205906327261e-03 1.126758724124283795e+00
8.143154286327023428e-01 7.592079459546563491e-01 -6.400141149806326535e-01
6.138285421886712639e-02 1.895282081849226641e-01 1.151801303526987841e+00
4.164049975956740091e-01 4.297162120138991459e-01 2.011696162533253673e+00
7.788067919314886622e-02 1.630270040829475409e-01 1.047699766094947194e+00
7.627575334654740358e-01 1.059820925098680783e-01 2.206875586031763259e+00
9.176465707541644479e-01 3.130543064255624786e-01 1.174714511295540831e+00
4.460131658216481831e-01 1.966797845568317993e-01 1.751891879404384511e+00
2.415606514829253815e-01 2.860452281308180633e-01 1.008396387036160968e+00
1.548309896991163503e-01 1.764504614208858846e-01 2.095147589165070379e+00
6.932696022741637876e-01 6.818935417784817155e-01 -1.421514596331617142e+00
1.718933748440798145e-02 5.736768567681531650e-01 1.886794310212096315e+00
5.839878008712114099e-02 3.968960052189757781e-01 1.240870219751073922e+00
8.465989896514284352e-01 7.656098052911535223e-01 -4.783311201183628736e-01
9.374880740389822664e-01 5.552990841418008194e-02 2.018724228989960956e+00
4.878763306060802663e-01 5.536448927653803143e-01 3.020952909689592847e+00
4.292104274163769384e-01 3.927833203013384594e-02 1.893144151216449966e+00
2.850879392141983937e-01 3.281701232791979228e-01 2.395092301085326447e+00
5.583615377836277371e-01 5.584273178392402670e-01 -2.682089149894933744e+00
4.509158657631109901e-01 4.711483472345664447e-01 3.313091121619752943e+00
3.796352446663487507e-02 7.008043336736418105e-01 9.503955678360159753e-01
7.328246830836038228e-02 7.261787708789397833e-01 1.425345036800007570e+00
1.055476243842521505e-01 1.344659089903738336e-01 1.113046181622192154e+00
4.777785118001120490e-01 5.040089707238685213e-01 3.039293816450574059e+00
6.702486277262702519e-01 8.586056680341824787e-02 1.598809993001197860e+00
3.504918512569660249e-01 4.728152822740494532e-02 2.674413012032246240e+00
8.044228146275010927e-01 3.285283217660838195e-01 1.400139680057982394e+00
9.470134586090064310e-01 9.495814696215126860e-01 9.679969848897979068e-01
7.656431156094420931e-01 7.240532844868678986e-01 -1.579747032907939275e+00
6.926976898186610644e-03 5.217099077127884676e-01 1.369771615124989905e+00
1.397411984182004296e-01 2.892263386401413006e-01 -2.924206740096571444e+00
3.596638369878698005e-01 3.440141978336375139e-01 -2.205708201100461174e+00
3.711898885883302412e-03 6.498792018596225573e-01 1.727199572789683280e-01
8.880958646740372275e-01 8.997720316785089434e-01 8.906037093734705534e-01
5.490310894692715937e-01 9.147125389473758084e-01 2.404483864063580167e+00
1.017281206470190408e-01 3.886079223627404988e-01 2.929515121997335214e+00
2.383034118402667101e-01 2.440292817870144404e-01 9.993445429169793837e-01
