9.186919475066267493e-01 1.788189233672498046e-01 1.713017811551947656e+00
3.654003260677750609e-01 4.799677975504853394e-02 2.745129057265713435e+00
4.191769124984501271e-01 1.999957287363336375e-02 2.555082836722935902e+00
3.295124226604058681e-01 1.055527755974939308e-01 2.706062746294969568e+00
3.558703041984641047e-01 7.454645377348123603e-02 2.266336697081157148e+00
5.131652906393879138e-02 3.881895830668752878e-01 1.832238479202485726e+00
8.781499639277506875e-01 1.368488024975425266e-01 1.432664950289961325e+00
4.290289434010845504e-01 4.290289434010845504e-01 -5.795252011370193301e-01
7.769212856626830921e-02 1.847357599989703780e-01 1.011485962873703404e+00
2.873566688820330950e-02 4.901168003118193395e-02 1.329516850078817480e+00
5.318410648373128602e-01 9.633297838823392523e-01 2.061539402217354766e+00
1.551792271713201693e-02 1.690634884506773961e-02 8.837331191107180572e-01
8.139633705719777623e-01 7.492141451200450275e-01 -1.606009409558915690e+00
6.378823825912831313e-02 1.992346044069433220e-01 1.327875823914042019e+00
4.065710206390323878e-01 4.315308461963837661e-01 2.959118281512070237e+00
7.395350742600183269e-02 1.722235970342161360e-01 1.974380609419294608e+00
7.635182781352771730e-01 1.159531138992427046e-01 1.494648290117711831e+00
9.185517834723299080e-01 3.230132516475662241e-01 1.480150973498301603e+00
4.403623574082705106e-01 2.049301399598008055e-01 2.171327562367017183e+00
2.462158999017619865e-01 2.948955762685422921e-01 1.086568789653338030e+00
1.585358112823598564e-01 1.857388572477406408e-01 1.191268262283588175e+00
6.912892757293801482e-01 6.720915875459816391e-01 -1.770146743939179146e+00
1.869652943815931778e-02 5.835626229202804938e-01 1.419500588340058655e+00
5.309202090399380847e-01 5.309202090399380847e-01 -3.093723050919277462e+00
8.510903210238590644e-01 7.566751568647731574e-01 -1.105001450543669161e+00
9.341020691844199586e-01 6.493921078602894748e-02 1.916225452173665689e+00
4.785273435655938989e-01 5.500957462036252243e-01 -2.778769874608308044e+00
4.197362201779659130e-01 4.247823784181639639e-02 2.815873107863170688e+00
2.773196592340958500e-01 3.344672516843313903e-01 2.460409153894259404e+00
5.484086455200092303e-01 5.593968205926158621e-01 -3.238695453302963934e+00
4.415759780198766915e-01 4.675753237328550971e-01 3.506970634769526640e+00
4.651083186760174293e-02 7.059950500204842383e-01 5.457644425865721960e-01
8.006992523695213859e-02 7.335225048367103318e-01 8.247430396713986145e-01
1.122672025764856890e-01 1.418718031915125188e-01 8.339471031815912649e-01
4.677805254468887508e-01 5.038082996478246978e-01 -3.121524198941355355e+00
6.645962488394349110e-01 9.410984634284821904e-02 2.171517926997315495e+00
3.405312197765592575e-01 4.816799340524891698e-02 3.052829622901372275e+00
8.034014941434496349e-01 3.384760302694959089e-01 1.673106769651743653e+00
9.521803718958764540e-01 9.581431871528240940e-01 1.027814397496942034e+00
7.628582802772206906e-01 7.144488744491607202e-01 -1.853011146184181168e+00
1.690974993731352016e-02 5.329056320059853968e-01 8.426084371086753899e-01
1.370415045193350556e-01 2.744712834775053789e-01 -1.751762032492733878e+00
3.478808605250246488e-01 3.347318777747277929e-01 -2.474351303568388172e+00
1.263033037786017582e-02 6.378184564546770519e-01 -9.340754065758412050e-01
8.979586946981572559e-01 9.110735618366475608e-01 8.532712385496898921e-01
5.399761960912916603e-01 9.266711720596263469e-01 2.218879773960257928e+00
8.702608110024272203e-02 3.915828228930146593e-01 2.941942238660694375e+00
2.417782974016580155e-01 2.586212374590700080e-01 1.337013559109048177e+00
