9.207938196084711757e-01 1.885955349309506035e-01 1.359029883176572140e+00
3.603829220452867133e-01 5.664696223145433002e-02 2.096405914380492508e+00
4.147138943942004774e-01 2.894839790271622193e-02 2.033424788580240339e+00
3.197471004497123293e-01 1.077064891627888404e-01 2.924520558807385928e+00
3.491858451254274964e-01 8.198406137948589800e-02 2.302913640900065673e+00
7.123681292006038834e-01 7.123681292006038834e-01 -7.458169831096554958e-01
8.815033403588761196e-01 1.462697826223051389e-01 1.228832724653760700e+00
4.190894063797891422e-01 4.301269433110564977e-01 -3.251614475666448012e+00
8.478567841170259189e-02 1.917842740686405978e-01 7.822136477711385538e-01
3.467759034929025763e-02 5.705490982912905795e-02 9.345351922412133971e-01
9.014631151782944718e-01 9.014631151782944718e-01 2.572583888146117381e+00
1.491162342851946009e-02 2.688795198146962107e-02 1.631463463055277563e+00
8.095033456629219248e-01 7.402638279295427060e-01 -2.033090337339034104e+00
6.552278287272991775e-02 2.090830233147389083e-01 1.396460102878613663e+00
3.970155706885954983e-01 4.285823930011140592e-01 3.440886291513548301e+00
8.023409440551258764e-02 1.800052567024874317e-01 8.917403491036121066e-01
7.660438521016058599e-01 1.256289330449586183e-01 1.315473899441367056e+00
9.151668917690409799e-01 3.324229545205056868e-01 1.916107151417857146e+00
4.308743807668515280e-01 2.080889845669139093e-01 2.820203952944120296e+00
8.619523957186197016e-01 8.619523957186197016e-01 -6.018447811954477089e-01
1.556464250647092429e-01 1.953123334860383531e-01 1.863914313319488203e+00
6.896754615399736110e-01 6.622226664417235620e-01 -1.732886586970318721e+00
5.942378857457258912e-01 5.942378857457258912e-01 1.239852716738059968e+00
5.210844987904579284e-01 5.327254247855679470e-01 -3.323109365686837791e+00
8.515737883076761605e-01 7.466868507328267013e-01 -1.522430744251685564e+00
9.410771580203841635e-01 7.210497213639548153e-02 7.988811547002436786e-01
4.694020509926155604e-01 5.460056318461107283e-01 -2.720222178100763166e+00
4.129253328380448895e-01 4.980024669478177318e-02 2.320044868560038775e+00
2.673383097179445889e-01 3.338567913363753026e-01 3.202676667989962755e+00
5.417684525611998758e-01 5.519196662228186279e-01 -2.296977778923238400e+00
4.317872001866839282e-01 4.696197866286773714e-01 -3.347490669026036425e+00
5.644283755437307093e-02 7.048308923688141325e-01 -1.166803385531966497e-01
8.572750916559142287e-02 7.417682154847019538e-01 9.694436208358787610e-01
1.136195651085870617e-01 1.517799370007506810e-01 1.435144424504460448e+00
4.578024881504619836e-01 5.031459011943875126e-01 -3.075304272067700850e+00
6.623675045084295165e-01 1.038583179516190530e-01 1.795558407097647136e+00
3.359221239655952873e-01 5.704246442077173102e-02 2.049816194039305817e+00
8.040846212054895137e-01 3.484526698549028634e-01 1.502430377064650324e+00
9.598577667005143699e-01 9.645508083193505833e-01 6.954905310406358510e-01
7.649123308094356588e-01 7.046621039700339262e-01 -1.363918759166999672e+00
2.613965055744134347e-02 5.447297148263382516e-01 9.079959663944333625e-01
1.388405193461489107e-01 2.595795560541033775e-01 -1.450572600400392931e+00
3.329067968236181785e-01 3.338501656526490780e-01 -3.082777942966554274e+00
2.352934505245816987e-02 6.275125610970239132e-01 -7.574346064027137615e-01
9.067293109078720104e-01 9.232422220464606699e-01 9.462765683258559379e-01
5.314500850753995920e-01 9.390123807097012776e-01 2.175365176105326537e+00
7.326228624081809748e-02 3.975458716994287323e-01 2.732762039962753242e+00
2.459523149216751026e-01 2.730287902610759598e-01 1.288806082921194696e+00
