9.273143459008329481e-01 1.961772719925096997e-01 8.605076976117798093e-01
3.570812771086007142e-01 6.608619634826994049e-02 1.907274162545004925e+00
4.092603505689895727e-01 3.733045372133875217e-02 2.147608170527360638e+00
3.178911328017857141e-01 1.175327490865772373e-01 1.757475470645719184e+00
3.401260854993085059e-01 8.621735271329979133e-02 2.704475836945609668e+00
7.093560166628677388e-01 7.028325548571250359e-01 -1.876758973729913738e+00
8.814403864661826127e-01 1.562695844607114859e-01 1.577091757648056536e+00
4.100089755951036308e-01 4.259381753818755056e-01 -2.709384640460926530e+00
8.318057583926366516e-02 2.016546157918004400e-01 1.732003918100849305e+00
4.027495729404959035e-02 6.534161504204182014e-02 9.767283054329340963e-01
5.220212082424471323e-01 5.220212082424471323e-01 1.826699267640877977e+00
1.375413036586589817e-02 3.682073657643133990e-02 1.686805670218326725e+00
8.099212226905757595e-01 7.302725628049571149e-01 -1.528996452764247671e+00
6.984033636317182880e-02 2.181029308451503390e-01 1.124358371015343083e+00
3.889903521382652163e-01 4.226161657828936269e-01 -2.502306492838992646e+00
8.482832934563766525e-02 1.888874301591889904e-01 1.093450296901056662e+00
7.629755498680015346e-01 1.351465756839348720e-01 1.882657141270244416e+00
9.204636435776788472e-01 3.409049601959159292e-01 1.012578758121370548e+00
4.218719803875347618e-01 2.124429238648918861e-01 2.691116840030733925e+00
8.702325913084796305e-01 8.563454035665238884e-01 -5.952300016705414087e-01
1.563635710044285199e-01 2.052865854229579401e-01 1.499020118964484727e+00
6.946461767271450150e-01 6.535455706990211944e-01 -1.050575782050605200e+00
5.865572484934370445e-01 5.878341515695788555e-01 -2.446608305930213501e+00
5.134820261856516410e-01 5.262290865636795045e-01 -2.434489972249224365e+00
8.534382939553226688e-01 7.368622072945184565e-01 -1.383248215342395060e+00
9.490304969294451887e-01 7.816668808137471058e-02 6.512381270392512134e-01
4.606042687858072360e-01 5.412517883230688609e-01 -2.646191799327862082e+00
4.077724015986571859e-01 5.837038669609692643e-02 2.112145970235785875e+00
2.574969864561986177e-01 3.320824304774128710e-01 3.319973236314396559e+00
5.320288368164165504e-01 5.496525347436207465e-01 -2.912891028287214468e+00
4.217917375479460218e-01 4.693185780006557950e-01 -3.111467234319446717e+00
6.260120670751732896e-02 7.127096289029039022e-01 9.073485551274400596e-01
9.522535260901286713e-02 7.448972680448638917e-01 3.182503560953030552e-01
1.161230182715143611e-01 1.614615031065534667e-01 1.317759414089633596e+00
4.483183356177670720e-01 4.999755935221613101e-01 -2.818995542057498582e+00
6.609949093541409582e-01 1.137636691590434290e-01 1.708490536648853420e+00
3.284009961316829984e-01 6.363280857763864429e-02 2.422058445154336770e+00
8.044483313443910877e-01 3.584460534127805742e-01 1.534417289224230485e+00
9.663089619696704213e-01 9.721916250033980633e-01 8.696166217756172712e-01
7.626476072640502313e-01 6.949219280340984684e-01 -1.799250728324284454e+00
3.200856585355468104e-02 5.585339110451351674e-01 1.168794875596681937e+00
1.490335697052356800e-01 2.485749331901829229e-01 -8.236653971225900150e-01
3.182196622206528991e-01 3.308025309707390837e-01 -2.936992524676333538e+00
3.498139968679740003e-02 6.372002050134831785e-01 7.021268424063962232e-01
9.187793780703045199e-01 9.321750760909900402e-01 6.379172756543635137e-01
5.263529810984491908e-01 9.531198089320299660e-01 1.917507933149801058e+00
8.776205329572539515e-02 3.937044194540630371e-01 -2.589821887989648408e-01
2.551711294538939190e-01 2.848615185441285003e-01 9.089332091233073285e-01
