9.343540077170960911e-01 2.032796069263639593e-01 7.898298365482543382e-01
3.490402272710216858e-01 7.203106956050672749e-02 2.504964732187882515e+00
4.021181782997918508e-01 4.432969477141720377e-02 2.366301425690536142e+00
3.157674568338822430e-01 1.273046475911335240e-01 1.784793514029094252e+00
3.361224256630689355e-01 9.538090594966407154e-02 1.982712528546873854e+00
7.064234364771959651e-01 6.932722215232602903e-01 -1.868429242192799045e+00
8.868982244673500048e-01 1.646488448309955666e-01 9.934720918141466406e-01
4.012521490059861029e-01 4.211093051114991326e-01 -2.637644039432775145e+00
8.639403271231824166e-02 2.111242353683736306e-01 1.243646124085074689e+00
4.174797760491546356e-02 7.523253062978073336e-02 1.422956335803451600e+00
5.139274088096149606e-01 5.161483545288693131e-01 -2.513891871098071107e+00
1.837060343608045224e-02 4.569137220145753214e-02 1.090944989898034123e+00
8.130330050473330017e-01 7.207690471100064444e-01 -1.254363756314126777e+00
6.848452117550125895e-02 2.280105927881559413e-01 1.706796704168283663e+00
3.805422987576263516e-01 4.172654280694678697e-01 -2.576997585389466661e+00
9.087092077286214320e-02 1.968553087252587208e-01 9.219605924855409640e-01
7.697389241002784432e-01 1.425124951101961468e-01 8.280174437880423177e-01
9.284136416962318616e-01 3.469710569570139680e-01 6.517890574509479507e-01
4.145755671629023920e-01 2.192812243888093426e-01 2.388593617863317586e+00
8.737230308629062581e-01 8.469743400347312656e-01 -1.214245626475338957e+00
1.405964359471781888e-01 1.405964359471781888e-01 -2.973314730549967422e-01
6.956992471018649260e-01 6.436011731413062709e-01 -1.465293676576058690e+00
5.833113326508597707e-01 5.783756088518603455e-01 -1.901376227242996375e+00
5.035189780127675707e-01 5.270879643808283888e-01 -3.227586382267291665e+00
8.514087565157202331e-01 7.270703240343252549e-01 -1.775169832587884189e+00
9.547642799867001040e-01 8.635959549280912417e-02 9.601729409537103077e-01
4.518216163779439909e-01 5.364700504922531588e-01 -2.643018466588695770e+00
4.039279345153324319e-01 6.760185856385628189e-02 1.965404720809799777e+00
2.482752610588102038e-01 3.359502180485136602e-01 2.744456732770091278e+00
5.243379387751715415e-01 5.432611274401253354e-01 -2.448212162639881839e+00
4.128997611423387837e-01 4.647433451538900417e-01 -2.666384794721527118e+00
7.210741377277182784e-02 7.158131796488246268e-01 3.155665283584471736e-01
1.052172200922447953e-01 7.453004853529404672e-01 4.033266493634651839e-02
1.156918628134135513e-01 1.714522040314610807e-01 1.613925242067993926e+00
4.433604735327463242e-01 4.912911474519784938e-01 -2.089536231174291991e+00
6.673611683839022479e-01 1.214753969787983889e-01 8.806812857253263349e-01
3.194637341670720776e-01 6.811893703945501310e-02 2.676380021805267351e+00
8.088684532772417723e-01 3.674161438303144012e-01 1.112955664760517438e+00
9.736724448217694006e-01 9.789576519237438434e-01 7.431390725094679794e-01
7.621568538608617382e-01 6.849339772384017699e-01 -1.619891387245271153e+00
3.250151288299585328e-02 5.735258089645502988e-01 1.537927273336359590e+00
1.637228232391783334e-01 2.455375279463023197e-01 -2.039036894758927687e-01
3.032341490230885395e-01 3.314616168571185018e-01 3.097639443776197155e+00
4.627632463502626831e-02 6.470705986436215973e-01 7.181945388913635320e-01
9.297300239651641318e-01 9.424260933324833944e-01 7.524113704040710227e-01
5.230284816730225161e-01 9.677467602059741658e-01 1.794285430290183392e+00
9.763803929327918851e-02 3.824143839990203353e-01 -8.521065585826739230e-01
2.451184744577533103e-01 2.959945382390976043e-01 2.305243568004787136e+00
