9.420422590065740120e-01 2.096741977740915475e-01 6.937944987884852033e-01
3.406885177288260236e-01 7.753097389811093587e-02 2.559239869993508165e+00
3.924996453737020219e-01 4.706535270868305448e-02 2.864494354367527418e+00
3.063399004306107676e-01 1.306394909552415218e-01 2.801595576649940078e+00
3.283826804071801053e-01 1.017130733016808064e-01 2.455890346795795764e+00
7.088124864171390094e-01 6.835617920587897522e-01 -1.329558292174174650e+00
8.939820768855242239e-01 1.717071048798692878e-01 7.835885086218198348e-01
3.952580182210705395e-01 4.131049065623683125e-01 -2.213563985367815956e+00
9.251280193131707075e-02 2.190337652687300574e-01 9.123649198143479744e-01
4.202479021848082308e-02 8.522869863441986937e-02 1.543111529080798849e+00
5.074195375328122148e-01 5.085557521130591452e-01 -2.279417006919141286e+00
2.725949436166989412e-02 5.027259672258435619e-02 4.758818050850273096e-01
8.085464344183680430e-01 7.118320071083443779e-01 -2.036058433758855646e+00
7.140668537266679772e-02 2.375741149638401772e-01 1.274252730176992809e+00
3.708432319275397071e-01 4.148306585474159647e-01 -2.895643574760937700e+00
1.004837638066770067e-01 1.996108937461276156e-01 2.791706497928090336e-01
7.750513805274139578e-01 1.509846735024271691e-01 1.010726163629840579e+00
9.379995131697640431e-01 3.498190506530959309e-01 2.887971236443036549e-01
4.084942085815448376e-01 2.272195540496982913e-01 2.224506519783503222e+00
8.795747818615926583e-01 8.388652704056448473e-01 -9.457003549547787769e-01
1.435392136493745530e-01 1.501536352961221898e-01 1.272096588002300521e+00
6.903678092165115299e-01 6.351409266865852832e-01 -2.133108513821068808e+00
5.798455661379080528e-01 5.689953923043757911e-01 -1.924715417205015822e+00
4.951880502936799600e-01 5.215566315089666949e-01 -2.555472060793523070e+00
8.511050390530711107e-01 7.170749373132982996e-01 -1.601172744366437195e+00
9.623868946449660733e-01 9.283228780525447366e-02 7.039965066405335925e-01
4.465012428261549982e-01 5.280028416682412962e-01 -2.131801249166519696e+00
3.941908357226480142e-01 6.987977583660862080e-02 2.911783470600193269e+00
2.379920867320417521e-01 2.379920867320417521e-01 -1.094551387734436165e+00
5.168673042897173886e-01 5.366136000513330728e-01 -2.414429861750900130e+00
4.042848174771732639e-01 4.596656738720892310e-01 -2.609001707856472230e+00
8.189914781342455541e-02 7.137829224047487209e-01 -2.044470166732319516e-01
1.151757204474043311e-01 7.462105791262888532e-01 9.113548191938972143e-02
1.148392118158326342e-01 1.814157870353971802e-01 1.656165080853252869e+00
4.386947624105003163e-01 4.824463105555880649e-01 -2.056206411863470862e+00
6.750520646984498052e-01 1.278668063600599258e-01 6.933807611090530010e-01
3.151096139643483895e-01 7.712124992338842411e-02 2.021292235619349675e+00
8.188186576226679225e-01 3.684128551647855576e-01 9.983690332333827744e-02
9.780018802941128353e-01 9.879718622879861689e-01 1.123040648656906004e+00
7.635301301963439702e-01 6.750287204468590208e-01 -1.433033347603472230e+00
4.363414491679291213e-02 5.835788932673936502e-01 7.344858034498763510e-01
1.501644224846607478e-01 2.391211606734681971e-01 -2.699581919075066505e+00
2.889519874291802126e-01 3.360463589660587225e-01 2.830972181662661846e+00
4.918431623101546940e-02 6.617860186130840594e-01 1.375694830773696919e+00
9.432562603572230975e-01 9.489099910079668021e-01 4.469973446249466131e-01
5.271255136858420398e-01 9.821763939049261705e-01 1.294145391893077202e+00
9.684972941496597376e-02 3.674351127371813797e-01 -1.623374540470566174e+00
2.309002695671717731e-01 3.007739367043276157e-01 2.817312474537060574e+00
