9.452960346158827409e-01 2.191300395813696178e-01 1.239385337577435742e+00
3.338256525629544891e-01 8.480428687880051108e-02 2.327167370798257195e+00
3.849025232691497544e-01 5.356794724690571580e-02 2.433666750827800485e+00
3.031300312360270532e-01 1.401103272305480874e-01 1.897567691903762732e+00
3.278558589007323776e-01 1.116991866146942458e-01 1.623502877011232748e+00
7.056634628914988383e-01 6.740705513161384665e-01 -1.891150097453985879e+00
9.023112887616130395e-01 1.772410211715403083e-01 5.864307246260582751e-01
3.867823454001181327e-01 4.077980270430868748e-01 -2.582180616057613065e+00
9.454458532140594396e-02 2.288251827481228573e-01 1.366193446954455437e+00
4.929666553423567993e-02 9.209308712809614883e-02 7.565805054098613258e-01
4.977268670637304271e-01 5.060956425265183967e-01 -2.893030085347946478e+00
2.905632320045030761e-02 6.010984258329796215e-02 1.390132247753546491e+00
8.075192725357551726e-01 7.018849000682594319e-01 -1.673693997855061566e+00
7.853128635768454047e-02 2.445912412135441139e-01 7.777984788294404206e-01
3.614938465492634201e-01 4.112825614449576173e-01 -2.778882126014167842e+00
1.096639936705099405e-01 2.035761654451654079e-01 4.077307967073349193e-01
7.825288534899647042e-01 1.576245076942066059e-01 7.261334713900844395e-01
9.478428361378252731e-01 3.515822843149906674e-01 1.772500370442204876e-01
4.037461979208034624e-01 2.360204855211668895e-01 2.065534307372591805e+00
8.872914573952770390e-01 8.325050095062920263e-01 -6.893374972150506652e-01
1.473042437931840198e-01 1.594177892249062922e-01 1.184777688212758306e+00
6.907199240039840760e-01 6.251471278504847628e-01 -1.535577567836752699e+00
5.777044493496710231e-01 5.592273004283168092e-01 -1.786578654693158352e+00
4.860006664633607087e-01 5.176079635874533125e-01 -2.735669797018640992e+00
8.460014601130210199e-01 7.084753162749806155e-01 -2.106397239859426396e+00
9.641542719240946413e-01 1.026748676272940253e-01 1.393125316710550177e+00
4.367793997151396268e-01 5.256606703412877168e-01 -2.905179430052550416e+00
3.882865013584785863e-01 7.795063921769047888e-02 2.202392100621072046e+00
2.336215373692146491e-01 2.469864348611221228e-01 2.023118036030615130e+00
5.076975488351308519e-01 5.326241658930743750e-01 -2.731228345755673192e+00
3.964372613492807562e-01 4.534676207245615931e-01 -2.473098058617494654e+00
9.124406717890666541e-02 7.102230794232904376e-01 -3.639671538706623077e-01
1.251702289789150824e-01 7.458792194824594990e-01 -3.314203121906858507e-02
1.130530173713200776e-01 1.912549693899626424e-01 1.750379478635835762e+00
4.288490865554940856e-01 4.806962628539104831e-01 -2.965682040491329108e+00
6.834130831843774345e-01 1.333525487781813401e-01 5.806580374041199200e-01
3.149431630157712991e-01 8.711986453150878662e-02 1.587442190361181282e+00
8.265214696424011409e-01 3.747898989147259163e-01 6.915143327165029774e-01
9.825271914685533847e-01 9.968893484121403858e-01 1.101194649639478440e+00
7.575668918308032795e-01 6.670012807432085244e-01 -2.209710106523447237e+00
5.313140331325735821e-02 5.951893231884080038e-01 8.851795178059327363e-01
1.360433691178083437e-01 2.340619263627738977e-01 -2.797564127684544655e+00
3.036906217729148927e-01 3.388343076172510293e-01 1.869503410821446998e-01
6.106399342228843730e-02 6.709442536958469816e-01 6.567536134734057729e-01
9.472356361070144448e-01 9.633725139082761624e-01 1.302289859216257728e+00
5.295057719251698991e-01 9.969863355224380941e-01 1.411438824387071023e+00
9.008193068851748364e-02 3.540486680860321367e-01 -2.038890827835023956e+00
2.332280169402551895e-01 2.859556509678767289e-01 -1.414983471904180057e+00
