9.545251069572268099e-01 2.229802634343732437e-01 3.952320776319235840e-01
3.332196975821994922e-01 9.478591092307799004e-02 1.631428968847060679e+00
3.835442515488101112e-01 6.347527271515018832e-02 1.707044651099111743e+00
2.976412124309209539e-01 1.484693264604029228e-01 2.151822352678722794e+00
3.254723461305005228e-01 1.214109767109711191e-01 1.811464172252234883e+00
7.035997920986793996e-01 6.642858048779897162e-01 -1.778656982230476968e+00
9.067327187338475314e-01 1.862104669181083028e-01 1.112809837201822916e+00
3.770504807198251096e-01 4.100982030894940733e-01 -3.373688426103017335e+00
9.605666796706877064e-02 2.387102020234042887e-01 1.419005849086558246e+00
5.254010230835637341e-02 1.015524802318994585e-01 1.240478512915413001e+00
4.885818096924072207e-01 5.020499132133775522e-01 -2.725080865229692062e+00
3.755423714400818458e-02 6.538103396740503614e-02 5.552069059851862942e-01
8.115170045061554926e-01 6.927187591631216446e-01 -1.159526929685355867e+00
8.236524076560104712e-02 2.538270840878040224e-01 1.177326449604942926e+00
3.540384591600674313e-01 4.046179385091106528e-01 -2.412139159014060397e+00
7.709519395788054785e-01 7.709519395788054785e-01 -7.991919434390726273e-01
7.846277984081255763e-01 1.674017481142089092e-01 1.359329280314709676e+00
9.527109877066991528e-01 3.603173344180221616e-01 1.062356344083696058e+00
3.992732217612597334e-01 2.449643372795623497e-01 2.034537875725803691e+00
8.938882835425229212e-01 8.249895664200187495e-01 -8.503999550361828197e-01
1.492871216914662402e-01 1.692192276520201322e-01 1.371185612514451257e+00
6.931421470843392996e-01 6.154449200940514952e-01 -1.326140610408984788e+00
5.684227286873523299e-01 5.555057870873914005e-01 -2.760266888649798300e+00
4.774143718259592495e-01 5.124819959324898866e-01 -2.603386269548877419e+00
8.429095660947801827e-01 6.989653114705671744e-01 -1.885136877413952972e+00
9.717003411511907496e-01 1.092366386702269543e-01 7.157414552689168596e-01
4.310810072182856834e-01 5.174431084795310110e-01 -2.177106550721400691e+00
3.874304308103418415e-01 8.791392899650414539e-02 1.656508290804915129e+00
3.095761775082166434e-01 3.095761775082166434e-01 -1.717483531454115031e+00
5.021406254901821242e-01 5.243102857557159213e-01 -2.159991806744530063e+00
3.870056537568064559e-01 4.501442522193275786e-01 -2.802812476557114518e+00
1.010488027145955287e-01 7.082565695516650495e-01 -1.979410338129263536e-01
1.343531146410368582e-01 7.419201020408573433e-01 -4.070605120602105997e-01
1.181590569170492405e-01 1.998531296674551372e-01 1.034909259880977261e+00
4.211810055771327832e-01 4.742774986341175558e-01 -2.444649831142165386e+00
6.889514683010377061e-01 1.416787898448065575e-01 9.838289821324609497e-01
3.188902107273167696e-01 9.630794454654911796e-02 1.165049815156021129e+00
8.308369578229871655e-01 3.838107947551190891e-01 1.124587330868675128e+00
9.921524471520348776e-01 9.996012578921207314e-01 2.746301318866868346e-01
7.512182878095078342e-01 6.592750121107578964e-01 -2.258624153869587481e+00
5.151999528943862483e-02 6.101025174867725775e-01 1.678431238019444383e+00
1.235192497658728905e-01 2.258068409932288967e-01 -2.558822423954142611e+00
3.156232424549352267e-01 3.479234529928636466e-01 6.509507704511670045e-01
7.548582198479728000e-02 6.750686761904035604e-01 2.785496583190204545e-01
9.568611025857507446e-01 9.748768780830893155e-01 8.740864691714166357e-01
5.349181142604715333e-01 1.097585125549693785e-02 1.201646327684438686e+00
8.372055089246377424e-02 3.404643813145317721e-01 -2.008755332717714115e+00
2.378854221308987493e-01 2.716970193052603566e-01 -1.255083990457758425e+00
