9.596418666932040598e-01 2.315720484528826228e-01 1.033661997173186409e+00
3.353321104100183692e-01 1.045602503915467607e-01 1.357951600597295805e+00
3.874451591748710455e-01 7.268303681361294732e-02 1.170066164331953651e+00
3.036740026171222961e-01 1.564446284966441170e-01 9.231901137501998811e-01
3.301172739568412617e-01 1.302667457621650982e-01 1.087734555271730574e+00
7.007418073743728604e-01 6.547029074395512849e-01 -1.860635878084473394e+00
9.104220514881282700e-01 1.955050257472400466e-01 1.192935255037184561e+00
3.710834346670335293e-01 4.020735933541945140e-01 -2.210184524097847714e+00
9.832574802038758499e-02 2.484493639848684710e-01 1.341894629994622390e+00
6.135335588363895198e-02 1.062775793226878041e-01 4.921364912700069150e-01
4.856443734478846364e-01 4.924910707986620007e-01 -1.868937220027226509e+00
4.117487476744671054e-02 7.470256727473927050e-02 1.200315409640925202e+00
8.179535955416245008e-01 6.850656358894431364e-01 -8.715264277887874167e-01
8.615653639735540437e-02 2.630805200676247235e-01 1.181940875165249150e+00
3.496257921997117379e-01 3.956441784110812376e-01 -2.027806066607805491e+00
7.727390691429357750e-01 7.611129270307388506e-01 -1.391118133755144148e+00
7.862012273623613101e-01 1.772771884246949481e-01 1.412796872901115997e+00
9.546257533220098290e-01 3.701323062793381302e-01 1.378130003281780702e+00
3.995715051505126514e-01 2.549598876405828052e-01 1.540963562904026141e+00
8.913183322763530425e-01 8.153254394294670027e-01 -1.830707931558160695e+00
1.541451426618327403e-01 1.779599159688221577e-01 1.063515733990919365e+00
6.873945103962723069e-01 6.072617255771169953e-01 -2.183111644888080516e+00
5.651586320242906192e-01 5.460535030790583111e-01 -1.903299021539234914e+00
4.730753828214567802e-01 5.034723802681673188e-01 -2.019612105185649931e+00
8.400130019522659142e-01 6.893940045499684643e-01 -1.864664170287593015e+00
9.788385358666420455e-01 1.162399361938441927e-01 7.758593468326206999e-01
4.290154411563814607e-01 5.076587619584848055e-01 -1.778850682478397616e+00
3.874354955980967019e-01 9.791392771390031169e-02 1.570289847997756283e+00
1.559803505375285670e-01 1.559803505375285670e-01 4.977573387548561712e-01
4.969916524022096604e-01 5.157377670978572359e-01 -2.111684180565510882e+00
3.858716660103597706e-01 4.402087566709964039e-01 -1.684439556486172940e+00
1.106874993757093195e-01 7.109203125338301454e-01 2.696294553298100860e-01
1.435634024055246760e-01 7.380251566888239578e-01 -4.000827244099204316e-01
2.002445186832654267e-01 2.002445186832654267e-01 1.962312830917555040e+00
4.220098093705025866e-01 4.643119036056159721e-01 -1.487820766554213359e+00
6.884983742253337757e-01 1.516685198591043449e-01 1.616121251638893863e+00
3.172097249985584289e-01 1.061657317077450563e-01 1.739646081215209916e+00
8.358993868541865213e-01 3.924347040950918464e-01 1.039973740780741007e+00
2.066151887180955882e-03 9.121577450246221019e-04 1.314683732367095681e-01
7.540741010693265967e-01 6.496914673268565643e-01 -1.281183365756471959e+00
5.653822823378865103e-02 6.242381935624415901e-01 1.229669859151681255e+00
1.085193232939400676e-01 2.257598746583800720e-01 -3.138461559483796126e+00
3.298159040282367394e-01 3.527781782647745334e-01 3.295828424031653769e-01
8.636896010882953723e-02 6.853913359529471006e-01 7.589738850713780849e-01
9.597676921117864746e-01 9.895925750535742305e-01 1.375790108839781478e+00
5.225496396145219435e-01 1.946236025110303219e-02 2.540229186226513391e+00
8.262002826834990987e-02 3.255048074585085716e-01 -1.644230483814294486e+00
2.352339518416997899e-01 2.569332221884785272e-01 -1.748494726141536448e+00
