9.630130754232082424e-01 2.409866621836069811e-01 1.226939257031996577e+00
3.345086424147378779e-01 1.145262877415043068e-01 1.653236477003872995e+00
3.885796679754728311e-01 8.261847287758905534e-02 1.457100653245916089e+00
3.024686638138692207e-01 1.663717206373151458e-01 1.691623992977313806e+00
3.259026472541621811e-01 1.393352032802364360e-01 2.005853964161695480e+00
7.033495688551815173e-01 6.450489144801996311e-01 -1.306970245213405990e+00
9.172502537815402368e-01 2.028108900657340508e-01 8.191803943365070229e-01
3.720476282217498598e-01 3.921201853554714956e-01 -1.474226945995678939e+00
7.189514302831053749e-01 7.189514302831053749e-01 -1.640073630547874028e+00
6.643018483813939445e-02 1.148930194023787960e-01 1.038303153381935795e+00
4.826020888236672857e-01 4.829650798126673972e-01 -1.879924722267464654e+00
4.268583424937683751e-02 8.458775829180947836e-02 1.419119470916056613e+00
8.139545362322404554e-01 6.759000740059561974e-01 -1.982210537400136641e+00
9.202614578198721473e-02 2.711766725903877462e-01 9.434963273211228740e-01
4.320927392303962611e-01 4.320927392303962611e-01 3.416528716784252850e-01
7.749121403788700180e-01 7.513518942265958733e-01 -1.351741510272254310e+00
7.914313248541225976e-01 1.858004554172672518e-01 1.020417970915406869e+00
9.573777091925755878e-01 3.797461888918136075e-01 1.292003188007010639e+00
3.966365351344418033e-01 2.645194875801600287e-01 1.868679225323224724e+00
8.921105064397023554e-01 8.053568658055766383e-01 -1.491495822126630122e+00
1.512625429811426669e-01 1.875354378387196763e-01 1.863205499559305700e+00
6.855452223194252737e-01 5.974342063780092582e-01 -1.756795746834784344e+00
5.631052880411285821e-01 5.362665843358167539e-01 -1.777601700668760554e+00
4.722750526608280319e-01 4.935044581359480098e-01 -1.650915029096710951e+00
8.344100930916870107e-01 6.811110453987926361e-01 -2.165533271255252856e+00
9.866125745607675634e-01 1.225299538712629061e-01 6.802684847138373847e-01
4.290748799032682026e-01 4.976589386082766464e-01 -1.564852417106499027e+00
3.881039108764497980e-01 1.078915637573559100e-01 1.503904926308614831e+00
1.577797408178470973e-01 1.658171281917756590e-01 1.389871859580104951e+00
4.928520027902494882e-01 5.066348389376332806e-01 -1.997601795993392271e+00
3.902381463366124126e-01 4.312124324460449576e-01 -1.118926967135112971e+00
5.136370623159762783e-01 5.136370623159762783e-01 3.204446838641947792e-01
1.534575157869804973e-01 7.365737710078635869e-01 -1.456530221155071247e-01
2.028601184496242049e-01 2.098963909297378305e-01 1.306158234455445433e+00
4.221542713708929528e-01 4.543129471235403116e-01 -1.556349624239262930e+00
6.875372184461407965e-01 1.616222216613548146e-01 1.667060512562772878e+00
3.216571085883918046e-01 1.151223370470954993e-01 1.109914207892263249e+00
8.343946454329668194e-01 4.023208435466303357e-01 1.721844184992948446e+00
9.841589808726042277e-03 7.200445678015496807e-03 6.800460020588319221e-01
7.487396604498124386e-01 6.412331138655216201e-01 -2.133463476305453632e+00
6.749864139530920015e-02 6.344787669511130490e-01 7.514580753575812455e-01
9.445189332041627195e-02 2.205533965839036048e-01 -2.787117136065717204e+00
3.434224757047784626e-01 3.590917515169932406e-01 4.344426406954119968e-01
9.721114334043397254e-02 6.957570034554437788e-01 7.629331069460429937e-01
9.656708225167895954e-01 3.382174446650454414e-03 1.166314963674748295e+00
5.080463036795094256e-01 2.329031620123794832e-02 2.883541144122710786e+00
8.666406052924610637e-02 3.110602305151421998e-01 -1.297816466614918340e+00
2.338087347331015975e-01 2.420010838220770510e-01 -1.665954345776365031e+00
